rl	V(vo)
1.000000000000000e-01	1.278781e-01
2.000000000000000e-01	2.530665e-01
3.000000000000000e-01	3.756345e-01
4.000000000000000e-01	4.956470e-01
5.000000000000000e-01	6.131702e-01
6.000000000000000e-01	7.282665e-01
7.000000000000000e-01	8.409984e-01
7.999999999999999e-01	9.514207e-01
8.999999999999999e-01	1.059594e+00
9.999999999999999e-01	1.165573e+00
1.100000000000000e+00	1.269413e+00
1.200000000000000e+00	1.371166e+00
1.300000000000000e+00	1.470882e+00
1.400000000000000e+00	1.568612e+00
1.500000000000000e+00	1.664403e+00
1.600000000000000e+00	1.758303e+00
1.700000000000000e+00	1.850359e+00
1.800000000000000e+00	1.940608e+00
1.900000000000001e+00	2.029101e+00
2.000000000000000e+00	2.115877e+00
2.100000000000001e+00	2.200977e+00
2.200000000000001e+00	2.284440e+00
2.300000000000001e+00	2.366306e+00
2.400000000000001e+00	2.446611e+00
2.500000000000001e+00	2.525392e+00
2.600000000000001e+00	2.602685e+00
2.700000000000001e+00	2.678526e+00
2.800000000000001e+00	2.752939e+00
2.900000000000001e+00	2.825970e+00
3.000000000000001e+00	2.897645e+00
3.100000000000001e+00	2.967994e+00
3.200000000000002e+00	3.037050e+00
3.300000000000002e+00	3.104841e+00
3.400000000000002e+00	3.171398e+00
3.500000000000002e+00	3.236745e+00
3.600000000000002e+00	3.300904e+00
3.700000000000002e+00	3.363914e+00
3.800000000000002e+00	3.425794e+00
3.900000000000002e+00	3.486572e+00
4.000000000000002e+00	3.546269e+00
4.100000000000001e+00	3.604912e+00
4.200000000000001e+00	3.662523e+00
4.300000000000001e+00	3.719126e+00
4.400000000000000e+00	3.774736e+00
4.500000000000000e+00	3.829383e+00
4.600000000000000e+00	3.883087e+00
4.699999999999999e+00	3.935866e+00
4.799999999999999e+00	3.987740e+00
4.899999999999999e+00	4.038730e+00
4.999999999999998e+00	4.088854e+00
5.099999999999998e+00	4.138132e+00
5.199999999999998e+00	4.186579e+00
5.299999999999997e+00	4.234216e+00
5.399999999999997e+00	4.281058e+00
5.499999999999996e+00	4.327122e+00
5.599999999999996e+00	4.372425e+00
5.699999999999996e+00	4.416981e+00
5.799999999999995e+00	4.460804e+00
5.899999999999995e+00	4.503900e+00
5.999999999999995e+00	4.546263e+00
6.099999999999994e+00	4.587849e+00
6.199999999999994e+00	4.628520e+00
6.299999999999994e+00	4.667913e+00
6.399999999999993e+00	4.705216e+00
6.499999999999993e+00	4.739041e+00
6.599999999999993e+00	4.767923e+00
6.699999999999992e+00	4.791350e+00
6.799999999999992e+00	4.809980e+00
6.899999999999991e+00	4.824919e+00
6.999999999999991e+00	4.837154e+00
7.099999999999991e+00	4.847409e+00
7.199999999999990e+00	4.856189e+00
7.299999999999990e+00	4.863842e+00
7.399999999999990e+00	4.870613e+00
7.499999999999989e+00	4.876678e+00
7.599999999999989e+00	4.882167e+00
7.699999999999989e+00	4.887178e+00
7.799999999999988e+00	4.891785e+00
7.899999999999988e+00	4.896046e+00
7.999999999999988e+00	4.900008e+00
8.099999999999987e+00	4.903710e+00
8.199999999999987e+00	4.907193e+00
8.299999999999986e+00	4.910460e+00
8.399999999999986e+00	4.913543e+00
8.499999999999986e+00	4.916461e+00
8.599999999999985e+00	4.919230e+00
8.699999999999985e+00	4.921864e+00
8.799999999999985e+00	4.924374e+00
8.899999999999984e+00	4.926769e+00
8.999999999999984e+00	4.929060e+00
9.099999999999984e+00	4.931254e+00
9.199999999999983e+00	4.933358e+00
9.299999999999983e+00	4.935378e+00
9.399999999999983e+00	4.937320e+00
9.499999999999982e+00	4.939189e+00
9.599999999999982e+00	4.940989e+00
9.699999999999982e+00	4.942725e+00
9.799999999999981e+00	4.944401e+00
9.899999999999981e+00	4.946020e+00
9.999999999999980e+00	4.947585e+00
1.009999999999998e+01	4.949099e+00
1.019999999999998e+01	4.950570e+00
1.029999999999998e+01	4.951985e+00
1.039999999999998e+01	4.953361e+00
1.049999999999998e+01	4.954697e+00
1.059999999999998e+01	4.955992e+00
1.069999999999998e+01	4.957250e+00
1.079999999999998e+01	4.958473e+00
1.089999999999998e+01	4.959661e+00
1.099999999999998e+01	4.960817e+00
1.109999999999998e+01	4.961941e+00
1.119999999999998e+01	4.963036e+00
1.129999999999998e+01	4.964102e+00
1.139999999999998e+01	4.965140e+00
1.149999999999998e+01	4.966155e+00
1.159999999999997e+01	4.967140e+00
1.169999999999997e+01	4.968102e+00
1.179999999999997e+01	4.969040e+00
1.189999999999997e+01	4.969956e+00
1.199999999999997e+01	4.970851e+00
1.209999999999997e+01	4.971725e+00
1.219999999999997e+01	4.972578e+00
1.229999999999997e+01	4.973412e+00
1.239999999999997e+01	4.974227e+00
1.249999999999997e+01	4.975025e+00
1.259999999999997e+01	4.975804e+00
1.269999999999997e+01	4.976567e+00
1.279999999999997e+01	4.977314e+00
1.289999999999997e+01	4.978044e+00
1.299999999999997e+01	4.978759e+00
1.309999999999997e+01	4.979460e+00
1.319999999999997e+01	4.980146e+00
1.329999999999997e+01	4.980818e+00
1.339999999999997e+01	4.981477e+00
1.349999999999997e+01	4.982122e+00
1.359999999999997e+01	4.982756e+00
1.369999999999997e+01	4.983376e+00
1.379999999999997e+01	4.983985e+00
1.389999999999997e+01	4.984582e+00
1.399999999999997e+01	4.985168e+00
1.409999999999997e+01	4.985743e+00
1.419999999999997e+01	4.986308e+00
1.429999999999997e+01	4.986862e+00
1.439999999999996e+01	4.987406e+00
1.449999999999996e+01	4.987940e+00
1.459999999999996e+01	4.988465e+00
1.469999999999996e+01	4.988980e+00
1.479999999999996e+01	4.989487e+00
1.489999999999996e+01	4.989985e+00
1.499999999999996e+01	4.990474e+00
1.509999999999996e+01	4.990954e+00
1.519999999999996e+01	4.991427e+00
1.529999999999996e+01	4.991892e+00
1.539999999999996e+01	4.992350e+00
1.549999999999996e+01	4.992799e+00
1.559999999999996e+01	4.993241e+00
1.569999999999996e+01	4.993682e+00
1.579999999999996e+01	4.994110e+00
1.589999999999996e+01	4.994531e+00
1.599999999999996e+01	4.994945e+00
1.609999999999996e+01	4.995353e+00
1.619999999999996e+01	4.995755e+00
1.629999999999996e+01	4.996150e+00
1.639999999999996e+01	4.996540e+00
1.649999999999996e+01	4.996923e+00
1.659999999999997e+01	4.997301e+00
1.669999999999997e+01	4.997674e+00
1.679999999999997e+01	4.998040e+00
1.689999999999997e+01	4.998402e+00
1.699999999999997e+01	4.998758e+00
1.709999999999997e+01	4.999109e+00
1.719999999999997e+01	4.999455e+00
1.729999999999998e+01	4.999796e+00
1.739999999999998e+01	5.000133e+00
1.749999999999998e+01	5.000464e+00
1.759999999999998e+01	5.000792e+00
1.769999999999998e+01	5.001114e+00
1.779999999999998e+01	5.001432e+00
1.789999999999998e+01	5.001746e+00
1.799999999999999e+01	5.002055e+00
1.809999999999999e+01	5.002360e+00
1.819999999999999e+01	5.002662e+00
1.829999999999999e+01	5.002959e+00
1.839999999999999e+01	5.003253e+00
1.849999999999999e+01	5.003542e+00
1.859999999999999e+01	5.003828e+00
1.870000000000000e+01	5.004110e+00
1.880000000000000e+01	5.004388e+00
1.890000000000000e+01	5.004663e+00
1.900000000000000e+01	5.004934e+00
1.910000000000000e+01	5.005202e+00
1.920000000000000e+01	5.005467e+00
1.930000000000000e+01	5.005728e+00
1.940000000000001e+01	5.005987e+00
1.950000000000001e+01	5.006241e+00
1.960000000000001e+01	5.006493e+00
1.970000000000001e+01	5.006742e+00
1.980000000000001e+01	5.006988e+00
1.990000000000001e+01	5.007231e+00
2.000000000000001e+01	5.007471e+00
2.010000000000002e+01	5.007708e+00
2.020000000000002e+01	5.007942e+00
2.030000000000002e+01	5.008174e+00
2.040000000000002e+01	5.008403e+00
2.050000000000002e+01	5.008629e+00
2.060000000000002e+01	5.008853e+00
2.070000000000002e+01	5.009074e+00
2.080000000000003e+01	5.009293e+00
2.090000000000003e+01	5.009509e+00
2.100000000000003e+01	5.009723e+00
2.110000000000003e+01	5.009934e+00
2.120000000000003e+01	5.010143e+00
2.130000000000003e+01	5.010350e+00
2.140000000000003e+01	5.010554e+00
2.150000000000004e+01	5.010756e+00
2.160000000000004e+01	5.010957e+00
2.170000000000004e+01	5.011155e+00
2.180000000000004e+01	5.011350e+00
2.190000000000004e+01	5.011544e+00
2.200000000000004e+01	5.011736e+00
2.210000000000004e+01	5.011925e+00
2.220000000000005e+01	5.012136e+00
2.230000000000005e+01	5.012320e+00
2.240000000000005e+01	5.012502e+00
2.250000000000005e+01	5.012683e+00
2.260000000000005e+01	5.012862e+00
2.270000000000005e+01	5.013039e+00
2.280000000000005e+01	5.013214e+00
2.290000000000006e+01	5.013388e+00
2.300000000000006e+01	5.013560e+00
2.310000000000006e+01	5.013730e+00
2.320000000000006e+01	5.013899e+00
2.330000000000006e+01	5.014066e+00
2.340000000000006e+01	5.014231e+00
2.350000000000006e+01	5.014395e+00
2.360000000000007e+01	5.014557e+00
2.370000000000007e+01	5.014718e+00
2.380000000000007e+01	5.014877e+00
2.390000000000007e+01	5.015035e+00
2.400000000000007e+01	5.015191e+00
2.410000000000007e+01	5.015346e+00
2.420000000000007e+01	5.015499e+00
2.430000000000008e+01	5.015651e+00
2.440000000000008e+01	5.015801e+00
2.450000000000008e+01	5.015951e+00
2.460000000000008e+01	5.016098e+00
2.470000000000008e+01	5.016245e+00
2.480000000000008e+01	5.016390e+00
2.490000000000008e+01	5.016534e+00
2.500000000000009e+01	5.016676e+00
2.510000000000009e+01	5.016818e+00
2.520000000000009e+01	5.016958e+00
2.530000000000009e+01	5.017097e+00
2.540000000000009e+01	5.017234e+00
2.550000000000009e+01	5.017370e+00
2.560000000000009e+01	5.017505e+00
2.570000000000010e+01	5.017639e+00
2.580000000000010e+01	5.017772e+00
2.590000000000010e+01	5.017904e+00
2.600000000000010e+01	5.018034e+00
2.610000000000010e+01	5.018164e+00
2.620000000000010e+01	5.018292e+00
2.630000000000010e+01	5.018419e+00
2.640000000000011e+01	5.018545e+00
2.650000000000011e+01	5.018671e+00
2.660000000000011e+01	5.018795e+00
2.670000000000011e+01	5.018918e+00
2.680000000000011e+01	5.019040e+00
2.690000000000011e+01	5.019160e+00
2.700000000000011e+01	5.019280e+00
2.710000000000012e+01	5.019399e+00
2.720000000000012e+01	5.019517e+00
2.730000000000012e+01	5.019634e+00
2.740000000000012e+01	5.019751e+00
2.750000000000012e+01	5.019866e+00
2.760000000000012e+01	5.019980e+00
2.770000000000012e+01	5.020093e+00
2.780000000000013e+01	5.020205e+00
2.790000000000013e+01	5.020317e+00
2.800000000000013e+01	5.020428e+00
2.810000000000013e+01	5.020537e+00
2.820000000000013e+01	5.020647e+00
2.830000000000013e+01	5.020754e+00
2.840000000000013e+01	5.020862e+00
2.850000000000014e+01	5.020968e+00
2.860000000000014e+01	5.021073e+00
2.870000000000014e+01	5.021178e+00
2.880000000000014e+01	5.021282e+00
2.890000000000014e+01	5.021456e+00
2.900000000000014e+01	5.021554e+00
2.910000000000014e+01	5.021650e+00
2.920000000000014e+01	5.021747e+00
2.930000000000015e+01	5.021842e+00
2.940000000000015e+01	5.021937e+00
2.950000000000015e+01	5.022031e+00
2.960000000000015e+01	5.022125e+00
2.970000000000015e+01	5.022218e+00
2.980000000000015e+01	5.022311e+00
2.990000000000015e+01	5.022403e+00
3.000000000000016e+01	5.022495e+00
3.010000000000016e+01	5.022586e+00
3.020000000000016e+01	5.022678e+00
3.030000000000016e+01	5.022769e+00
3.040000000000016e+01	5.022860e+00
3.050000000000016e+01	5.022950e+00
3.060000000000016e+01	5.023039e+00
3.070000000000017e+01	5.023129e+00
3.080000000000017e+01	5.023217e+00
3.090000000000017e+01	5.023304e+00
3.100000000000017e+01	5.023392e+00
3.110000000000017e+01	5.023479e+00
3.120000000000017e+01	5.023565e+00
3.130000000000017e+01	5.023652e+00
3.140000000000018e+01	5.023737e+00
3.150000000000018e+01	5.023822e+00
3.160000000000018e+01	5.023906e+00
3.170000000000018e+01	5.023990e+00
3.180000000000018e+01	5.024074e+00
3.190000000000018e+01	5.024156e+00
3.200000000000018e+01	5.024238e+00
3.210000000000019e+01	5.024320e+00
3.220000000000019e+01	5.024401e+00
3.230000000000019e+01	5.024482e+00
3.240000000000019e+01	5.024562e+00
3.250000000000019e+01	5.024642e+00
3.260000000000019e+01	5.024721e+00
3.270000000000019e+01	5.024799e+00
3.280000000000020e+01	5.024877e+00
3.290000000000020e+01	5.024955e+00
3.300000000000020e+01	5.025032e+00
3.310000000000020e+01	5.025108e+00
3.320000000000020e+01	5.025184e+00
3.330000000000020e+01	5.025260e+00
3.340000000000020e+01	5.025335e+00
3.350000000000021e+01	5.025410e+00
3.360000000000021e+01	5.025484e+00
3.370000000000021e+01	5.025558e+00
3.380000000000021e+01	5.025631e+00
3.390000000000021e+01	5.025704e+00
3.400000000000021e+01	5.025776e+00
3.410000000000021e+01	5.025848e+00
3.420000000000022e+01	5.025919e+00
3.430000000000022e+01	5.025990e+00
3.440000000000022e+01	5.026061e+00
3.450000000000022e+01	5.026131e+00
3.460000000000022e+01	5.026201e+00
3.470000000000022e+01	5.026270e+00
3.480000000000022e+01	5.026339e+00
3.490000000000023e+01	5.026407e+00
3.500000000000023e+01	5.026475e+00
3.510000000000023e+01	5.026543e+00
3.520000000000023e+01	5.026610e+00
3.530000000000023e+01	5.026677e+00
3.540000000000023e+01	5.026743e+00
3.550000000000023e+01	5.026809e+00
3.560000000000024e+01	5.026875e+00
3.570000000000024e+01	5.026940e+00
3.580000000000024e+01	5.027005e+00
3.590000000000024e+01	5.027069e+00
3.600000000000024e+01	5.027133e+00
3.610000000000024e+01	5.027197e+00
3.620000000000024e+01	5.027260e+00
3.630000000000025e+01	5.027323e+00
3.640000000000025e+01	5.027386e+00
3.650000000000025e+01	5.027448e+00
3.660000000000025e+01	5.027510e+00
3.670000000000025e+01	5.027572e+00
3.680000000000025e+01	5.027633e+00
3.690000000000025e+01	5.027754e+00
3.700000000000026e+01	5.027812e+00
3.710000000000026e+01	5.027870e+00
3.720000000000026e+01	5.027927e+00
3.730000000000026e+01	5.027984e+00
3.740000000000026e+01	5.028041e+00
3.750000000000026e+01	5.028098e+00
3.760000000000026e+01	5.028154e+00
3.770000000000027e+01	5.028210e+00
3.780000000000027e+01	5.028266e+00
3.790000000000027e+01	5.028322e+00
3.800000000000027e+01	5.028378e+00
3.810000000000027e+01	5.028433e+00
3.820000000000027e+01	5.028488e+00
3.830000000000027e+01	5.028543e+00
3.840000000000028e+01	5.028597e+00
3.850000000000028e+01	5.028651e+00
3.860000000000028e+01	5.028705e+00
3.870000000000028e+01	5.028759e+00
3.880000000000028e+01	5.028812e+00
3.890000000000028e+01	5.028865e+00
3.900000000000028e+01	5.028919e+00
3.910000000000029e+01	5.028971e+00
3.920000000000029e+01	5.029024e+00
3.930000000000029e+01	5.029076e+00
3.940000000000029e+01	5.029128e+00
3.950000000000029e+01	5.029180e+00
3.960000000000029e+01	5.029232e+00
3.970000000000029e+01	5.029283e+00
3.980000000000030e+01	5.029334e+00
3.990000000000030e+01	5.029385e+00
4.000000000000030e+01	5.029436e+00
4.010000000000030e+01	5.029486e+00
4.020000000000030e+01	5.029536e+00
4.030000000000030e+01	5.029586e+00
4.040000000000030e+01	5.029635e+00
4.050000000000031e+01	5.029685e+00
4.060000000000031e+01	5.029734e+00
4.070000000000031e+01	5.029783e+00
4.080000000000031e+01	5.029832e+00
4.090000000000031e+01	5.029881e+00
4.100000000000031e+01	5.029929e+00
4.110000000000031e+01	5.029977e+00
4.120000000000032e+01	5.030025e+00
4.130000000000032e+01	5.030072e+00
4.140000000000032e+01	5.030120e+00
4.150000000000032e+01	5.030167e+00
4.160000000000032e+01	5.030214e+00
4.170000000000032e+01	5.030261e+00
4.180000000000032e+01	5.030307e+00
4.190000000000033e+01	5.030354e+00
4.200000000000033e+01	5.030399e+00
4.210000000000033e+01	5.030445e+00
4.220000000000033e+01	5.030491e+00
4.230000000000033e+01	5.030536e+00
4.240000000000033e+01	5.030581e+00
4.250000000000033e+01	5.030627e+00
4.260000000000034e+01	5.030672e+00
4.270000000000034e+01	5.030716e+00
4.280000000000034e+01	5.030760e+00
4.290000000000034e+01	5.030805e+00
4.300000000000034e+01	5.030849e+00
4.310000000000034e+01	5.030892e+00
4.320000000000034e+01	5.030936e+00
4.330000000000035e+01	5.030979e+00
4.340000000000035e+01	5.031023e+00
4.350000000000035e+01	5.031065e+00
4.360000000000035e+01	5.031108e+00
4.370000000000035e+01	5.031151e+00
4.380000000000035e+01	5.031193e+00
4.390000000000035e+01	5.031235e+00
4.400000000000036e+01	5.031278e+00
4.410000000000036e+01	5.031319e+00
4.420000000000036e+01	5.031361e+00
4.430000000000036e+01	5.031402e+00
4.440000000000036e+01	5.031444e+00
4.450000000000036e+01	5.031485e+00
4.460000000000036e+01	5.031526e+00
4.470000000000037e+01	5.031566e+00
4.480000000000037e+01	5.031607e+00
4.490000000000037e+01	5.031647e+00
4.500000000000037e+01	5.031687e+00
4.510000000000037e+01	5.031727e+00
4.520000000000037e+01	5.031767e+00
4.530000000000037e+01	5.031806e+00
4.540000000000038e+01	5.031846e+00
4.550000000000038e+01	5.031885e+00
4.560000000000038e+01	5.031924e+00
4.570000000000038e+01	5.031963e+00
4.580000000000038e+01	5.032002e+00
4.590000000000038e+01	5.032041e+00
4.600000000000038e+01	5.032079e+00
4.610000000000039e+01	5.032117e+00
4.620000000000039e+01	5.032156e+00
4.630000000000039e+01	5.032193e+00
4.640000000000039e+01	5.032231e+00
4.650000000000039e+01	5.032269e+00
4.660000000000039e+01	5.032306e+00
4.670000000000039e+01	5.032343e+00
4.680000000000040e+01	5.032381e+00
4.690000000000040e+01	5.032417e+00
4.700000000000040e+01	5.032454e+00
4.710000000000040e+01	5.032491e+00
4.720000000000040e+01	5.032527e+00
4.730000000000040e+01	5.032564e+00
4.740000000000040e+01	5.032600e+00
4.750000000000041e+01	5.032636e+00
4.760000000000041e+01	5.032671e+00
4.770000000000041e+01	5.032707e+00
4.780000000000041e+01	5.032743e+00
4.790000000000041e+01	5.032778e+00
4.800000000000041e+01	5.032814e+00
4.810000000000041e+01	5.032849e+00
4.820000000000041e+01	5.032884e+00
4.830000000000042e+01	5.032918e+00
4.840000000000042e+01	5.032953e+00
4.850000000000042e+01	5.032988e+00
4.860000000000042e+01	5.033022e+00
4.870000000000042e+01	5.033056e+00
4.880000000000042e+01	5.033091e+00
4.890000000000042e+01	5.033124e+00
4.900000000000043e+01	5.033158e+00
4.910000000000043e+01	5.033192e+00
4.920000000000043e+01	5.033226e+00
4.930000000000043e+01	5.033259e+00
4.940000000000043e+01	5.033292e+00
4.950000000000043e+01	5.033325e+00
4.960000000000043e+01	5.033358e+00
4.970000000000044e+01	5.033391e+00
4.980000000000044e+01	5.033424e+00
4.990000000000044e+01	5.033456e+00
5.000000000000000e+01	5.033489e+00
