vreg	V(vo)
0.000000000000000e+00	7.698479e-12
1.000000000000000e-02	6.830905e-10
2.000000000000000e-02	1.586339e-09
3.000000000000000e-02	2.785938e-09
4.000000000000000e-02	4.364437e-09
5.000000000000000e-02	6.416436e-09
6.000000000000000e-02	9.042438e-09
7.000000000000001e-02	1.233683e-08
8.000000000000000e-02	1.636927e-08
9.000000000000000e-02	2.116127e-08
9.999999999999999e-02	2.666412e-08
1.100000000000000e-01	3.274770e-08
1.200000000000000e-01	3.921000e-08
1.300000000000000e-01	4.581011e-08
1.400000000000000e-01	5.231676e-08
1.500000000000000e-01	5.855525e-08
1.600000000000000e-01	6.443720e-08
1.700000000000000e-01	6.996506e-08
1.800000000000000e-01	7.521734e-08
1.900000000000000e-01	8.031719e-08
2.000000000000000e-01	8.540262e-08
2.100000000000000e-01	9.059623e-08
2.200000000000001e-01	9.598425e-08
2.300000000000001e-01	1.016044e-07
2.400000000000001e-01	1.074300e-07
2.500000000000001e-01	1.134011e-07
2.600000000000001e-01	1.193942e-07
2.700000000000001e-01	1.252749e-07
2.800000000000001e-01	1.308936e-07
2.900000000000001e-01	1.361262e-07
3.000000000000001e-01	1.408641e-07
3.100000000000001e-01	1.450553e-07
3.200000000000001e-01	1.487064e-07
3.300000000000001e-01	1.518413e-07
3.400000000000001e-01	1.545021e-07
3.500000000000001e-01	1.567817e-07
3.600000000000002e-01	1.587226e-07
3.700000000000002e-01	1.603963e-07
3.800000000000002e-01	1.618815e-07
3.900000000000002e-01	1.631893e-07
4.000000000000002e-01	1.643973e-07
4.100000000000002e-01	1.655076e-07
4.200000000000002e-01	1.665555e-07
4.300000000000002e-01	1.675440e-07
4.400000000000002e-01	1.685075e-07
4.500000000000002e-01	1.694444e-07
4.600000000000002e-01	1.703483e-07
4.700000000000003e-01	1.712522e-07
4.800000000000003e-01	1.721361e-07
4.900000000000003e-01	1.730278e-07
5.000000000000002e-01	1.739094e-07
5.100000000000002e-01	1.747847e-07
5.200000000000002e-01	1.756703e-07
5.300000000000002e-01	1.765376e-07
5.400000000000003e-01	1.774242e-07
5.500000000000003e-01	1.783028e-07
5.600000000000003e-01	1.791789e-07
5.700000000000003e-01	1.800557e-07
5.800000000000003e-01	1.809321e-07
5.900000000000003e-01	1.818299e-07
6.000000000000003e-01	1.827048e-07
6.100000000000003e-01	1.835879e-07
6.200000000000003e-01	1.844913e-07
6.300000000000003e-01	1.853667e-07
6.400000000000003e-01	1.862621e-07
6.500000000000004e-01	1.871533e-07
6.600000000000004e-01	1.880453e-07
6.700000000000004e-01	1.889497e-07
6.800000000000004e-01	1.898460e-07
6.900000000000004e-01	1.907485e-07
7.000000000000004e-01	1.916459e-07
7.100000000000004e-01	1.925566e-07
7.200000000000004e-01	1.934668e-07
7.300000000000004e-01	1.943620e-07
7.400000000000004e-01	1.952882e-07
7.500000000000004e-01	1.961842e-07
7.600000000000005e-01	1.971006e-07
7.700000000000005e-01	1.980273e-07
7.800000000000005e-01	1.989288e-07
7.900000000000005e-01	1.998429e-07
8.000000000000005e-01	2.007709e-07
8.100000000000005e-01	2.017108e-07
8.200000000000005e-01	2.026225e-07
8.300000000000005e-01	2.035500e-07
8.400000000000005e-01	2.044874e-07
8.500000000000005e-01	2.054131e-07
8.600000000000005e-01	2.063484e-07
8.700000000000006e-01	2.072786e-07
8.800000000000006e-01	2.082081e-07
8.900000000000006e-01	2.091525e-07
9.000000000000006e-01	2.100833e-07
9.100000000000006e-01	2.110271e-07
9.200000000000006e-01	2.119622e-07
9.300000000000006e-01	2.128982e-07
9.400000000000006e-01	2.138425e-07
9.500000000000006e-01	2.147955e-07
9.600000000000006e-01	2.157381e-07
9.700000000000006e-01	2.167002e-07
9.800000000000006e-01	2.176419e-07
9.900000000000007e-01	2.185897e-07
1.000000000000001e+00	2.195442e-07
1.010000000000001e+00	2.205003e-07
1.020000000000001e+00	2.214658e-07
1.030000000000001e+00	2.224268e-07
1.040000000000001e+00	2.233880e-07
1.050000000000001e+00	2.243345e-07
1.060000000000001e+00	2.253009e-07
1.070000000000001e+00	2.262661e-07
1.080000000000001e+00	2.272283e-07
1.090000000000001e+00	2.281999e-07
1.100000000000001e+00	2.291676e-07
1.110000000000001e+00	2.301640e-07
1.120000000000001e+00	2.311196e-07
1.130000000000001e+00	2.321073e-07
1.140000000000001e+00	2.330703e-07
1.150000000000001e+00	2.340649e-07
1.160000000000001e+00	2.350341e-07
1.170000000000001e+00	2.360204e-07
1.180000000000001e+00	2.370015e-07
1.190000000000001e+00	2.379847e-07
1.200000000000001e+00	2.389675e-07
1.210000000000001e+00	2.399450e-07
1.220000000000001e+00	2.409375e-07
1.230000000000001e+00	2.419198e-07
1.240000000000001e+00	2.429192e-07
1.250000000000001e+00	2.438961e-07
1.260000000000001e+00	2.449019e-07
1.270000000000001e+00	2.458903e-07
1.280000000000001e+00	2.468910e-07
1.290000000000001e+00	2.478795e-07
1.300000000000001e+00	2.488817e-07
1.310000000000001e+00	2.498803e-07
1.320000000000001e+00	2.508815e-07
1.330000000000001e+00	2.518990e-07
1.340000000000001e+00	2.528906e-07
1.350000000000001e+00	2.538941e-07
1.360000000000001e+00	2.549120e-07
1.370000000000001e+00	2.559235e-07
1.380000000000001e+00	2.569275e-07
1.390000000000001e+00	2.579418e-07
1.400000000000001e+00	2.589576e-07
1.410000000000001e+00	2.599698e-07
1.420000000000001e+00	2.609930e-07
1.430000000000001e+00	2.620024e-07
1.440000000000001e+00	2.630136e-07
1.450000000000001e+00	2.640346e-07
1.460000000000001e+00	2.650602e-07
1.470000000000001e+00	2.660886e-07
1.480000000000001e+00	2.671028e-07
1.490000000000001e+00	2.681337e-07
1.500000000000001e+00	2.691620e-07
1.510000000000001e+00	2.701852e-07
1.520000000000001e+00	2.712014e-07
1.530000000000001e+00	2.722477e-07
1.540000000000001e+00	2.732720e-07
1.550000000000001e+00	2.743108e-07
1.560000000000001e+00	2.753515e-07
1.570000000000001e+00	2.763893e-07
1.580000000000001e+00	2.774241e-07
1.590000000000001e+00	2.784705e-07
1.600000000000001e+00	2.794939e-07
1.610000000000001e+00	2.805446e-07
1.620000000000001e+00	2.815929e-07
1.630000000000001e+00	2.826355e-07
1.640000000000001e+00	2.836755e-07
1.650000000000001e+00	2.847360e-07
1.660000000000001e+00	2.857994e-07
1.670000000000001e+00	2.868514e-07
1.680000000000001e+00	2.879335e-07
1.690000000000001e+00	2.890044e-07
1.700000000000001e+00	2.900989e-07
1.710000000000001e+00	2.912061e-07
1.720000000000001e+00	2.923570e-07
1.730000000000001e+00	2.935382e-07
1.740000000000001e+00	2.948016e-07
1.750000000000001e+00	2.961444e-07
1.760000000000001e+00	2.976100e-07
1.770000000000001e+00	2.992884e-07
1.780000000000001e+00	3.012349e-07
1.790000000000001e+00	3.036363e-07
1.800000000000001e+00	3.066273e-07
1.810000000000001e+00	3.105354e-07
1.820000000000001e+00	3.157710e-07
1.830000000000001e+00	3.230003e-07
1.840000000000001e+00	3.331207e-07
1.850000000000001e+00	3.475486e-07
1.860000000000001e+00	3.684333e-07
1.870000000000001e+00	3.988832e-07
1.880000000000001e+00	4.437281e-07
1.890000000000001e+00	5.102891e-07
1.900000000000001e+00	6.097173e-07
1.910000000000001e+00	7.588444e-07
1.920000000000001e+00	9.833295e-07
1.930000000000001e+00	1.321706e-06
1.940000000000002e+00	1.831737e-06
1.950000000000002e+00	2.599791e-06
1.960000000000002e+00	3.754477e-06
1.970000000000002e+00	5.486817e-06
1.980000000000002e+00	8.080257e-06
1.990000000000002e+00	1.195441e-05
2.000000000000001e+00	1.772990e-05
2.010000000000001e+00	2.632330e-05
2.020000000000001e+00	3.908720e-05
2.030000000000001e+00	5.801520e-05
2.040000000000000e+00	8.604355e-05
2.050000000000000e+00	1.274934e-04
2.060000000000000e+00	1.887191e-04
2.070000000000000e+00	2.790592e-04
2.080000000000000e+00	4.122295e-04
2.089999999999999e+00	6.083623e-04
2.099999999999999e+00	8.969912e-04
2.109999999999999e+00	1.321415e-03
2.119999999999999e+00	1.945072e-03
2.129999999999999e+00	2.860831e-03
2.139999999999998e+00	4.204520e-03
2.149999999999998e+00	6.174542e-03
2.159999999999998e+00	9.060216e-03
2.169999999999998e+00	1.328245e-02
2.179999999999997e+00	1.945157e-02
2.189999999999997e+00	2.844837e-02
2.199999999999997e+00	4.153549e-02
2.209999999999997e+00	6.050548e-02
2.219999999999997e+00	8.786842e-02
2.229999999999996e+00	1.270714e-01
2.239999999999996e+00	1.827205e-01
2.249999999999996e+00	2.607440e-01
2.259999999999996e+00	3.683913e-01
2.269999999999996e+00	5.139437e-01
2.279999999999995e+00	7.060418e-01
2.289999999999995e+00	8.905377e-01
2.299999999999995e+00	9.240324e-01
2.309999999999995e+00	9.419484e-01
2.319999999999995e+00	9.559297e-01
2.329999999999994e+00	9.680565e-01
2.339999999999994e+00	9.787407e-01
2.349999999999994e+00	9.884241e-01
2.359999999999994e+00	9.972929e-01
2.369999999999993e+00	1.005464e+00
2.379999999999993e+00	1.013055e+00
2.389999999999993e+00	1.020176e+00
2.399999999999993e+00	1.026924e+00
2.409999999999993e+00	1.033380e+00
2.419999999999992e+00	1.039607e+00
2.429999999999992e+00	1.045652e+00
2.439999999999992e+00	1.051546e+00
2.449999999999992e+00	1.057312e+00
2.459999999999992e+00	1.062962e+00
2.469999999999991e+00	1.068507e+00
2.479999999999991e+00	1.073954e+00
2.489999999999991e+00	1.079308e+00
2.499999999999991e+00	1.084579e+00
2.509999999999990e+00	1.089777e+00
2.519999999999990e+00	1.094915e+00
2.529999999999990e+00	1.100013e+00
2.539999999999990e+00	1.105090e+00
2.549999999999990e+00	1.110172e+00
2.559999999999989e+00	1.115283e+00
2.569999999999989e+00	1.120446e+00
2.579999999999989e+00	1.125680e+00
2.589999999999989e+00	1.131000e+00
2.599999999999989e+00	1.136410e+00
2.609999999999988e+00	1.141908e+00
2.619999999999988e+00	1.147484e+00
2.629999999999988e+00	1.153129e+00
2.639999999999988e+00	1.158828e+00
2.649999999999987e+00	1.164569e+00
2.659999999999987e+00	1.170342e+00
2.669999999999987e+00	1.176138e+00
2.679999999999987e+00	1.181952e+00
2.689999999999987e+00	1.187777e+00
2.699999999999986e+00	1.193612e+00
2.709999999999986e+00	1.199452e+00
2.719999999999986e+00	1.205297e+00
2.729999999999986e+00	1.211144e+00
2.739999999999986e+00	1.216995e+00
2.749999999999985e+00	1.222846e+00
2.759999999999985e+00	1.228699e+00
2.769999999999985e+00	1.234553e+00
2.779999999999985e+00	1.240407e+00
2.789999999999984e+00	1.246262e+00
2.799999999999984e+00	1.252118e+00
2.809999999999984e+00	1.257973e+00
2.819999999999984e+00	1.263830e+00
2.829999999999984e+00	1.269686e+00
2.839999999999983e+00	1.275543e+00
2.849999999999983e+00	1.281400e+00
2.859999999999983e+00	1.287257e+00
2.869999999999983e+00	1.293114e+00
2.879999999999983e+00	1.298972e+00
2.889999999999982e+00	1.304829e+00
2.899999999999982e+00	1.310687e+00
2.909999999999982e+00	1.316545e+00
2.919999999999982e+00	1.322404e+00
2.929999999999982e+00	1.328262e+00
2.939999999999981e+00	1.334121e+00
2.949999999999981e+00	1.339980e+00
2.959999999999981e+00	1.345839e+00
2.969999999999981e+00	1.351698e+00
2.979999999999980e+00	1.357558e+00
2.989999999999980e+00	1.363417e+00
2.999999999999980e+00	1.369277e+00
3.009999999999980e+00	1.375137e+00
3.019999999999980e+00	1.380997e+00
3.029999999999979e+00	1.386857e+00
3.039999999999979e+00	1.392717e+00
3.049999999999979e+00	1.398578e+00
3.059999999999979e+00	1.404438e+00
3.069999999999979e+00	1.410299e+00
3.079999999999978e+00	1.416160e+00
3.089999999999978e+00	1.422021e+00
3.099999999999978e+00	1.427882e+00
3.109999999999978e+00	1.433744e+00
3.119999999999977e+00	1.439605e+00
3.129999999999977e+00	1.445467e+00
3.139999999999977e+00	1.451329e+00
3.149999999999977e+00	1.457191e+00
3.159999999999977e+00	1.463053e+00
3.169999999999976e+00	1.468915e+00
3.179999999999976e+00	1.474777e+00
3.189999999999976e+00	1.480639e+00
3.199999999999976e+00	1.486502e+00
3.209999999999976e+00	1.492364e+00
3.219999999999975e+00	1.498227e+00
3.229999999999975e+00	1.504090e+00
3.239999999999975e+00	1.509953e+00
3.249999999999975e+00	1.515816e+00
3.259999999999974e+00	1.521679e+00
3.269999999999974e+00	1.527543e+00
3.279999999999974e+00	1.533406e+00
3.289999999999974e+00	1.539270e+00
3.299999999999974e+00	1.545133e+00
3.309999999999973e+00	1.550997e+00
3.319999999999973e+00	1.556861e+00
3.329999999999973e+00	1.562725e+00
3.339999999999973e+00	1.568589e+00
3.349999999999973e+00	1.574453e+00
3.359999999999972e+00	1.580317e+00
3.369999999999972e+00	1.586181e+00
3.379999999999972e+00	1.592046e+00
3.389999999999972e+00	1.597910e+00
3.399999999999971e+00	1.603775e+00
3.409999999999971e+00	1.609640e+00
3.419999999999971e+00	1.615504e+00
3.429999999999971e+00	1.621369e+00
3.439999999999971e+00	1.627234e+00
3.449999999999970e+00	1.633099e+00
3.459999999999970e+00	1.638964e+00
3.469999999999970e+00	1.644830e+00
3.479999999999970e+00	1.650695e+00
3.489999999999970e+00	1.656560e+00
3.499999999999969e+00	1.662426e+00
3.509999999999969e+00	1.668291e+00
3.519999999999969e+00	1.674157e+00
3.529999999999969e+00	1.680022e+00
3.539999999999969e+00	1.685888e+00
3.549999999999968e+00	1.691754e+00
3.559999999999968e+00	1.697620e+00
3.569999999999968e+00	1.703485e+00
3.579999999999968e+00	1.709351e+00
3.589999999999967e+00	1.715217e+00
3.599999999999967e+00	1.721084e+00
3.609999999999967e+00	1.726950e+00
3.619999999999967e+00	1.732816e+00
3.629999999999967e+00	1.738682e+00
3.639999999999966e+00	1.744549e+00
3.649999999999966e+00	1.750415e+00
3.659999999999966e+00	1.756282e+00
3.669999999999966e+00	1.762148e+00
3.679999999999966e+00	1.768015e+00
3.689999999999965e+00	1.773881e+00
3.699999999999965e+00	1.779748e+00
3.709999999999965e+00	1.785615e+00
3.719999999999965e+00	1.791482e+00
3.729999999999964e+00	1.797348e+00
3.739999999999964e+00	1.803215e+00
3.749999999999964e+00	1.809082e+00
3.759999999999964e+00	1.814949e+00
3.769999999999964e+00	1.820816e+00
3.779999999999963e+00	1.826684e+00
3.789999999999963e+00	1.832551e+00
3.799999999999963e+00	1.838418e+00
3.809999999999963e+00	1.844285e+00
3.819999999999963e+00	1.850152e+00
3.829999999999962e+00	1.856020e+00
3.839999999999962e+00	1.861887e+00
3.849999999999962e+00	1.867755e+00
3.859999999999962e+00	1.873622e+00
3.869999999999961e+00	1.879490e+00
3.879999999999961e+00	1.885357e+00
3.889999999999961e+00	1.891225e+00
3.899999999999961e+00	1.897092e+00
3.909999999999961e+00	1.902960e+00
3.919999999999960e+00	1.908828e+00
3.929999999999960e+00	1.914695e+00
3.939999999999960e+00	1.920563e+00
3.949999999999960e+00	1.926431e+00
3.959999999999960e+00	1.932299e+00
3.969999999999959e+00	1.938166e+00
3.979999999999959e+00	1.944034e+00
3.989999999999959e+00	1.949902e+00
3.999999999999959e+00	1.955770e+00
4.009999999999959e+00	1.961638e+00
4.019999999999959e+00	1.967506e+00
4.029999999999959e+00	1.973374e+00
4.039999999999958e+00	1.979242e+00
4.049999999999958e+00	1.985110e+00
4.059999999999958e+00	1.990978e+00
4.069999999999958e+00	1.996847e+00
4.079999999999957e+00	2.002715e+00
4.089999999999957e+00	2.008583e+00
4.099999999999957e+00	2.014451e+00
4.109999999999957e+00	2.020319e+00
4.119999999999957e+00	2.026188e+00
4.129999999999956e+00	2.032056e+00
4.139999999999956e+00	2.037924e+00
4.149999999999956e+00	2.043793e+00
4.159999999999956e+00	2.049661e+00
4.169999999999956e+00	2.055529e+00
4.179999999999955e+00	2.061398e+00
4.189999999999955e+00	2.067266e+00
4.199999999999955e+00	2.073135e+00
4.209999999999955e+00	2.079003e+00
4.219999999999954e+00	2.084872e+00
4.229999999999954e+00	2.090740e+00
4.239999999999954e+00	2.096608e+00
4.249999999999954e+00	2.102477e+00
4.259999999999954e+00	2.108346e+00
4.269999999999953e+00	2.114214e+00
4.279999999999953e+00	2.120083e+00
4.289999999999953e+00	2.125951e+00
4.299999999999953e+00	2.131820e+00
4.309999999999953e+00	2.137688e+00
4.319999999999952e+00	2.143557e+00
4.329999999999952e+00	2.149426e+00
4.339999999999952e+00	2.155294e+00
4.349999999999952e+00	2.161163e+00
4.359999999999951e+00	2.167032e+00
4.369999999999951e+00	2.172900e+00
4.379999999999951e+00	2.178769e+00
4.389999999999951e+00	2.184638e+00
4.399999999999951e+00	2.190506e+00
4.409999999999950e+00	2.196375e+00
4.419999999999950e+00	2.202244e+00
4.429999999999950e+00	2.208112e+00
4.439999999999950e+00	2.213981e+00
4.449999999999950e+00	2.219850e+00
4.459999999999949e+00	2.225718e+00
4.469999999999949e+00	2.231587e+00
4.479999999999949e+00	2.237456e+00
4.489999999999949e+00	2.243325e+00
4.499999999999948e+00	2.249194e+00
4.509999999999948e+00	2.255062e+00
4.519999999999948e+00	2.260931e+00
4.529999999999948e+00	2.266800e+00
4.539999999999948e+00	2.272669e+00
4.549999999999947e+00	2.278538e+00
4.559999999999947e+00	2.284406e+00
4.569999999999947e+00	2.290275e+00
4.579999999999947e+00	2.296144e+00
4.589999999999947e+00	2.302013e+00
4.599999999999946e+00	2.307881e+00
4.609999999999946e+00	2.313750e+00
4.619999999999946e+00	2.319619e+00
4.629999999999946e+00	2.325488e+00
4.639999999999946e+00	2.331357e+00
4.649999999999945e+00	2.337225e+00
4.659999999999945e+00	2.343094e+00
4.669999999999945e+00	2.348963e+00
4.679999999999945e+00	2.354832e+00
4.689999999999944e+00	2.360701e+00
4.699999999999944e+00	2.366570e+00
4.709999999999944e+00	2.372438e+00
4.719999999999944e+00	2.378307e+00
4.729999999999944e+00	2.384176e+00
4.739999999999943e+00	2.390045e+00
4.749999999999943e+00	2.395913e+00
4.759999999999943e+00	2.401782e+00
4.769999999999943e+00	2.407651e+00
4.779999999999943e+00	2.413520e+00
4.789999999999942e+00	2.419389e+00
4.799999999999942e+00	2.425257e+00
4.809999999999942e+00	2.431126e+00
4.819999999999942e+00	2.436995e+00
4.829999999999941e+00	2.442864e+00
4.839999999999941e+00	2.448732e+00
4.849999999999941e+00	2.454601e+00
4.859999999999941e+00	2.460470e+00
4.869999999999941e+00	2.466339e+00
4.879999999999940e+00	2.472207e+00
4.889999999999940e+00	2.478076e+00
4.899999999999940e+00	2.483945e+00
4.909999999999940e+00	2.489814e+00
4.919999999999940e+00	2.495682e+00
4.929999999999939e+00	2.501551e+00
4.939999999999939e+00	2.507420e+00
4.949999999999939e+00	2.513288e+00
4.959999999999939e+00	2.519157e+00
4.969999999999938e+00	2.525026e+00
4.979999999999938e+00	2.530894e+00
4.989999999999938e+00	2.536763e+00
4.999999999999938e+00	2.542632e+00
5.009999999999938e+00	2.548500e+00
5.019999999999937e+00	2.554369e+00
5.029999999999937e+00	2.560237e+00
5.039999999999937e+00	2.566106e+00
5.049999999999937e+00	2.571975e+00
5.059999999999937e+00	2.577843e+00
5.069999999999936e+00	2.583712e+00
5.079999999999936e+00	2.589581e+00
5.089999999999936e+00	2.595449e+00
5.099999999999936e+00	2.601318e+00
5.109999999999935e+00	2.607186e+00
5.119999999999935e+00	2.613055e+00
5.129999999999935e+00	2.618923e+00
5.139999999999935e+00	2.624792e+00
5.149999999999935e+00	2.630660e+00
5.159999999999934e+00	2.636529e+00
5.169999999999934e+00	2.642397e+00
5.179999999999934e+00	2.648266e+00
5.189999999999934e+00	2.654134e+00
5.199999999999934e+00	2.660002e+00
5.209999999999933e+00	2.665871e+00
5.219999999999933e+00	2.671739e+00
5.229999999999933e+00	2.677608e+00
5.239999999999933e+00	2.683476e+00
5.249999999999932e+00	2.689344e+00
5.259999999999932e+00	2.695213e+00
5.269999999999932e+00	2.701081e+00
5.279999999999932e+00	2.706949e+00
5.289999999999932e+00	2.712818e+00
5.299999999999931e+00	2.718686e+00
5.309999999999931e+00	2.724555e+00
5.319999999999931e+00	2.730423e+00
5.329999999999931e+00	2.736291e+00
5.339999999999931e+00	2.742159e+00
5.349999999999930e+00	2.748028e+00
5.359999999999930e+00	2.753896e+00
5.369999999999930e+00	2.759764e+00
5.379999999999930e+00	2.765632e+00
5.389999999999930e+00	2.771500e+00
5.399999999999929e+00	2.777369e+00
5.409999999999929e+00	2.783237e+00
5.419999999999929e+00	2.789105e+00
5.429999999999929e+00	2.794973e+00
5.439999999999928e+00	2.800841e+00
5.449999999999928e+00	2.806709e+00
5.459999999999928e+00	2.812577e+00
5.469999999999928e+00	2.818445e+00
5.479999999999928e+00	2.824313e+00
5.489999999999927e+00	2.830181e+00
5.499999999999927e+00	2.836049e+00
5.509999999999927e+00	2.841917e+00
5.519999999999927e+00	2.847785e+00
5.529999999999927e+00	2.853653e+00
5.539999999999926e+00	2.859521e+00
5.549999999999926e+00	2.865389e+00
5.559999999999926e+00	2.871257e+00
5.569999999999926e+00	2.877125e+00
5.579999999999925e+00	2.882993e+00
5.589999999999925e+00	2.888861e+00
5.599999999999925e+00	2.894728e+00
5.609999999999925e+00	2.900596e+00
5.619999999999925e+00	2.906464e+00
5.629999999999924e+00	2.912332e+00
5.639999999999924e+00	2.918200e+00
5.649999999999924e+00	2.924067e+00
5.659999999999924e+00	2.929935e+00
5.669999999999924e+00	2.935803e+00
5.679999999999923e+00	2.941671e+00
5.689999999999923e+00	2.947538e+00
5.699999999999923e+00	2.953406e+00
5.709999999999923e+00	2.959274e+00
5.719999999999922e+00	2.965141e+00
5.729999999999922e+00	2.971009e+00
5.739999999999922e+00	2.976876e+00
5.749999999999922e+00	2.982744e+00
5.759999999999922e+00	2.988611e+00
5.769999999999921e+00	2.994479e+00
5.779999999999921e+00	3.000347e+00
5.789999999999921e+00	3.006214e+00
5.799999999999921e+00	3.012082e+00
5.809999999999921e+00	3.017949e+00
5.819999999999920e+00	3.023816e+00
5.829999999999920e+00	3.029684e+00
5.839999999999920e+00	3.035551e+00
5.849999999999920e+00	3.041419e+00
5.859999999999919e+00	3.047286e+00
5.869999999999919e+00	3.053153e+00
5.879999999999919e+00	3.059021e+00
5.889999999999919e+00	3.064888e+00
5.899999999999919e+00	3.070755e+00
5.909999999999918e+00	3.076622e+00
5.919999999999918e+00	3.082490e+00
5.929999999999918e+00	3.088357e+00
5.939999999999918e+00	3.094224e+00
5.949999999999918e+00	3.100091e+00
5.959999999999917e+00	3.105958e+00
5.969999999999917e+00	3.111826e+00
5.979999999999917e+00	3.117693e+00
5.989999999999917e+00	3.123560e+00
5.999999999999917e+00	3.129427e+00
6.009999999999916e+00	3.135294e+00
6.019999999999916e+00	3.141161e+00
6.029999999999916e+00	3.147028e+00
6.039999999999916e+00	3.152895e+00
6.049999999999915e+00	3.158762e+00
6.059999999999915e+00	3.164629e+00
6.069999999999915e+00	3.170496e+00
6.079999999999915e+00	3.176363e+00
6.089999999999915e+00	3.182230e+00
6.099999999999914e+00	3.188097e+00
6.109999999999914e+00	3.193964e+00
6.119999999999914e+00	3.199831e+00
6.129999999999914e+00	3.205697e+00
6.139999999999914e+00	3.211564e+00
6.149999999999913e+00	3.217431e+00
6.159999999999913e+00	3.223298e+00
6.169999999999913e+00	3.229164e+00
6.179999999999913e+00	3.235031e+00
6.189999999999912e+00	3.240898e+00
6.199999999999912e+00	3.246764e+00
6.209999999999912e+00	3.252631e+00
6.219999999999912e+00	3.258498e+00
6.229999999999912e+00	3.264364e+00
6.239999999999911e+00	3.270231e+00
6.249999999999911e+00	3.276097e+00
6.259999999999911e+00	3.281964e+00
6.269999999999911e+00	3.287830e+00
6.279999999999911e+00	3.293697e+00
6.289999999999910e+00	3.299563e+00
6.299999999999910e+00	3.305430e+00
6.309999999999910e+00	3.311296e+00
6.319999999999910e+00	3.317163e+00
6.329999999999909e+00	3.323029e+00
6.339999999999909e+00	3.328895e+00
6.349999999999909e+00	3.334762e+00
6.359999999999909e+00	3.340628e+00
6.369999999999909e+00	3.346494e+00
6.379999999999908e+00	3.352361e+00
6.389999999999908e+00	3.358227e+00
6.399999999999908e+00	3.364093e+00
6.409999999999908e+00	3.369959e+00
6.419999999999908e+00	3.375826e+00
6.429999999999907e+00	3.381692e+00
6.439999999999907e+00	3.387558e+00
6.449999999999907e+00	3.393424e+00
6.459999999999907e+00	3.399290e+00
6.469999999999906e+00	3.405156e+00
6.479999999999906e+00	3.411022e+00
6.489999999999906e+00	3.416888e+00
6.499999999999906e+00	3.422754e+00
6.509999999999906e+00	3.428620e+00
6.519999999999905e+00	3.434486e+00
6.529999999999905e+00	3.440352e+00
6.539999999999905e+00	3.446218e+00
6.549999999999905e+00	3.452084e+00
6.559999999999905e+00	3.457950e+00
6.569999999999904e+00	3.463816e+00
6.579999999999904e+00	3.469682e+00
6.589999999999904e+00	3.475547e+00
6.599999999999904e+00	3.481413e+00
6.609999999999904e+00	3.487279e+00
6.619999999999903e+00	3.493145e+00
6.629999999999903e+00	3.499010e+00
6.639999999999903e+00	3.504876e+00
6.649999999999903e+00	3.510741e+00
6.659999999999902e+00	3.516607e+00
6.669999999999902e+00	3.522473e+00
6.679999999999902e+00	3.528338e+00
6.689999999999902e+00	3.534204e+00
6.699999999999902e+00	3.540069e+00
6.709999999999901e+00	3.545935e+00
6.719999999999901e+00	3.551800e+00
6.729999999999901e+00	3.557666e+00
6.739999999999901e+00	3.563531e+00
6.749999999999901e+00	3.569397e+00
6.759999999999900e+00	3.575262e+00
6.769999999999900e+00	3.581128e+00
6.779999999999900e+00	3.586993e+00
6.789999999999900e+00	3.592858e+00
6.799999999999899e+00	3.598724e+00
6.809999999999899e+00	3.604589e+00
6.819999999999899e+00	3.610454e+00
6.829999999999899e+00	3.616319e+00
6.839999999999899e+00	3.622185e+00
6.849999999999898e+00	3.628050e+00
6.859999999999898e+00	3.633915e+00
6.869999999999898e+00	3.639780e+00
6.879999999999898e+00	3.645645e+00
6.889999999999898e+00	3.651510e+00
6.899999999999897e+00	3.657375e+00
6.909999999999897e+00	3.663240e+00
6.919999999999897e+00	3.669106e+00
6.929999999999897e+00	3.674970e+00
6.939999999999896e+00	3.680835e+00
6.949999999999896e+00	3.686700e+00
6.959999999999896e+00	3.692565e+00
6.969999999999896e+00	3.698430e+00
6.979999999999896e+00	3.704295e+00
6.989999999999895e+00	3.710160e+00
6.999999999999895e+00	3.716025e+00
7.009999999999895e+00	3.721890e+00
7.019999999999895e+00	3.727754e+00
7.029999999999895e+00	3.733619e+00
7.039999999999894e+00	3.739484e+00
7.049999999999894e+00	3.745349e+00
7.059999999999894e+00	3.751213e+00
7.069999999999894e+00	3.757078e+00
7.079999999999893e+00	3.762943e+00
7.089999999999893e+00	3.768807e+00
7.099999999999893e+00	3.774672e+00
7.109999999999893e+00	3.780536e+00
7.119999999999893e+00	3.786401e+00
7.129999999999892e+00	3.792265e+00
7.139999999999892e+00	3.798130e+00
7.149999999999892e+00	3.803994e+00
7.159999999999892e+00	3.809859e+00
7.169999999999892e+00	3.815723e+00
7.179999999999891e+00	3.821588e+00
7.189999999999891e+00	3.827452e+00
7.199999999999891e+00	3.833316e+00
7.209999999999891e+00	3.839181e+00
7.219999999999891e+00	3.845045e+00
7.229999999999890e+00	3.850909e+00
7.239999999999890e+00	3.856774e+00
7.249999999999890e+00	3.862638e+00
7.259999999999890e+00	3.868502e+00
7.269999999999889e+00	3.874366e+00
7.279999999999889e+00	3.880230e+00
7.289999999999889e+00	3.886095e+00
7.299999999999889e+00	3.891959e+00
7.309999999999889e+00	3.897823e+00
7.319999999999888e+00	3.903687e+00
7.329999999999888e+00	3.909551e+00
7.339999999999888e+00	3.915415e+00
7.349999999999888e+00	3.921279e+00
7.359999999999888e+00	3.927143e+00
7.369999999999887e+00	3.933007e+00
7.379999999999887e+00	3.938871e+00
7.389999999999887e+00	3.944734e+00
7.399999999999887e+00	3.950598e+00
7.409999999999886e+00	3.956462e+00
7.419999999999886e+00	3.962326e+00
7.429999999999886e+00	3.968190e+00
7.439999999999886e+00	3.974053e+00
7.449999999999886e+00	3.979917e+00
7.459999999999885e+00	3.985781e+00
7.469999999999885e+00	3.991645e+00
7.479999999999885e+00	3.997508e+00
7.489999999999885e+00	4.003372e+00
7.499999999999885e+00	4.009235e+00
7.509999999999884e+00	4.015099e+00
7.519999999999884e+00	4.020963e+00
7.529999999999884e+00	4.026826e+00
7.539999999999884e+00	4.032690e+00
7.549999999999883e+00	4.038553e+00
7.559999999999883e+00	4.044417e+00
7.569999999999883e+00	4.050280e+00
7.579999999999883e+00	4.056144e+00
7.589999999999883e+00	4.062007e+00
7.599999999999882e+00	4.067870e+00
7.609999999999882e+00	4.073734e+00
7.619999999999882e+00	4.079597e+00
7.629999999999882e+00	4.085460e+00
7.639999999999882e+00	4.091323e+00
7.649999999999881e+00	4.097187e+00
7.659999999999881e+00	4.103050e+00
7.669999999999881e+00	4.108913e+00
7.679999999999881e+00	4.114776e+00
7.689999999999880e+00	4.120639e+00
7.699999999999880e+00	4.126503e+00
7.709999999999880e+00	4.132366e+00
7.719999999999880e+00	4.138229e+00
7.729999999999880e+00	4.144092e+00
7.739999999999879e+00	4.149955e+00
7.749999999999879e+00	4.155818e+00
7.759999999999879e+00	4.161681e+00
7.769999999999879e+00	4.167544e+00
7.779999999999879e+00	4.173407e+00
7.789999999999878e+00	4.179269e+00
7.799999999999878e+00	4.185133e+00
7.809999999999878e+00	4.190995e+00
7.819999999999878e+00	4.196858e+00
7.829999999999878e+00	4.202721e+00
7.839999999999877e+00	4.208583e+00
7.849999999999877e+00	4.214446e+00
7.859999999999877e+00	4.220309e+00
7.869999999999877e+00	4.226171e+00
7.879999999999876e+00	4.232034e+00
7.889999999999876e+00	4.237897e+00
7.899999999999876e+00	4.243760e+00
7.909999999999876e+00	4.249622e+00
7.919999999999876e+00	4.255485e+00
7.929999999999875e+00	4.261347e+00
7.939999999999875e+00	4.267210e+00
7.949999999999875e+00	4.273072e+00
7.959999999999875e+00	4.278934e+00
7.969999999999875e+00	4.284797e+00
7.979999999999874e+00	4.290659e+00
7.989999999999874e+00	4.296522e+00
7.999999999999874e+00	4.302384e+00
8.009999999999874e+00	4.308247e+00
8.019999999999873e+00	4.314109e+00
8.029999999999873e+00	4.319971e+00
8.039999999999873e+00	4.325833e+00
8.049999999999873e+00	4.331696e+00
8.059999999999873e+00	4.337558e+00
8.069999999999872e+00	4.343420e+00
8.079999999999872e+00	4.349282e+00
8.089999999999872e+00	4.355145e+00
8.099999999999872e+00	4.361006e+00
8.109999999999872e+00	4.366868e+00
8.119999999999871e+00	4.372731e+00
8.129999999999871e+00	4.378592e+00
8.139999999999871e+00	4.384455e+00
8.149999999999871e+00	4.390316e+00
8.159999999999870e+00	4.396179e+00
8.169999999999870e+00	4.402040e+00
8.179999999999870e+00	4.407902e+00
8.189999999999870e+00	4.413764e+00
8.199999999999870e+00	4.419626e+00
8.209999999999869e+00	4.425488e+00
8.219999999999869e+00	4.431350e+00
8.229999999999869e+00	4.437212e+00
8.239999999999869e+00	4.443073e+00
8.249999999999869e+00	4.448935e+00
8.259999999999868e+00	4.454796e+00
8.269999999999868e+00	4.460658e+00
8.279999999999868e+00	4.466520e+00
8.289999999999868e+00	4.472381e+00
8.299999999999867e+00	4.478243e+00
8.309999999999867e+00	4.484105e+00
8.319999999999867e+00	4.489966e+00
8.329999999999867e+00	4.495827e+00
8.339999999999867e+00	4.501689e+00
8.349999999999866e+00	4.507550e+00
8.359999999999866e+00	4.513412e+00
8.369999999999866e+00	4.519273e+00
8.379999999999866e+00	4.525134e+00
8.389999999999866e+00	4.530995e+00
8.399999999999865e+00	4.536857e+00
8.409999999999865e+00	4.542718e+00
8.419999999999865e+00	4.548579e+00
8.429999999999865e+00	4.554440e+00
8.439999999999864e+00	4.560301e+00
8.449999999999864e+00	4.566163e+00
8.459999999999864e+00	4.572023e+00
8.469999999999864e+00	4.577884e+00
8.479999999999864e+00	4.583745e+00
8.489999999999863e+00	4.589606e+00
8.499999999999863e+00	4.595467e+00
8.509999999999863e+00	4.601327e+00
8.519999999999863e+00	4.607188e+00
8.529999999999863e+00	4.613049e+00
8.539999999999862e+00	4.618909e+00
8.549999999999862e+00	4.624770e+00
8.559999999999862e+00	4.630630e+00
8.569999999999862e+00	4.636490e+00
8.579999999999862e+00	4.642351e+00
8.589999999999861e+00	4.648211e+00
8.599999999999861e+00	4.654070e+00
8.609999999999861e+00	4.659930e+00
8.619999999999861e+00	4.665790e+00
8.629999999999860e+00	4.671649e+00
8.639999999999860e+00	4.677509e+00
8.649999999999860e+00	4.683368e+00
8.659999999999860e+00	4.689227e+00
8.669999999999860e+00	4.695086e+00
8.679999999999859e+00	4.700944e+00
8.689999999999859e+00	4.706802e+00
8.699999999999859e+00	4.712660e+00
8.709999999999859e+00	4.718517e+00
8.719999999999859e+00	4.724374e+00
8.729999999999858e+00	4.730231e+00
8.739999999999858e+00	4.736087e+00
8.749999999999858e+00	4.741943e+00
8.759999999999858e+00	4.747798e+00
8.769999999999857e+00	4.753652e+00
8.779999999999857e+00	4.759506e+00
8.789999999999857e+00	4.765358e+00
8.799999999999857e+00	4.771210e+00
8.809999999999857e+00	4.777061e+00
8.819999999999856e+00	4.782911e+00
8.829999999999856e+00	4.788759e+00
8.839999999999856e+00	4.794606e+00
8.849999999999856e+00	4.800451e+00
8.859999999999856e+00	4.806294e+00
8.869999999999855e+00	4.812135e+00
8.879999999999855e+00	4.817974e+00
8.889999999999855e+00	4.823810e+00
8.899999999999855e+00	4.829643e+00
8.909999999999854e+00	4.835473e+00
8.919999999999854e+00	4.841300e+00
8.929999999999854e+00	4.847121e+00
8.939999999999854e+00	4.852938e+00
8.949999999999854e+00	4.858749e+00
8.959999999999853e+00	4.864554e+00
8.969999999999853e+00	4.870352e+00
8.979999999999853e+00	4.876142e+00
8.989999999999853e+00	4.881922e+00
8.999999999999853e+00	4.887691e+00
9.009999999999852e+00	4.893447e+00
9.019999999999852e+00	4.899189e+00
9.029999999999852e+00	4.904914e+00
9.039999999999852e+00	4.910619e+00
9.049999999999851e+00	4.916300e+00
9.059999999999851e+00	4.921953e+00
9.069999999999851e+00	4.927573e+00
9.079999999999851e+00	4.933153e+00
9.089999999999851e+00	4.938686e+00
9.099999999999850e+00	4.944161e+00
9.109999999999850e+00	4.949567e+00
9.119999999999850e+00	4.954889e+00
9.129999999999850e+00	4.960111e+00
9.139999999999850e+00	4.965210e+00
9.149999999999849e+00	4.970164e+00
9.159999999999849e+00	4.974943e+00
9.169999999999849e+00	4.979515e+00
9.179999999999849e+00	4.983842e+00
9.189999999999849e+00	4.987886e+00
9.199999999999848e+00	4.991604e+00
9.209999999999848e+00	4.994957e+00
9.219999999999848e+00	4.997913e+00
9.229999999999848e+00	5.000452e+00
9.239999999999847e+00	5.002573e+00
9.249999999999847e+00	5.004293e+00
9.259999999999847e+00	5.005651e+00
9.269999999999847e+00	5.006697e+00
9.279999999999847e+00	5.007484e+00
9.289999999999846e+00	5.008069e+00
9.299999999999846e+00	5.008496e+00
9.309999999999846e+00	5.008808e+00
9.319999999999846e+00	5.009034e+00
9.329999999999846e+00	5.009199e+00
9.339999999999845e+00	5.009320e+00
9.349999999999845e+00	5.009411e+00
9.359999999999845e+00	5.009479e+00
9.369999999999845e+00	5.009532e+00
9.379999999999844e+00	5.009574e+00
9.389999999999844e+00	5.009609e+00
9.399999999999844e+00	5.009639e+00
9.409999999999844e+00	5.009665e+00
9.419999999999844e+00	5.009688e+00
9.429999999999843e+00	5.009709e+00
9.439999999999843e+00	5.009729e+00
9.449999999999843e+00	5.009748e+00
9.459999999999843e+00	5.009767e+00
9.469999999999843e+00	5.009785e+00
9.479999999999842e+00	5.009802e+00
9.489999999999842e+00	5.009820e+00
9.499999999999842e+00	5.009837e+00
9.509999999999842e+00	5.009854e+00
9.519999999999841e+00	5.009871e+00
9.529999999999841e+00	5.009889e+00
9.539999999999841e+00	5.009905e+00
9.549999999999841e+00	5.009923e+00
9.559999999999841e+00	5.009940e+00
9.569999999999840e+00	5.009956e+00
9.579999999999840e+00	5.009974e+00
9.589999999999840e+00	5.009990e+00
9.599999999999840e+00	5.010007e+00
9.609999999999840e+00	5.010024e+00
9.619999999999839e+00	5.010041e+00
9.629999999999839e+00	5.010058e+00
9.639999999999839e+00	5.010075e+00
9.649999999999839e+00	5.010092e+00
9.659999999999838e+00	5.010108e+00
9.669999999999838e+00	5.010125e+00
9.679999999999838e+00	5.010142e+00
9.689999999999838e+00	5.010159e+00
9.699999999999838e+00	5.010176e+00
9.709999999999837e+00	5.010193e+00
9.719999999999837e+00	5.010210e+00
9.729999999999837e+00	5.010226e+00
9.739999999999837e+00	5.010243e+00
9.749999999999837e+00	5.010260e+00
9.759999999999836e+00	5.010277e+00
9.769999999999836e+00	5.010293e+00
9.779999999999836e+00	5.010310e+00
9.789999999999836e+00	5.010327e+00
9.799999999999836e+00	5.010344e+00
9.809999999999835e+00	5.010361e+00
9.819999999999835e+00	5.010377e+00
9.829999999999835e+00	5.010394e+00
9.839999999999835e+00	5.010411e+00
9.849999999999834e+00	5.010428e+00
9.859999999999834e+00	5.010445e+00
9.869999999999834e+00	5.010461e+00
9.879999999999834e+00	5.010478e+00
9.889999999999834e+00	5.010495e+00
9.899999999999833e+00	5.010511e+00
9.909999999999833e+00	5.010529e+00
9.919999999999833e+00	5.010545e+00
9.929999999999833e+00	5.010562e+00
9.939999999999833e+00	5.010579e+00
9.949999999999832e+00	5.010595e+00
9.959999999999832e+00	5.010612e+00
9.969999999999832e+00	5.010629e+00
9.979999999999832e+00	5.010645e+00
9.989999999999831e+00	5.010662e+00
9.999999999999831e+00	5.010679e+00
1.000999999999983e+01	5.010695e+00
1.001999999999983e+01	5.010712e+00
1.002999999999983e+01	5.010729e+00
1.003999999999983e+01	5.010746e+00
1.004999999999983e+01	5.010762e+00
1.005999999999983e+01	5.010779e+00
1.006999999999983e+01	5.010796e+00
1.007999999999983e+01	5.010812e+00
1.008999999999983e+01	5.010829e+00
1.009999999999983e+01	5.010845e+00
1.010999999999983e+01	5.010862e+00
1.011999999999983e+01	5.010879e+00
1.012999999999983e+01	5.010895e+00
1.013999999999983e+01	5.010912e+00
1.014999999999983e+01	5.010929e+00
1.015999999999983e+01	5.010945e+00
1.016999999999983e+01	5.010962e+00
1.017999999999983e+01	5.010978e+00
1.018999999999983e+01	5.010995e+00
1.019999999999983e+01	5.011012e+00
1.020999999999983e+01	5.011028e+00
1.021999999999983e+01	5.011045e+00
1.022999999999983e+01	5.011061e+00
1.023999999999983e+01	5.011078e+00
1.024999999999983e+01	5.011095e+00
1.025999999999983e+01	5.011111e+00
1.026999999999983e+01	5.011127e+00
1.027999999999983e+01	5.011144e+00
1.028999999999983e+01	5.011161e+00
1.029999999999982e+01	5.011177e+00
1.030999999999982e+01	5.011194e+00
1.031999999999982e+01	5.011210e+00
1.032999999999982e+01	5.011227e+00
1.033999999999982e+01	5.011243e+00
1.034999999999982e+01	5.011260e+00
1.035999999999982e+01	5.011276e+00
1.036999999999982e+01	5.011293e+00
1.037999999999982e+01	5.011310e+00
1.038999999999982e+01	5.011326e+00
1.039999999999982e+01	5.011343e+00
1.040999999999982e+01	5.011359e+00
1.041999999999982e+01	5.011375e+00
1.042999999999982e+01	5.011392e+00
1.043999999999982e+01	5.011408e+00
1.044999999999982e+01	5.011425e+00
1.045999999999982e+01	5.011441e+00
1.046999999999982e+01	5.011458e+00
1.047999999999982e+01	5.011474e+00
1.048999999999982e+01	5.011491e+00
1.049999999999982e+01	5.011507e+00
1.050999999999982e+01	5.011524e+00
1.051999999999982e+01	5.011540e+00
1.052999999999982e+01	5.011557e+00
1.053999999999982e+01	5.011573e+00
1.054999999999982e+01	5.011590e+00
1.055999999999982e+01	5.011606e+00
1.056999999999982e+01	5.011622e+00
1.057999999999982e+01	5.011639e+00
1.058999999999982e+01	5.011655e+00
1.059999999999982e+01	5.011672e+00
1.060999999999982e+01	5.011688e+00
1.061999999999982e+01	5.011704e+00
1.062999999999982e+01	5.011721e+00
1.063999999999982e+01	5.011737e+00
1.064999999999982e+01	5.011754e+00
1.065999999999982e+01	5.011770e+00
1.066999999999982e+01	5.011786e+00
1.067999999999982e+01	5.011803e+00
1.068999999999982e+01	5.011819e+00
1.069999999999982e+01	5.011835e+00
1.070999999999982e+01	5.011852e+00
1.071999999999982e+01	5.011868e+00
1.072999999999982e+01	5.011884e+00
1.073999999999982e+01	5.011900e+00
1.074999999999982e+01	5.011917e+00
1.075999999999982e+01	5.011933e+00
1.076999999999981e+01	5.011950e+00
1.077999999999981e+01	5.011966e+00
1.078999999999981e+01	5.011982e+00
1.079999999999981e+01	5.011999e+00
1.080999999999981e+01	5.012015e+00
1.081999999999981e+01	5.012031e+00
1.082999999999981e+01	5.012047e+00
1.083999999999981e+01	5.012064e+00
1.084999999999981e+01	5.012080e+00
1.085999999999981e+01	5.012096e+00
1.086999999999981e+01	5.012113e+00
1.087999999999981e+01	5.012129e+00
1.088999999999981e+01	5.012145e+00
1.089999999999981e+01	5.012161e+00
1.090999999999981e+01	5.012177e+00
1.091999999999981e+01	5.012194e+00
1.092999999999981e+01	5.012210e+00
1.093999999999981e+01	5.012227e+00
1.094999999999981e+01	5.012243e+00
1.095999999999981e+01	5.012259e+00
1.096999999999981e+01	5.012275e+00
1.097999999999981e+01	5.012291e+00
1.098999999999981e+01	5.012308e+00
1.099999999999981e+01	5.012324e+00
1.100999999999981e+01	5.012340e+00
1.101999999999981e+01	5.012356e+00
1.102999999999981e+01	5.012372e+00
1.103999999999981e+01	5.012389e+00
1.104999999999981e+01	5.012405e+00
1.105999999999981e+01	5.012421e+00
1.106999999999981e+01	5.012437e+00
1.107999999999981e+01	5.012454e+00
1.108999999999981e+01	5.012469e+00
1.109999999999981e+01	5.012486e+00
1.110999999999981e+01	5.012502e+00
1.111999999999981e+01	5.012518e+00
1.112999999999981e+01	5.012534e+00
1.113999999999981e+01	5.012550e+00
1.114999999999981e+01	5.012567e+00
1.115999999999981e+01	5.012583e+00
1.116999999999981e+01	5.012599e+00
1.117999999999981e+01	5.012615e+00
1.118999999999981e+01	5.012631e+00
1.119999999999981e+01	5.012647e+00
1.120999999999981e+01	5.012663e+00
1.121999999999981e+01	5.012680e+00
1.122999999999981e+01	5.012695e+00
1.123999999999980e+01	5.012712e+00
1.124999999999980e+01	5.012728e+00
1.125999999999980e+01	5.012744e+00
1.126999999999980e+01	5.012760e+00
1.127999999999980e+01	5.012776e+00
1.128999999999980e+01	5.012792e+00
1.129999999999980e+01	5.012808e+00
1.130999999999980e+01	5.012824e+00
1.131999999999980e+01	5.012840e+00
1.132999999999980e+01	5.012856e+00
1.133999999999980e+01	5.012873e+00
1.134999999999980e+01	5.012888e+00
1.135999999999980e+01	5.012905e+00
1.136999999999980e+01	5.012921e+00
1.137999999999980e+01	5.012937e+00
1.138999999999980e+01	5.012953e+00
1.139999999999980e+01	5.012969e+00
1.140999999999980e+01	5.012985e+00
1.141999999999980e+01	5.013001e+00
1.142999999999980e+01	5.013017e+00
1.143999999999980e+01	5.013033e+00
1.144999999999980e+01	5.013049e+00
1.145999999999980e+01	5.013065e+00
1.146999999999980e+01	5.013081e+00
1.147999999999980e+01	5.013097e+00
1.148999999999980e+01	5.013113e+00
1.149999999999980e+01	5.013129e+00
1.150999999999980e+01	5.013145e+00
1.151999999999980e+01	5.013161e+00
1.152999999999980e+01	5.013177e+00
1.153999999999980e+01	5.013193e+00
1.154999999999980e+01	5.013209e+00
1.155999999999980e+01	5.013225e+00
1.156999999999980e+01	5.013241e+00
1.157999999999980e+01	5.013257e+00
1.158999999999980e+01	5.013273e+00
1.159999999999980e+01	5.013288e+00
1.160999999999980e+01	5.013305e+00
1.161999999999980e+01	5.013320e+00
1.162999999999980e+01	5.013336e+00
1.163999999999980e+01	5.013352e+00
1.164999999999980e+01	5.013368e+00
1.165999999999980e+01	5.013384e+00
1.166999999999980e+01	5.013400e+00
1.167999999999980e+01	5.013416e+00
1.168999999999980e+01	5.013432e+00
1.169999999999980e+01	5.013448e+00
1.170999999999979e+01	5.013464e+00
1.171999999999979e+01	5.013480e+00
1.172999999999979e+01	5.013495e+00
1.173999999999979e+01	5.013511e+00
1.174999999999979e+01	5.013527e+00
1.175999999999979e+01	5.013543e+00
1.176999999999979e+01	5.013559e+00
1.177999999999979e+01	5.013575e+00
1.178999999999979e+01	5.013591e+00
1.179999999999979e+01	5.013607e+00
1.180999999999979e+01	5.013622e+00
1.181999999999979e+01	5.013638e+00
1.182999999999979e+01	5.013654e+00
1.183999999999979e+01	5.013670e+00
1.184999999999979e+01	5.013686e+00
1.185999999999979e+01	5.013702e+00
1.186999999999979e+01	5.013718e+00
1.187999999999979e+01	5.013733e+00
1.188999999999979e+01	5.013749e+00
1.189999999999979e+01	5.013765e+00
1.190999999999979e+01	5.013781e+00
1.191999999999979e+01	5.013797e+00
1.192999999999979e+01	5.013813e+00
1.193999999999979e+01	5.013828e+00
1.194999999999979e+01	5.013844e+00
1.195999999999979e+01	5.013860e+00
1.196999999999979e+01	5.013875e+00
1.197999999999979e+01	5.013891e+00
1.198999999999979e+01	5.013907e+00
1.199999999999979e+01	5.013923e+00
1.200999999999979e+01	5.013939e+00
1.201999999999979e+01	5.013955e+00
1.202999999999979e+01	5.013970e+00
1.203999999999979e+01	5.013986e+00
1.204999999999979e+01	5.014002e+00
1.205999999999979e+01	5.014018e+00
1.206999999999979e+01	5.014033e+00
1.207999999999979e+01	5.014049e+00
1.208999999999979e+01	5.014065e+00
1.209999999999979e+01	5.014081e+00
1.210999999999979e+01	5.014096e+00
1.211999999999979e+01	5.014112e+00
1.212999999999979e+01	5.014128e+00
1.213999999999979e+01	5.014143e+00
1.214999999999979e+01	5.014159e+00
1.215999999999979e+01	5.014175e+00
1.216999999999978e+01	5.014191e+00
1.217999999999978e+01	5.014206e+00
1.218999999999978e+01	5.014222e+00
1.219999999999978e+01	5.014237e+00
1.220999999999978e+01	5.014253e+00
1.221999999999978e+01	5.014269e+00
1.222999999999978e+01	5.014285e+00
1.223999999999978e+01	5.014300e+00
1.224999999999978e+01	5.014316e+00
1.225999999999978e+01	5.014332e+00
1.226999999999978e+01	5.014347e+00
1.227999999999978e+01	5.014363e+00
1.228999999999978e+01	5.014379e+00
1.229999999999978e+01	5.014394e+00
1.230999999999978e+01	5.014410e+00
1.231999999999978e+01	5.014425e+00
1.232999999999978e+01	5.014441e+00
1.233999999999978e+01	5.014457e+00
1.234999999999978e+01	5.014472e+00
1.235999999999978e+01	5.014488e+00
1.236999999999978e+01	5.014503e+00
1.237999999999978e+01	5.014519e+00
1.238999999999978e+01	5.014535e+00
1.239999999999978e+01	5.014551e+00
1.240999999999978e+01	5.014566e+00
1.241999999999978e+01	5.014582e+00
1.242999999999978e+01	5.014597e+00
1.243999999999978e+01	5.014613e+00
1.244999999999978e+01	5.014628e+00
1.245999999999978e+01	5.014644e+00
1.246999999999978e+01	5.014659e+00
1.247999999999978e+01	5.014675e+00
1.248999999999978e+01	5.014691e+00
1.249999999999978e+01	5.014706e+00
1.250999999999978e+01	5.014722e+00
1.251999999999978e+01	5.014738e+00
1.252999999999978e+01	5.014753e+00
1.253999999999978e+01	5.014769e+00
1.254999999999978e+01	5.014784e+00
1.255999999999978e+01	5.014800e+00
1.256999999999978e+01	5.014815e+00
1.257999999999978e+01	5.014831e+00
1.258999999999978e+01	5.014846e+00
1.259999999999978e+01	5.014862e+00
1.260999999999978e+01	5.014877e+00
1.261999999999978e+01	5.014893e+00
1.262999999999978e+01	5.014908e+00
1.263999999999977e+01	5.014924e+00
1.264999999999977e+01	5.014939e+00
1.265999999999977e+01	5.014955e+00
1.266999999999977e+01	5.014970e+00
1.267999999999977e+01	5.014986e+00
1.268999999999977e+01	5.015001e+00
1.269999999999977e+01	5.015017e+00
1.270999999999977e+01	5.015032e+00
1.271999999999977e+01	5.015048e+00
1.272999999999977e+01	5.015063e+00
1.273999999999977e+01	5.015079e+00
1.274999999999977e+01	5.015094e+00
1.275999999999977e+01	5.015110e+00
1.276999999999977e+01	5.015125e+00
1.277999999999977e+01	5.015141e+00
1.278999999999977e+01	5.015156e+00
1.279999999999977e+01	5.015171e+00
1.280999999999977e+01	5.015187e+00
1.281999999999977e+01	5.015202e+00
1.282999999999977e+01	5.015217e+00
1.283999999999977e+01	5.015233e+00
1.284999999999977e+01	5.015248e+00
1.285999999999977e+01	5.015264e+00
1.286999999999977e+01	5.015279e+00
1.287999999999977e+01	5.015295e+00
1.288999999999977e+01	5.015310e+00
1.289999999999977e+01	5.015326e+00
1.290999999999977e+01	5.015341e+00
1.291999999999977e+01	5.015356e+00
1.292999999999977e+01	5.015372e+00
1.293999999999977e+01	5.015387e+00
1.294999999999977e+01	5.015402e+00
1.295999999999977e+01	5.015418e+00
1.296999999999977e+01	5.015433e+00
1.297999999999977e+01	5.015449e+00
1.298999999999977e+01	5.015464e+00
1.299999999999977e+01	5.015479e+00
1.300999999999977e+01	5.015494e+00
1.301999999999977e+01	5.015510e+00
1.302999999999977e+01	5.015525e+00
1.303999999999977e+01	5.015541e+00
1.304999999999977e+01	5.015556e+00
1.305999999999977e+01	5.015571e+00
1.306999999999977e+01	5.015586e+00
1.307999999999977e+01	5.015602e+00
1.308999999999977e+01	5.015617e+00
1.309999999999977e+01	5.015633e+00
1.310999999999976e+01	5.015648e+00
1.311999999999976e+01	5.015663e+00
1.312999999999976e+01	5.015678e+00
1.313999999999976e+01	5.015694e+00
1.314999999999976e+01	5.015709e+00
1.315999999999976e+01	5.015724e+00
1.316999999999976e+01	5.015739e+00
1.317999999999976e+01	5.015755e+00
1.318999999999976e+01	5.015770e+00
1.319999999999976e+01	5.015786e+00
1.320999999999976e+01	5.015801e+00
1.321999999999976e+01	5.015816e+00
1.322999999999976e+01	5.015831e+00
1.323999999999976e+01	5.015847e+00
1.324999999999976e+01	5.015862e+00
1.325999999999976e+01	5.015877e+00
1.326999999999976e+01	5.015893e+00
1.327999999999976e+01	5.015908e+00
1.328999999999976e+01	5.015923e+00
1.329999999999976e+01	5.015938e+00
1.330999999999976e+01	5.015953e+00
1.331999999999976e+01	5.015968e+00
1.332999999999976e+01	5.015984e+00
1.333999999999976e+01	5.015999e+00
1.334999999999976e+01	5.016014e+00
1.335999999999976e+01	5.016029e+00
1.336999999999976e+01	5.016045e+00
1.337999999999976e+01	5.016060e+00
1.338999999999976e+01	5.016075e+00
1.339999999999976e+01	5.016090e+00
1.340999999999976e+01	5.016105e+00
1.341999999999976e+01	5.016120e+00
1.342999999999976e+01	5.016136e+00
1.343999999999976e+01	5.016151e+00
1.344999999999976e+01	5.016166e+00
1.345999999999976e+01	5.016181e+00
1.346999999999976e+01	5.016196e+00
1.347999999999976e+01	5.016212e+00
1.348999999999976e+01	5.016227e+00
1.349999999999976e+01	5.016242e+00
1.350999999999976e+01	5.016257e+00
1.351999999999976e+01	5.016272e+00
1.352999999999976e+01	5.016287e+00
1.353999999999976e+01	5.016303e+00
1.354999999999976e+01	5.016318e+00
1.355999999999976e+01	5.016333e+00
1.356999999999976e+01	5.016348e+00
1.357999999999975e+01	5.016363e+00
1.358999999999975e+01	5.016378e+00
1.359999999999975e+01	5.016393e+00
1.360999999999975e+01	5.016408e+00
1.361999999999975e+01	5.016424e+00
1.362999999999975e+01	5.016438e+00
1.363999999999975e+01	5.016454e+00
1.364999999999975e+01	5.016469e+00
1.365999999999975e+01	5.016484e+00
1.366999999999975e+01	5.016499e+00
1.367999999999975e+01	5.016514e+00
1.368999999999975e+01	5.016529e+00
1.369999999999975e+01	5.016544e+00
1.370999999999975e+01	5.016560e+00
1.371999999999975e+01	5.016574e+00
1.372999999999975e+01	5.016590e+00
1.373999999999975e+01	5.016604e+00
1.374999999999975e+01	5.016620e+00
1.375999999999975e+01	5.016634e+00
1.376999999999975e+01	5.016650e+00
1.377999999999975e+01	5.016665e+00
1.378999999999975e+01	5.016680e+00
1.379999999999975e+01	5.016695e+00
1.380999999999975e+01	5.016710e+00
1.381999999999975e+01	5.016725e+00
1.382999999999975e+01	5.016740e+00
1.383999999999975e+01	5.016755e+00
1.384999999999975e+01	5.016770e+00
1.385999999999975e+01	5.016785e+00
1.386999999999975e+01	5.016800e+00
1.387999999999975e+01	5.016815e+00
1.388999999999975e+01	5.016830e+00
1.389999999999975e+01	5.016845e+00
1.390999999999975e+01	5.016860e+00
1.391999999999975e+01	5.016875e+00
1.392999999999975e+01	5.016890e+00
1.393999999999975e+01	5.016905e+00
1.394999999999975e+01	5.016920e+00
1.395999999999975e+01	5.016935e+00
1.396999999999975e+01	5.016950e+00
1.397999999999975e+01	5.016965e+00
1.398999999999975e+01	5.016980e+00
1.399999999999975e+01	5.016995e+00
1.400999999999975e+01	5.017010e+00
1.401999999999975e+01	5.017025e+00
1.402999999999975e+01	5.017040e+00
1.403999999999975e+01	5.017055e+00
1.404999999999974e+01	5.017070e+00
1.405999999999974e+01	5.017085e+00
1.406999999999974e+01	5.017099e+00
1.407999999999974e+01	5.017115e+00
1.408999999999974e+01	5.017129e+00
1.409999999999974e+01	5.017144e+00
1.410999999999974e+01	5.017159e+00
1.411999999999974e+01	5.017174e+00
1.412999999999974e+01	5.017189e+00
1.413999999999974e+01	5.017204e+00
1.414999999999974e+01	5.017219e+00
1.415999999999974e+01	5.017234e+00
1.416999999999974e+01	5.017249e+00
1.417999999999974e+01	5.017263e+00
1.418999999999974e+01	5.017279e+00
1.419999999999974e+01	5.017293e+00
1.420999999999974e+01	5.017308e+00
1.421999999999974e+01	5.017323e+00
1.422999999999974e+01	5.017338e+00
1.423999999999974e+01	5.017353e+00
1.424999999999974e+01	5.017368e+00
1.425999999999974e+01	5.017383e+00
1.426999999999974e+01	5.017397e+00
1.427999999999974e+01	5.017412e+00
1.428999999999974e+01	5.017427e+00
1.429999999999974e+01	5.017442e+00
1.430999999999974e+01	5.017457e+00
1.431999999999974e+01	5.017472e+00
1.432999999999974e+01	5.017487e+00
1.433999999999974e+01	5.017501e+00
1.434999999999974e+01	5.017516e+00
1.435999999999974e+01	5.017531e+00
1.436999999999974e+01	5.017546e+00
1.437999999999974e+01	5.017561e+00
1.438999999999974e+01	5.017576e+00
1.439999999999974e+01	5.017591e+00
1.440999999999974e+01	5.017605e+00
1.441999999999974e+01	5.017620e+00
1.442999999999974e+01	5.017635e+00
1.443999999999974e+01	5.017650e+00
1.444999999999974e+01	5.017664e+00
1.445999999999974e+01	5.017679e+00
1.446999999999974e+01	5.017694e+00
1.447999999999974e+01	5.017709e+00
1.448999999999974e+01	5.017724e+00
1.449999999999974e+01	5.017738e+00
1.450999999999974e+01	5.017753e+00
1.451999999999973e+01	5.017768e+00
1.452999999999973e+01	5.017783e+00
1.453999999999973e+01	5.017797e+00
1.454999999999973e+01	5.017812e+00
1.455999999999973e+01	5.017827e+00
1.456999999999973e+01	5.017842e+00
1.457999999999973e+01	5.017857e+00
1.458999999999973e+01	5.017871e+00
1.459999999999973e+01	5.017886e+00
1.460999999999973e+01	5.017900e+00
1.461999999999973e+01	5.017915e+00
1.462999999999973e+01	5.017930e+00
1.463999999999973e+01	5.017945e+00
1.464999999999973e+01	5.017960e+00
1.465999999999973e+01	5.017974e+00
1.466999999999973e+01	5.017989e+00
1.467999999999973e+01	5.018003e+00
1.468999999999973e+01	5.018018e+00
1.469999999999973e+01	5.018033e+00
1.470999999999973e+01	5.018048e+00
1.471999999999973e+01	5.018063e+00
1.472999999999973e+01	5.018077e+00
1.473999999999973e+01	5.018092e+00
1.474999999999973e+01	5.018106e+00
1.475999999999973e+01	5.018121e+00
1.476999999999973e+01	5.018136e+00
1.477999999999973e+01	5.018151e+00
1.478999999999973e+01	5.018165e+00
1.479999999999973e+01	5.018180e+00
1.480999999999973e+01	5.018195e+00
1.481999999999973e+01	5.018209e+00
1.482999999999973e+01	5.018224e+00
1.483999999999973e+01	5.018239e+00
1.484999999999973e+01	5.018253e+00
1.485999999999973e+01	5.018268e+00
1.486999999999973e+01	5.018282e+00
1.487999999999973e+01	5.018297e+00
1.488999999999973e+01	5.018312e+00
1.489999999999973e+01	5.018326e+00
1.490999999999973e+01	5.018341e+00
1.491999999999973e+01	5.018356e+00
1.492999999999973e+01	5.018370e+00
1.493999999999973e+01	5.018385e+00
1.494999999999973e+01	5.018400e+00
1.495999999999973e+01	5.018414e+00
1.496999999999973e+01	5.018429e+00
1.497999999999973e+01	5.018443e+00
1.498999999999972e+01	5.018458e+00
1.499999999999972e+01	5.018473e+00
1.500999999999972e+01	5.018487e+00
1.501999999999972e+01	5.018502e+00
1.502999999999972e+01	5.018516e+00
1.503999999999972e+01	5.018531e+00
1.504999999999972e+01	5.018546e+00
1.505999999999972e+01	5.018560e+00
1.506999999999972e+01	5.018575e+00
1.507999999999972e+01	5.018589e+00
1.508999999999972e+01	5.018604e+00
1.509999999999972e+01	5.018618e+00
1.510999999999972e+01	5.018633e+00
1.511999999999972e+01	5.018647e+00
1.512999999999972e+01	5.018662e+00
1.513999999999972e+01	5.018676e+00
1.514999999999972e+01	5.018691e+00
1.515999999999972e+01	5.018705e+00
1.516999999999972e+01	5.018720e+00
1.517999999999972e+01	5.018734e+00
1.518999999999972e+01	5.018749e+00
1.519999999999972e+01	5.018764e+00
1.520999999999972e+01	5.018778e+00
1.521999999999972e+01	5.018793e+00
1.522999999999972e+01	5.018807e+00
1.523999999999972e+01	5.018822e+00
1.524999999999972e+01	5.018836e+00
1.525999999999972e+01	5.018851e+00
1.526999999999972e+01	5.018865e+00
1.527999999999972e+01	5.018880e+00
1.528999999999972e+01	5.018894e+00
1.529999999999972e+01	5.018909e+00
1.530999999999972e+01	5.018923e+00
1.531999999999972e+01	5.018938e+00
1.532999999999972e+01	5.018952e+00
1.533999999999972e+01	5.018967e+00
1.534999999999972e+01	5.018981e+00
1.535999999999972e+01	5.018995e+00
1.536999999999972e+01	5.019010e+00
1.537999999999972e+01	5.019024e+00
1.538999999999972e+01	5.019039e+00
1.539999999999972e+01	5.019053e+00
1.540999999999972e+01	5.019068e+00
1.541999999999972e+01	5.019082e+00
1.542999999999972e+01	5.019097e+00
1.543999999999972e+01	5.019111e+00
1.544999999999972e+01	5.019125e+00
1.545999999999971e+01	5.019140e+00
1.546999999999971e+01	5.019155e+00
1.547999999999971e+01	5.019169e+00
1.548999999999971e+01	5.019183e+00
1.549999999999971e+01	5.019197e+00
1.550999999999971e+01	5.019212e+00
1.551999999999971e+01	5.019227e+00
1.552999999999971e+01	5.019241e+00
1.553999999999971e+01	5.019255e+00
1.554999999999971e+01	5.019269e+00
1.555999999999971e+01	5.019284e+00
1.556999999999971e+01	5.019299e+00
1.557999999999971e+01	5.019313e+00
1.558999999999971e+01	5.019327e+00
1.559999999999971e+01	5.019341e+00
1.560999999999971e+01	5.019356e+00
1.561999999999971e+01	5.019371e+00
1.562999999999971e+01	5.019385e+00
1.563999999999971e+01	5.019399e+00
1.564999999999971e+01	5.019413e+00
1.565999999999971e+01	5.019428e+00
1.566999999999971e+01	5.019442e+00
1.567999999999971e+01	5.019456e+00
1.568999999999971e+01	5.019471e+00
1.569999999999971e+01	5.019485e+00
1.570999999999971e+01	5.019500e+00
1.571999999999971e+01	5.019514e+00
1.572999999999971e+01	5.019528e+00
1.573999999999971e+01	5.019543e+00
1.574999999999971e+01	5.019557e+00
1.575999999999971e+01	5.019571e+00
1.576999999999971e+01	5.019586e+00
1.577999999999971e+01	5.019600e+00
1.578999999999971e+01	5.019614e+00
1.579999999999971e+01	5.019629e+00
1.580999999999971e+01	5.019643e+00
1.581999999999971e+01	5.019657e+00
1.582999999999971e+01	5.019671e+00
1.583999999999971e+01	5.019686e+00
1.584999999999971e+01	5.019700e+00
1.585999999999971e+01	5.019714e+00
1.586999999999971e+01	5.019729e+00
1.587999999999971e+01	5.019743e+00
1.588999999999971e+01	5.019757e+00
1.589999999999971e+01	5.019772e+00
1.590999999999971e+01	5.019786e+00
1.591999999999971e+01	5.019800e+00
1.592999999999970e+01	5.019814e+00
1.593999999999970e+01	5.019828e+00
1.594999999999970e+01	5.019843e+00
1.595999999999970e+01	5.019857e+00
1.596999999999970e+01	5.019871e+00
1.597999999999970e+01	5.019886e+00
1.598999999999970e+01	5.019900e+00
1.599999999999970e+01	5.019914e+00
1.600999999999970e+01	5.019928e+00
1.601999999999970e+01	5.019942e+00
1.602999999999971e+01	5.019957e+00
1.603999999999971e+01	5.019971e+00
1.604999999999971e+01	5.019985e+00
1.605999999999971e+01	5.020000e+00
1.606999999999971e+01	5.020014e+00
1.607999999999971e+01	5.020028e+00
1.608999999999972e+01	5.020042e+00
1.609999999999972e+01	5.020056e+00
1.610999999999972e+01	5.020071e+00
1.611999999999972e+01	5.020085e+00
1.612999999999972e+01	5.020099e+00
1.613999999999972e+01	5.020113e+00
1.614999999999973e+01	5.020127e+00
1.615999999999973e+01	5.020142e+00
1.616999999999973e+01	5.020155e+00
1.617999999999973e+01	5.020170e+00
1.618999999999973e+01	5.020184e+00
1.619999999999973e+01	5.020198e+00
1.620999999999973e+01	5.020212e+00
1.621999999999974e+01	5.020226e+00
1.622999999999974e+01	5.020241e+00
1.623999999999974e+01	5.020255e+00
1.624999999999974e+01	5.020269e+00
1.625999999999974e+01	5.020283e+00
1.626999999999974e+01	5.020298e+00
1.627999999999975e+01	5.020311e+00
1.628999999999975e+01	5.020326e+00
1.629999999999975e+01	5.020340e+00
1.630999999999975e+01	5.020354e+00
1.631999999999975e+01	5.020368e+00
1.632999999999975e+01	5.020382e+00
1.633999999999975e+01	5.020396e+00
1.634999999999976e+01	5.020411e+00
1.635999999999976e+01	5.020424e+00
1.636999999999976e+01	5.020439e+00
1.637999999999976e+01	5.020453e+00
1.638999999999976e+01	5.020467e+00
1.639999999999976e+01	5.020481e+00
1.640999999999977e+01	5.020495e+00
1.641999999999977e+01	5.020509e+00
1.642999999999977e+01	5.020523e+00
1.643999999999977e+01	5.020537e+00
1.644999999999977e+01	5.020552e+00
1.645999999999977e+01	5.020566e+00
1.646999999999978e+01	5.020580e+00
1.647999999999978e+01	5.020594e+00
1.648999999999978e+01	5.020608e+00
1.649999999999978e+01	5.020622e+00
1.650999999999978e+01	5.020636e+00
1.651999999999978e+01	5.020650e+00
1.652999999999978e+01	5.020664e+00
1.653999999999979e+01	5.020678e+00
1.654999999999979e+01	5.020692e+00
1.655999999999979e+01	5.020706e+00
1.656999999999979e+01	5.020720e+00
1.657999999999979e+01	5.020734e+00
1.658999999999979e+01	5.020748e+00
1.659999999999980e+01	5.020762e+00
1.660999999999980e+01	5.020776e+00
1.661999999999980e+01	5.020791e+00
1.662999999999980e+01	5.020804e+00
1.663999999999980e+01	5.020819e+00
1.664999999999980e+01	5.020833e+00
1.665999999999980e+01	5.020846e+00
1.666999999999981e+01	5.020861e+00
1.667999999999981e+01	5.020875e+00
1.668999999999981e+01	5.020889e+00
1.669999999999981e+01	5.020903e+00
1.670999999999981e+01	5.020916e+00
1.671999999999981e+01	5.020931e+00
1.672999999999982e+01	5.020945e+00
1.673999999999982e+01	5.020958e+00
1.674999999999982e+01	5.020973e+00
1.675999999999982e+01	5.020987e+00
1.676999999999982e+01	5.021000e+00
1.677999999999982e+01	5.021015e+00
1.678999999999983e+01	5.021029e+00
1.679999999999983e+01	5.021042e+00
1.680999999999983e+01	5.021057e+00
1.681999999999983e+01	5.021070e+00
1.682999999999983e+01	5.021084e+00
1.683999999999983e+01	5.021099e+00
1.684999999999983e+01	5.021112e+00
1.685999999999984e+01	5.021126e+00
1.686999999999984e+01	5.021140e+00
1.687999999999984e+01	5.021154e+00
1.688999999999984e+01	5.021168e+00
1.689999999999984e+01	5.021182e+00
1.690999999999984e+01	5.021196e+00
1.691999999999985e+01	5.021210e+00
1.692999999999985e+01	5.021224e+00
1.693999999999985e+01	5.021238e+00
1.694999999999985e+01	5.021252e+00
1.695999999999985e+01	5.021266e+00
1.696999999999985e+01	5.021280e+00
1.697999999999985e+01	5.021294e+00
1.698999999999986e+01	5.021307e+00
1.699999999999986e+01	5.021321e+00
1.700999999999986e+01	5.021335e+00
1.701999999999986e+01	5.021349e+00
1.702999999999986e+01	5.021363e+00
1.703999999999986e+01	5.021377e+00
1.704999999999987e+01	5.021391e+00
1.705999999999987e+01	5.021405e+00
1.706999999999987e+01	5.021419e+00
1.707999999999987e+01	5.021432e+00
1.708999999999987e+01	5.021446e+00
1.709999999999987e+01	5.021461e+00
1.710999999999988e+01	5.021474e+00
1.711999999999988e+01	5.021488e+00
1.712999999999988e+01	5.021502e+00
1.713999999999988e+01	5.021516e+00
1.714999999999988e+01	5.021530e+00
1.715999999999988e+01	5.021544e+00
1.716999999999988e+01	5.021557e+00
1.717999999999989e+01	5.021571e+00
1.718999999999989e+01	5.021585e+00
1.719999999999989e+01	5.021599e+00
1.720999999999989e+01	5.021613e+00
1.721999999999989e+01	5.021626e+00
1.722999999999989e+01	5.021640e+00
1.723999999999990e+01	5.021654e+00
1.724999999999990e+01	5.021668e+00
1.725999999999990e+01	5.021682e+00
1.726999999999990e+01	5.021696e+00
1.727999999999990e+01	5.021709e+00
1.728999999999990e+01	5.021723e+00
1.729999999999990e+01	5.021737e+00
1.730999999999991e+01	5.021751e+00
1.731999999999991e+01	5.021765e+00
1.732999999999991e+01	5.021779e+00
1.733999999999991e+01	5.021792e+00
1.734999999999991e+01	5.021806e+00
1.735999999999991e+01	5.021820e+00
1.736999999999992e+01	5.021834e+00
1.737999999999992e+01	5.021848e+00
1.738999999999992e+01	5.021862e+00
1.739999999999992e+01	5.021875e+00
1.740999999999992e+01	5.021889e+00
1.741999999999992e+01	5.021903e+00
1.742999999999993e+01	5.021916e+00
1.743999999999993e+01	5.021930e+00
1.744999999999993e+01	5.021944e+00
1.745999999999993e+01	5.021958e+00
1.746999999999993e+01	5.021972e+00
1.747999999999993e+01	5.021985e+00
1.748999999999993e+01	5.021999e+00
1.749999999999994e+01	5.022013e+00
1.750999999999994e+01	5.022027e+00
1.751999999999994e+01	5.022040e+00
1.752999999999994e+01	5.022054e+00
1.753999999999994e+01	5.022068e+00
1.754999999999994e+01	5.022081e+00
1.755999999999995e+01	5.022095e+00
1.756999999999995e+01	5.022109e+00
1.757999999999995e+01	5.022123e+00
1.758999999999995e+01	5.022136e+00
1.759999999999995e+01	5.022150e+00
1.760999999999995e+01	5.022164e+00
1.761999999999995e+01	5.022178e+00
1.762999999999996e+01	5.022191e+00
1.763999999999996e+01	5.022205e+00
1.764999999999996e+01	5.022219e+00
1.765999999999996e+01	5.022233e+00
1.766999999999996e+01	5.022246e+00
1.767999999999996e+01	5.022260e+00
1.768999999999997e+01	5.022274e+00
1.769999999999997e+01	5.022287e+00
1.770999999999997e+01	5.022301e+00
1.771999999999997e+01	5.022315e+00
1.772999999999997e+01	5.022328e+00
1.773999999999997e+01	5.022342e+00
1.774999999999998e+01	5.022356e+00
1.775999999999998e+01	5.022369e+00
1.776999999999998e+01	5.022383e+00
1.777999999999998e+01	5.022397e+00
1.778999999999998e+01	5.022410e+00
1.779999999999998e+01	5.022424e+00
1.780999999999998e+01	5.022438e+00
1.781999999999999e+01	5.022451e+00
1.782999999999999e+01	5.022465e+00
1.783999999999999e+01	5.022479e+00
1.784999999999999e+01	5.022492e+00
1.785999999999999e+01	5.022506e+00
1.786999999999999e+01	5.022520e+00
1.788000000000000e+01	5.022533e+00
1.789000000000000e+01	5.022547e+00
1.790000000000000e+01	5.022560e+00
1.791000000000000e+01	5.022574e+00
1.792000000000000e+01	5.022587e+00
1.793000000000000e+01	5.022601e+00
1.794000000000000e+01	5.022614e+00
1.795000000000001e+01	5.022628e+00
1.796000000000001e+01	5.022642e+00
1.797000000000001e+01	5.022655e+00
1.798000000000001e+01	5.022669e+00
1.799000000000001e+01	5.022683e+00
1.800000000000001e+01	5.022696e+00
1.801000000000002e+01	5.022710e+00
1.802000000000002e+01	5.022724e+00
1.803000000000002e+01	5.022737e+00
1.804000000000002e+01	5.022751e+00
1.805000000000002e+01	5.022764e+00
1.806000000000002e+01	5.022778e+00
1.807000000000003e+01	5.022791e+00
1.808000000000003e+01	5.022805e+00
1.809000000000003e+01	5.022819e+00
1.810000000000003e+01	5.022832e+00
1.811000000000003e+01	5.022846e+00
1.812000000000003e+01	5.022859e+00
1.813000000000003e+01	5.022873e+00
1.814000000000004e+01	5.022886e+00
1.815000000000004e+01	5.022900e+00
1.816000000000004e+01	5.022913e+00
1.817000000000004e+01	5.022927e+00
1.818000000000004e+01	5.022941e+00
1.819000000000004e+01	5.022954e+00
1.820000000000005e+01	5.022967e+00
1.821000000000005e+01	5.022981e+00
1.822000000000005e+01	5.022995e+00
1.823000000000005e+01	5.023008e+00
1.824000000000005e+01	5.023022e+00
1.825000000000005e+01	5.023035e+00
1.826000000000005e+01	5.023049e+00
1.827000000000006e+01	5.023062e+00
1.828000000000006e+01	5.023076e+00
1.829000000000006e+01	5.023089e+00
1.830000000000006e+01	5.023103e+00
1.831000000000006e+01	5.023116e+00
1.832000000000006e+01	5.023130e+00
1.833000000000007e+01	5.023143e+00
1.834000000000007e+01	5.023157e+00
1.835000000000007e+01	5.023170e+00
1.836000000000007e+01	5.023184e+00
1.837000000000007e+01	5.023197e+00
1.838000000000007e+01	5.023211e+00
1.839000000000008e+01	5.023224e+00
1.840000000000008e+01	5.023238e+00
1.841000000000008e+01	5.023251e+00
1.842000000000008e+01	5.023264e+00
1.843000000000008e+01	5.023278e+00
1.844000000000008e+01	5.023292e+00
1.845000000000008e+01	5.023305e+00
1.846000000000009e+01	5.023318e+00
1.847000000000009e+01	5.023332e+00
1.848000000000009e+01	5.023345e+00
1.849000000000009e+01	5.023359e+00
1.850000000000009e+01	5.023372e+00
1.851000000000009e+01	5.023386e+00
1.852000000000010e+01	5.023399e+00
1.853000000000010e+01	5.023412e+00
1.854000000000010e+01	5.023426e+00
1.855000000000010e+01	5.023439e+00
1.856000000000010e+01	5.023453e+00
1.857000000000010e+01	5.023466e+00
1.858000000000010e+01	5.023479e+00
1.859000000000011e+01	5.023493e+00
1.860000000000011e+01	5.023506e+00
1.861000000000011e+01	5.023520e+00
1.862000000000011e+01	5.023533e+00
1.863000000000011e+01	5.023547e+00
1.864000000000011e+01	5.023560e+00
1.865000000000012e+01	5.023573e+00
1.866000000000012e+01	5.023587e+00
1.867000000000012e+01	5.023600e+00
1.868000000000012e+01	5.023613e+00
1.869000000000012e+01	5.023627e+00
1.870000000000012e+01	5.023640e+00
1.871000000000013e+01	5.023654e+00
1.872000000000013e+01	5.023667e+00
1.873000000000013e+01	5.023681e+00
1.874000000000013e+01	5.023694e+00
1.875000000000013e+01	5.023707e+00
1.876000000000013e+01	5.023721e+00
1.877000000000013e+01	5.023734e+00
1.878000000000014e+01	5.023747e+00
1.879000000000014e+01	5.023761e+00
1.880000000000014e+01	5.023774e+00
1.881000000000014e+01	5.023787e+00
1.882000000000014e+01	5.023801e+00
1.883000000000014e+01	5.023814e+00
1.884000000000015e+01	5.023828e+00
1.885000000000015e+01	5.023841e+00
1.886000000000015e+01	5.023854e+00
1.887000000000015e+01	5.023868e+00
1.888000000000015e+01	5.023881e+00
1.889000000000015e+01	5.023894e+00
1.890000000000015e+01	5.023907e+00
1.891000000000016e+01	5.023921e+00
1.892000000000016e+01	5.023934e+00
1.893000000000016e+01	5.023947e+00
1.894000000000016e+01	5.023961e+00
1.895000000000016e+01	5.023974e+00
1.896000000000016e+01	5.023987e+00
1.897000000000017e+01	5.024001e+00
1.898000000000017e+01	5.024014e+00
1.899000000000017e+01	5.024027e+00
1.900000000000017e+01	5.024040e+00
1.901000000000017e+01	5.024054e+00
1.902000000000017e+01	5.024067e+00
1.903000000000018e+01	5.024080e+00
1.904000000000018e+01	5.024094e+00
1.905000000000018e+01	5.024107e+00
1.906000000000018e+01	5.024120e+00
1.907000000000018e+01	5.024133e+00
1.908000000000018e+01	5.024147e+00
1.909000000000018e+01	5.024160e+00
1.910000000000019e+01	5.024173e+00
1.911000000000019e+01	5.024187e+00
1.912000000000019e+01	5.024200e+00
1.913000000000019e+01	5.024213e+00
1.914000000000019e+01	5.024226e+00
1.915000000000019e+01	5.024240e+00
1.916000000000020e+01	5.024253e+00
1.917000000000020e+01	5.024266e+00
1.918000000000020e+01	5.024279e+00
1.919000000000020e+01	5.024292e+00
1.920000000000020e+01	5.024306e+00
1.921000000000020e+01	5.024319e+00
1.922000000000020e+01	5.024332e+00
1.923000000000021e+01	5.024345e+00
1.924000000000021e+01	5.024359e+00
1.925000000000021e+01	5.024372e+00
1.926000000000021e+01	5.024385e+00
1.927000000000021e+01	5.024398e+00
1.928000000000021e+01	5.024412e+00
1.929000000000022e+01	5.024425e+00
1.930000000000022e+01	5.024438e+00
1.931000000000022e+01	5.024451e+00
1.932000000000022e+01	5.024464e+00
1.933000000000022e+01	5.024477e+00
1.934000000000022e+01	5.024491e+00
1.935000000000023e+01	5.024504e+00
1.936000000000023e+01	5.024517e+00
1.937000000000023e+01	5.024530e+00
1.938000000000023e+01	5.024543e+00
1.939000000000023e+01	5.024557e+00
1.940000000000023e+01	5.024570e+00
1.941000000000023e+01	5.024583e+00
1.942000000000024e+01	5.024596e+00
1.943000000000024e+01	5.024610e+00
1.944000000000024e+01	5.024622e+00
1.945000000000024e+01	5.024636e+00
1.946000000000024e+01	5.024649e+00
1.947000000000024e+01	5.024662e+00
1.948000000000025e+01	5.024675e+00
1.949000000000025e+01	5.024688e+00
1.950000000000025e+01	5.024702e+00
1.951000000000025e+01	5.024714e+00
1.952000000000025e+01	5.024728e+00
1.953000000000025e+01	5.024741e+00
1.954000000000025e+01	5.024754e+00
1.955000000000026e+01	5.024767e+00
1.956000000000026e+01	5.024780e+00
1.957000000000026e+01	5.024794e+00
1.958000000000026e+01	5.024806e+00
1.959000000000026e+01	5.024820e+00
1.960000000000026e+01	5.024833e+00
1.961000000000027e+01	5.024846e+00
1.962000000000027e+01	5.024859e+00
1.963000000000027e+01	5.024872e+00
1.964000000000027e+01	5.024885e+00
1.965000000000027e+01	5.024899e+00
1.966000000000027e+01	5.024911e+00
1.967000000000028e+01	5.024925e+00
1.968000000000028e+01	5.024938e+00
1.969000000000028e+01	5.024951e+00
1.970000000000028e+01	5.024964e+00
1.971000000000028e+01	5.024977e+00
1.972000000000028e+01	5.024990e+00
1.973000000000028e+01	5.025003e+00
1.974000000000029e+01	5.025016e+00
1.975000000000029e+01	5.025029e+00
1.976000000000029e+01	5.025043e+00
1.977000000000029e+01	5.025055e+00
1.978000000000029e+01	5.025068e+00
1.979000000000029e+01	5.025082e+00
1.980000000000030e+01	5.025095e+00
1.981000000000030e+01	5.025108e+00
1.982000000000030e+01	5.025121e+00
1.983000000000030e+01	5.025134e+00
1.984000000000030e+01	5.025147e+00
1.985000000000030e+01	5.025160e+00
1.986000000000030e+01	5.025173e+00
1.987000000000031e+01	5.025186e+00
1.988000000000031e+01	5.025199e+00
1.989000000000031e+01	5.025212e+00
1.990000000000031e+01	5.025225e+00
1.991000000000031e+01	5.025238e+00
1.992000000000031e+01	5.025251e+00
1.993000000000032e+01	5.025264e+00
1.994000000000032e+01	5.025277e+00
1.995000000000032e+01	5.025290e+00
1.996000000000032e+01	5.025303e+00
1.997000000000032e+01	5.025316e+00
1.998000000000032e+01	5.025329e+00
1.999000000000033e+01	5.025342e+00
2.000000000000033e+01	5.025355e+00
2.001000000000033e+01	5.025368e+00
2.002000000000033e+01	5.025381e+00
2.003000000000033e+01	5.025394e+00
2.004000000000033e+01	5.025407e+00
2.005000000000033e+01	5.025420e+00
2.006000000000034e+01	5.025433e+00
2.007000000000034e+01	5.025446e+00
2.008000000000034e+01	5.025459e+00
2.009000000000034e+01	5.025472e+00
2.010000000000034e+01	5.025485e+00
2.011000000000034e+01	5.025498e+00
2.012000000000035e+01	5.025511e+00
2.013000000000035e+01	5.025524e+00
2.014000000000035e+01	5.025537e+00
2.015000000000035e+01	5.025550e+00
2.016000000000035e+01	5.025563e+00
2.017000000000035e+01	5.025576e+00
2.018000000000035e+01	5.025589e+00
2.019000000000036e+01	5.025602e+00
2.020000000000036e+01	5.025615e+00
2.021000000000036e+01	5.025628e+00
2.022000000000036e+01	5.025640e+00
2.023000000000036e+01	5.025654e+00
2.024000000000036e+01	5.025667e+00
2.025000000000037e+01	5.025680e+00
2.026000000000037e+01	5.025692e+00
2.027000000000037e+01	5.025705e+00
2.028000000000037e+01	5.025718e+00
2.029000000000037e+01	5.025731e+00
2.030000000000037e+01	5.025744e+00
2.031000000000038e+01	5.025757e+00
2.032000000000038e+01	5.025770e+00
2.033000000000038e+01	5.025783e+00
2.034000000000038e+01	5.025796e+00
2.035000000000038e+01	5.025809e+00
2.036000000000038e+01	5.025822e+00
2.037000000000038e+01	5.025835e+00
2.038000000000039e+01	5.025847e+00
2.039000000000039e+01	5.025860e+00
2.040000000000039e+01	5.025873e+00
2.041000000000039e+01	5.025886e+00
2.042000000000039e+01	5.025899e+00
2.043000000000039e+01	5.025912e+00
2.044000000000040e+01	5.025925e+00
2.045000000000040e+01	5.025938e+00
2.046000000000040e+01	5.025950e+00
2.047000000000040e+01	5.025963e+00
2.048000000000040e+01	5.025976e+00
2.049000000000040e+01	5.025989e+00
2.050000000000041e+01	5.026002e+00
2.051000000000041e+01	5.026015e+00
2.052000000000041e+01	5.026028e+00
2.053000000000041e+01	5.026041e+00
2.054000000000041e+01	5.026053e+00
2.055000000000041e+01	5.026066e+00
2.056000000000041e+01	5.026079e+00
2.057000000000042e+01	5.026092e+00
2.058000000000042e+01	5.026105e+00
2.059000000000042e+01	5.026118e+00
2.060000000000042e+01	5.026131e+00
2.061000000000042e+01	5.026144e+00
2.062000000000042e+01	5.026156e+00
2.063000000000043e+01	5.026169e+00
2.064000000000043e+01	5.026182e+00
2.065000000000043e+01	5.026195e+00
2.066000000000043e+01	5.026207e+00
2.067000000000043e+01	5.026220e+00
2.068000000000043e+01	5.026233e+00
2.069000000000043e+01	5.026246e+00
2.070000000000044e+01	5.026259e+00
2.071000000000044e+01	5.026272e+00
2.072000000000044e+01	5.026285e+00
2.073000000000044e+01	5.026298e+00
2.074000000000044e+01	5.026310e+00
2.075000000000044e+01	5.026323e+00
2.076000000000045e+01	5.026336e+00
2.077000000000045e+01	5.026349e+00
2.078000000000045e+01	5.026361e+00
2.079000000000045e+01	5.026374e+00
2.080000000000045e+01	5.026387e+00
2.081000000000045e+01	5.026400e+00
2.082000000000046e+01	5.026412e+00
2.083000000000046e+01	5.026425e+00
2.084000000000046e+01	5.026438e+00
2.085000000000046e+01	5.026451e+00
2.086000000000046e+01	5.026464e+00
2.087000000000046e+01	5.026476e+00
2.088000000000046e+01	5.026489e+00
2.089000000000047e+01	5.026502e+00
2.090000000000047e+01	5.026515e+00
2.091000000000047e+01	5.026527e+00
2.092000000000047e+01	5.026540e+00
2.093000000000047e+01	5.026553e+00
2.094000000000047e+01	5.026566e+00
2.095000000000048e+01	5.026578e+00
2.096000000000048e+01	5.026591e+00
2.097000000000048e+01	5.026604e+00
2.098000000000048e+01	5.026617e+00
2.099000000000048e+01	5.026629e+00
2.100000000000048e+01	5.026642e+00
2.101000000000048e+01	5.026655e+00
2.102000000000049e+01	5.026668e+00
2.103000000000049e+01	5.026680e+00
2.104000000000049e+01	5.026693e+00
2.105000000000049e+01	5.026706e+00
2.106000000000049e+01	5.026719e+00
2.107000000000049e+01	5.026731e+00
2.108000000000050e+01	5.026744e+00
2.109000000000050e+01	5.026757e+00
2.110000000000050e+01	5.026769e+00
2.111000000000050e+01	5.026782e+00
2.112000000000050e+01	5.026795e+00
2.113000000000050e+01	5.026807e+00
2.114000000000051e+01	5.026820e+00
2.115000000000051e+01	5.026833e+00
2.116000000000051e+01	5.026845e+00
2.117000000000051e+01	5.026858e+00
2.118000000000051e+01	5.026871e+00
2.119000000000051e+01	5.026884e+00
2.120000000000051e+01	5.026896e+00
2.121000000000052e+01	5.026909e+00
2.122000000000052e+01	5.026922e+00
2.123000000000052e+01	5.026934e+00
2.124000000000052e+01	5.026947e+00
2.125000000000052e+01	5.026959e+00
2.126000000000052e+01	5.026972e+00
2.127000000000053e+01	5.026985e+00
2.128000000000053e+01	5.026998e+00
2.129000000000053e+01	5.027010e+00
2.130000000000053e+01	5.027023e+00
2.131000000000053e+01	5.027036e+00
2.132000000000053e+01	5.027048e+00
2.133000000000053e+01	5.027061e+00
2.134000000000054e+01	5.027073e+00
2.135000000000054e+01	5.027086e+00
2.136000000000054e+01	5.027099e+00
2.137000000000054e+01	5.027112e+00
2.138000000000054e+01	5.027124e+00
2.139000000000054e+01	5.027137e+00
2.140000000000055e+01	5.027149e+00
2.141000000000055e+01	5.027162e+00
2.142000000000055e+01	5.027174e+00
2.143000000000055e+01	5.027187e+00
2.144000000000055e+01	5.027200e+00
2.145000000000055e+01	5.027213e+00
2.146000000000056e+01	5.027225e+00
2.147000000000056e+01	5.027237e+00
2.148000000000056e+01	5.027250e+00
2.149000000000056e+01	5.027263e+00
2.150000000000056e+01	5.027276e+00
2.151000000000056e+01	5.027288e+00
2.152000000000056e+01	5.027301e+00
2.153000000000057e+01	5.027313e+00
2.154000000000057e+01	5.027326e+00
2.155000000000057e+01	5.027339e+00
2.156000000000057e+01	5.027351e+00
2.157000000000057e+01	5.027364e+00
2.158000000000057e+01	5.027376e+00
2.159000000000058e+01	5.027389e+00
2.160000000000058e+01	5.027401e+00
2.161000000000058e+01	5.027414e+00
2.162000000000058e+01	5.027426e+00
2.163000000000058e+01	5.027439e+00
2.164000000000058e+01	5.027452e+00
2.165000000000058e+01	5.027464e+00
2.166000000000059e+01	5.027477e+00
2.167000000000059e+01	5.027489e+00
2.168000000000059e+01	5.027502e+00
2.169000000000059e+01	5.027514e+00
2.170000000000059e+01	5.027527e+00
2.171000000000059e+01	5.027539e+00
2.172000000000060e+01	5.027552e+00
2.173000000000060e+01	5.027565e+00
2.174000000000060e+01	5.027577e+00
2.175000000000060e+01	5.027590e+00
2.176000000000060e+01	5.027602e+00
2.177000000000060e+01	5.027615e+00
2.178000000000061e+01	5.027627e+00
2.179000000000061e+01	5.027640e+00
2.180000000000061e+01	5.027652e+00
2.181000000000061e+01	5.027665e+00
2.182000000000061e+01	5.027678e+00
2.183000000000061e+01	5.027690e+00
2.184000000000061e+01	5.027702e+00
2.185000000000062e+01	5.027715e+00
2.186000000000062e+01	5.027728e+00
2.187000000000062e+01	5.027740e+00
2.188000000000062e+01	5.027752e+00
2.189000000000062e+01	5.027765e+00
2.190000000000062e+01	5.027777e+00
2.191000000000063e+01	5.027790e+00
2.192000000000063e+01	5.027802e+00
2.193000000000063e+01	5.027815e+00
2.194000000000063e+01	5.027827e+00
2.195000000000063e+01	5.027840e+00
2.196000000000063e+01	5.027853e+00
2.197000000000063e+01	5.027865e+00
2.198000000000064e+01	5.027877e+00
2.199000000000064e+01	5.027890e+00
2.200000000000064e+01	5.027902e+00
2.201000000000064e+01	5.027915e+00
2.202000000000064e+01	5.027927e+00
2.203000000000064e+01	5.027940e+00
2.204000000000065e+01	5.027952e+00
2.205000000000065e+01	5.027965e+00
2.206000000000065e+01	5.027977e+00
2.207000000000065e+01	5.027989e+00
2.208000000000065e+01	5.028002e+00
2.209000000000065e+01	5.028014e+00
2.210000000000066e+01	5.028027e+00
2.211000000000066e+01	5.028039e+00
2.212000000000066e+01	5.028052e+00
2.213000000000066e+01	5.028064e+00
2.214000000000066e+01	5.028077e+00
2.215000000000066e+01	5.028089e+00
2.216000000000066e+01	5.028101e+00
2.217000000000067e+01	5.028114e+00
2.218000000000067e+01	5.028126e+00
2.219000000000067e+01	5.028139e+00
2.220000000000067e+01	5.028151e+00
2.221000000000067e+01	5.028163e+00
2.222000000000067e+01	5.028176e+00
2.223000000000068e+01	5.028188e+00
2.224000000000068e+01	5.028201e+00
2.225000000000068e+01	5.028213e+00
2.226000000000068e+01	5.028225e+00
2.227000000000068e+01	5.028238e+00
2.228000000000068e+01	5.028251e+00
2.229000000000068e+01	5.028263e+00
2.230000000000069e+01	5.028275e+00
2.231000000000069e+01	5.028288e+00
2.232000000000069e+01	5.028300e+00
2.233000000000069e+01	5.028312e+00
2.234000000000069e+01	5.028325e+00
2.235000000000069e+01	5.028337e+00
2.236000000000070e+01	5.028349e+00
2.237000000000070e+01	5.028362e+00
2.238000000000070e+01	5.028374e+00
2.239000000000070e+01	5.028387e+00
2.240000000000070e+01	5.028399e+00
2.241000000000070e+01	5.028411e+00
2.242000000000071e+01	5.028424e+00
2.243000000000071e+01	5.028436e+00
2.244000000000071e+01	5.028449e+00
2.245000000000071e+01	5.028461e+00
2.246000000000071e+01	5.028473e+00
2.247000000000071e+01	5.028486e+00
2.248000000000071e+01	5.028498e+00
2.249000000000072e+01	5.028511e+00
2.250000000000072e+01	5.028522e+00
2.251000000000072e+01	5.028535e+00
2.252000000000072e+01	5.028547e+00
2.253000000000072e+01	5.028560e+00
2.254000000000072e+01	5.028572e+00
2.255000000000073e+01	5.028584e+00
2.256000000000073e+01	5.028597e+00
2.257000000000073e+01	5.028609e+00
2.258000000000073e+01	5.028621e+00
2.259000000000073e+01	5.028634e+00
2.260000000000073e+01	5.028646e+00
2.261000000000073e+01	5.028658e+00
2.262000000000074e+01	5.028671e+00
2.263000000000074e+01	5.028683e+00
2.264000000000074e+01	5.028695e+00
2.265000000000074e+01	5.028708e+00
2.266000000000074e+01	5.028720e+00
2.267000000000074e+01	5.028732e+00
2.268000000000075e+01	5.028745e+00
2.269000000000075e+01	5.028757e+00
2.270000000000075e+01	5.028769e+00
2.271000000000075e+01	5.028781e+00
2.272000000000075e+01	5.028794e+00
2.273000000000075e+01	5.028806e+00
2.274000000000076e+01	5.028818e+00
2.275000000000076e+01	5.028831e+00
2.276000000000076e+01	5.028843e+00
2.277000000000076e+01	5.028855e+00
2.278000000000076e+01	5.028867e+00
2.279000000000076e+01	5.028880e+00
2.280000000000076e+01	5.028892e+00
2.281000000000077e+01	5.028904e+00
2.282000000000077e+01	5.028916e+00
2.283000000000077e+01	5.028929e+00
2.284000000000077e+01	5.028941e+00
2.285000000000077e+01	5.028953e+00
2.286000000000077e+01	5.028965e+00
2.287000000000078e+01	5.028978e+00
2.288000000000078e+01	5.028990e+00
2.289000000000078e+01	5.029002e+00
2.290000000000078e+01	5.029015e+00
2.291000000000078e+01	5.029027e+00
2.292000000000078e+01	5.029039e+00
2.293000000000078e+01	5.029051e+00
2.294000000000079e+01	5.029064e+00
2.295000000000079e+01	5.029076e+00
2.296000000000079e+01	5.029088e+00
2.297000000000079e+01	5.029100e+00
2.298000000000079e+01	5.029112e+00
2.299000000000079e+01	5.029125e+00
2.300000000000080e+01	5.029137e+00
2.301000000000080e+01	5.029149e+00
2.302000000000080e+01	5.029161e+00
2.303000000000080e+01	5.029173e+00
2.304000000000080e+01	5.029186e+00
2.305000000000080e+01	5.029198e+00
2.306000000000081e+01	5.029210e+00
2.307000000000081e+01	5.029222e+00
2.308000000000081e+01	5.029234e+00
2.309000000000081e+01	5.029247e+00
2.310000000000081e+01	5.029259e+00
2.311000000000081e+01	5.029271e+00
2.312000000000081e+01	5.029284e+00
2.313000000000082e+01	5.029295e+00
2.314000000000082e+01	5.029308e+00
2.315000000000082e+01	5.029320e+00
2.316000000000082e+01	5.029332e+00
2.317000000000082e+01	5.029344e+00
2.318000000000082e+01	5.029356e+00
2.319000000000083e+01	5.029369e+00
2.320000000000083e+01	5.029381e+00
2.321000000000083e+01	5.029393e+00
2.322000000000083e+01	5.029405e+00
2.323000000000083e+01	5.029418e+00
2.324000000000083e+01	5.029429e+00
2.325000000000083e+01	5.029442e+00
2.326000000000084e+01	5.029454e+00
2.327000000000084e+01	5.029466e+00
2.328000000000084e+01	5.029478e+00
2.329000000000084e+01	5.029490e+00
2.330000000000084e+01	5.029502e+00
2.331000000000084e+01	5.029515e+00
2.332000000000085e+01	5.029527e+00
2.333000000000085e+01	5.029539e+00
2.334000000000085e+01	5.029551e+00
2.335000000000085e+01	5.029563e+00
2.336000000000085e+01	5.029575e+00
2.337000000000085e+01	5.029587e+00
2.338000000000086e+01	5.029600e+00
2.339000000000086e+01	5.029612e+00
2.340000000000086e+01	5.029624e+00
2.341000000000086e+01	5.029636e+00
2.342000000000086e+01	5.029648e+00
2.343000000000086e+01	5.029660e+00
2.344000000000086e+01	5.029672e+00
2.345000000000087e+01	5.029685e+00
2.346000000000087e+01	5.029696e+00
2.347000000000087e+01	5.029709e+00
2.348000000000087e+01	5.029721e+00
2.349000000000087e+01	5.029733e+00
2.350000000000087e+01	5.029745e+00
2.351000000000088e+01	5.029757e+00
2.352000000000088e+01	5.029769e+00
2.353000000000088e+01	5.029781e+00
2.354000000000088e+01	5.029793e+00
2.355000000000088e+01	5.029806e+00
2.356000000000088e+01	5.029818e+00
2.357000000000088e+01	5.029830e+00
2.358000000000089e+01	5.029842e+00
2.359000000000089e+01	5.029854e+00
2.360000000000089e+01	5.029866e+00
2.361000000000089e+01	5.029878e+00
2.362000000000089e+01	5.029890e+00
2.363000000000089e+01	5.029902e+00
2.364000000000090e+01	5.029914e+00
2.365000000000090e+01	5.029926e+00
2.366000000000090e+01	5.029938e+00
2.367000000000090e+01	5.029950e+00
2.368000000000090e+01	5.029963e+00
2.369000000000090e+01	5.029974e+00
2.370000000000091e+01	5.029986e+00
2.371000000000091e+01	5.029999e+00
2.372000000000091e+01	5.030011e+00
2.373000000000091e+01	5.030023e+00
2.374000000000091e+01	5.030035e+00
2.375000000000091e+01	5.030047e+00
2.376000000000091e+01	5.030059e+00
2.377000000000092e+01	5.030071e+00
2.378000000000092e+01	5.030083e+00
2.379000000000092e+01	5.030095e+00
2.380000000000092e+01	5.030107e+00
2.381000000000092e+01	5.030119e+00
2.382000000000092e+01	5.030131e+00
2.383000000000093e+01	5.030143e+00
2.384000000000093e+01	5.030155e+00
2.385000000000093e+01	5.030167e+00
2.386000000000093e+01	5.030179e+00
2.387000000000093e+01	5.030191e+00
2.388000000000093e+01	5.030203e+00
2.389000000000093e+01	5.030215e+00
2.390000000000094e+01	5.030227e+00
2.391000000000094e+01	5.030239e+00
2.392000000000094e+01	5.030251e+00
2.393000000000094e+01	5.030263e+00
2.394000000000094e+01	5.030275e+00
2.395000000000094e+01	5.030287e+00
2.396000000000095e+01	5.030299e+00
2.397000000000095e+01	5.030311e+00
2.398000000000095e+01	5.030323e+00
2.399000000000095e+01	5.030335e+00
2.400000000000000e+01	5.030347e+00
