vreg	V(vo)
0.000000000000000e+00	5.781138e-11
1.000000000000000e-02	5.129697e-09
2.000000000000000e-02	1.191268e-08
3.000000000000000e-02	2.092111e-08
4.000000000000000e-02	3.277490e-08
5.000000000000000e-02	4.818445e-08
6.000000000000000e-02	6.790447e-08
7.000000000000001e-02	9.264378e-08
8.000000000000000e-02	1.229254e-07
9.000000000000000e-02	1.589110e-07
9.999999999999999e-02	2.002347e-07
1.100000000000000e-01	2.459193e-07
1.200000000000000e-01	2.944479e-07
1.300000000000000e-01	3.440120e-07
1.400000000000000e-01	3.928739e-07
1.500000000000000e-01	4.397216e-07
1.600000000000000e-01	4.838908e-07
1.700000000000000e-01	5.254049e-07
1.800000000000000e-01	5.648436e-07
1.900000000000000e-01	6.031374e-07
2.000000000000000e-01	6.413317e-07
2.100000000000000e-01	6.803420e-07
2.200000000000001e-01	7.208033e-07
2.300000000000001e-01	7.629825e-07
2.400000000000001e-01	8.067631e-07
2.500000000000001e-01	8.515557e-07
2.600000000000001e-01	8.965785e-07
2.700000000000001e-01	9.407340e-07
2.800000000000001e-01	9.829822e-07
2.900000000000001e-01	1.022174e-06
3.000000000000001e-01	1.057798e-06
3.100000000000001e-01	1.089334e-06
3.200000000000001e-01	1.116740e-06
3.300000000000001e-01	1.140245e-06
3.400000000000001e-01	1.160295e-06
3.500000000000001e-01	1.177366e-06
3.600000000000002e-01	1.191980e-06
3.700000000000002e-01	1.204581e-06
3.800000000000002e-01	1.215616e-06
3.900000000000002e-01	1.225554e-06
4.000000000000002e-01	1.234501e-06
4.100000000000002e-01	1.242860e-06
4.200000000000002e-01	1.250772e-06
4.300000000000002e-01	1.258192e-06
4.400000000000002e-01	1.265439e-06
4.500000000000002e-01	1.272354e-06
4.600000000000002e-01	1.279307e-06
4.700000000000003e-01	1.286044e-06
4.800000000000003e-01	1.292681e-06
4.900000000000003e-01	1.299387e-06
5.000000000000002e-01	1.305955e-06
5.100000000000002e-01	1.312595e-06
5.200000000000002e-01	1.319156e-06
5.300000000000002e-01	1.325753e-06
5.400000000000003e-01	1.332318e-06
5.500000000000003e-01	1.338881e-06
5.600000000000003e-01	1.345486e-06
5.700000000000003e-01	1.352160e-06
5.800000000000003e-01	1.358721e-06
5.900000000000003e-01	1.365422e-06
6.000000000000003e-01	1.372033e-06
6.100000000000003e-01	1.378749e-06
6.200000000000003e-01	1.385390e-06
6.300000000000003e-01	1.392099e-06
6.400000000000003e-01	1.398749e-06
6.500000000000004e-01	1.405489e-06
6.600000000000004e-01	1.412143e-06
6.700000000000004e-01	1.418858e-06
6.800000000000004e-01	1.425618e-06
6.900000000000004e-01	1.432388e-06
7.000000000000004e-01	1.439273e-06
7.100000000000004e-01	1.445968e-06
7.200000000000004e-01	1.452778e-06
7.300000000000004e-01	1.459587e-06
7.400000000000004e-01	1.466398e-06
7.500000000000004e-01	1.473337e-06
7.600000000000005e-01	1.480194e-06
7.700000000000005e-01	1.487023e-06
7.800000000000005e-01	1.493911e-06
7.900000000000005e-01	1.500787e-06
8.000000000000005e-01	1.507691e-06
8.100000000000005e-01	1.514720e-06
8.200000000000005e-01	1.521627e-06
8.300000000000005e-01	1.528629e-06
8.400000000000005e-01	1.535543e-06
8.500000000000005e-01	1.542509e-06
8.600000000000005e-01	1.549518e-06
8.700000000000006e-01	1.556499e-06
8.800000000000006e-01	1.563580e-06
8.900000000000006e-01	1.570566e-06
9.000000000000006e-01	1.577574e-06
9.100000000000006e-01	1.584641e-06
9.200000000000006e-01	1.591785e-06
9.300000000000006e-01	1.598881e-06
9.400000000000006e-01	1.605952e-06
9.500000000000006e-01	1.612986e-06
9.600000000000006e-01	1.620083e-06
9.700000000000006e-01	1.627214e-06
9.800000000000006e-01	1.634378e-06
9.900000000000007e-01	1.641592e-06
1.000000000000001e+00	1.648643e-06
1.010000000000001e+00	1.655939e-06
1.020000000000001e+00	1.663156e-06
1.030000000000001e+00	1.670341e-06
1.040000000000001e+00	1.677458e-06
1.050000000000001e+00	1.684646e-06
1.060000000000001e+00	1.691995e-06
1.070000000000001e+00	1.699229e-06
1.080000000000001e+00	1.706385e-06
1.090000000000001e+00	1.713769e-06
1.100000000000001e+00	1.721021e-06
1.110000000000001e+00	1.728403e-06
1.120000000000001e+00	1.735629e-06
1.130000000000001e+00	1.743001e-06
1.140000000000001e+00	1.750246e-06
1.150000000000001e+00	1.757710e-06
1.160000000000001e+00	1.764917e-06
1.170000000000001e+00	1.772287e-06
1.180000000000001e+00	1.779675e-06
1.190000000000001e+00	1.787091e-06
1.200000000000001e+00	1.794481e-06
1.210000000000001e+00	1.801899e-06
1.220000000000001e+00	1.809301e-06
1.230000000000001e+00	1.816714e-06
1.240000000000001e+00	1.824167e-06
1.250000000000001e+00	1.831573e-06
1.260000000000001e+00	1.839053e-06
1.270000000000001e+00	1.846594e-06
1.280000000000001e+00	1.853994e-06
1.290000000000001e+00	1.861533e-06
1.300000000000001e+00	1.868969e-06
1.310000000000001e+00	1.876520e-06
1.320000000000001e+00	1.884089e-06
1.330000000000001e+00	1.891634e-06
1.340000000000001e+00	1.899183e-06
1.350000000000001e+00	1.906714e-06
1.360000000000001e+00	1.914309e-06
1.370000000000001e+00	1.921783e-06
1.380000000000001e+00	1.929399e-06
1.390000000000001e+00	1.937073e-06
1.400000000000001e+00	1.944588e-06
1.410000000000001e+00	1.952174e-06
1.420000000000001e+00	1.959911e-06
1.430000000000001e+00	1.967591e-06
1.440000000000001e+00	1.975143e-06
1.450000000000001e+00	1.982775e-06
1.460000000000001e+00	1.990517e-06
1.470000000000001e+00	1.998194e-06
1.480000000000001e+00	2.005812e-06
1.490000000000001e+00	2.013520e-06
1.500000000000001e+00	2.021323e-06
1.510000000000001e+00	2.028979e-06
1.520000000000001e+00	2.036720e-06
1.530000000000001e+00	2.044398e-06
1.540000000000001e+00	2.052232e-06
1.550000000000001e+00	2.059943e-06
1.560000000000001e+00	2.067746e-06
1.570000000000001e+00	2.075556e-06
1.580000000000001e+00	2.083336e-06
1.590000000000001e+00	2.091069e-06
1.600000000000001e+00	2.099022e-06
1.610000000000001e+00	2.106746e-06
1.620000000000001e+00	2.114572e-06
1.630000000000001e+00	2.122482e-06
1.640000000000001e+00	2.130367e-06
1.650000000000001e+00	2.138257e-06
1.660000000000001e+00	2.146121e-06
1.670000000000001e+00	2.154084e-06
1.680000000000001e+00	2.162162e-06
1.690000000000001e+00	2.170309e-06
1.700000000000001e+00	2.178406e-06
1.710000000000001e+00	2.186852e-06
1.720000000000001e+00	2.195363e-06
1.730000000000001e+00	2.204376e-06
1.740000000000001e+00	2.213785e-06
1.750000000000001e+00	2.223929e-06
1.760000000000001e+00	2.234949e-06
1.770000000000001e+00	2.247491e-06
1.780000000000001e+00	2.262152e-06
1.790000000000001e+00	2.280100e-06
1.800000000000001e+00	2.302673e-06
1.810000000000001e+00	2.331944e-06
1.820000000000001e+00	2.371401e-06
1.830000000000001e+00	2.425534e-06
1.840000000000001e+00	2.501538e-06
1.850000000000001e+00	2.609945e-06
1.860000000000001e+00	2.766764e-06
1.870000000000001e+00	2.995403e-06
1.880000000000001e+00	3.332248e-06
1.890000000000001e+00	3.832100e-06
1.900000000000001e+00	4.578639e-06
1.910000000000001e+00	5.698678e-06
1.920000000000001e+00	7.384416e-06
1.930000000000001e+00	9.925255e-06
1.940000000000002e+00	1.375541e-05
1.950000000000002e+00	1.952314e-05
1.960000000000002e+00	2.819436e-05
1.970000000000002e+00	4.120322e-05
1.980000000000002e+00	6.067888e-05
1.990000000000002e+00	8.977154e-05
2.000000000000001e+00	1.331422e-04
2.010000000000001e+00	1.976737e-04
2.020000000000001e+00	2.935221e-04
2.030000000000001e+00	4.356572e-04
2.040000000000000e+00	6.461251e-04
2.050000000000000e+00	9.573678e-04
2.060000000000000e+00	1.417088e-03
2.070000000000000e+00	2.095377e-03
2.080000000000000e+00	3.095156e-03
2.089999999999999e+00	4.567439e-03
2.099999999999999e+00	6.733644e-03
2.109999999999999e+00	9.918137e-03
2.119999999999999e+00	1.459559e-02
2.129999999999999e+00	2.145975e-02
2.139999999999998e+00	3.152270e-02
2.149999999999998e+00	4.625744e-02
2.159999999999998e+00	6.780048e-02
2.169999999999998e+00	9.923575e-02
2.179999999999997e+00	1.449840e-01
2.189999999999997e+00	2.113193e-01
2.199999999999997e+00	3.070186e-01
2.209999999999997e+00	4.441086e-01
2.219999999999997e+00	6.385878e-01
2.229999999999996e+00	9.108559e-01
2.239999999999996e+00	1.282313e+00
2.249999999999996e+00	1.414945e+00
2.259999999999996e+00	1.448857e+00
2.269999999999996e+00	1.473017e+00
2.279999999999995e+00	1.493495e+00
2.289999999999995e+00	1.511248e+00
2.299999999999995e+00	1.527276e+00
2.309999999999995e+00	1.541901e+00
2.319999999999995e+00	1.555275e+00
2.329999999999994e+00	1.567579e+00
2.339999999999994e+00	1.579004e+00
2.349999999999994e+00	1.589736e+00
2.359999999999994e+00	1.599937e+00
2.369999999999993e+00	1.609737e+00
2.379999999999993e+00	1.619230e+00
2.389999999999993e+00	1.628482e+00
2.399999999999993e+00	1.637534e+00
2.409999999999993e+00	1.646407e+00
2.419999999999992e+00	1.655110e+00
2.429999999999992e+00	1.663641e+00
2.439999999999992e+00	1.671998e+00
2.449999999999992e+00	1.680173e+00
2.459999999999992e+00	1.688164e+00
2.469999999999991e+00	1.695972e+00
2.479999999999991e+00	1.703604e+00
2.489999999999991e+00	1.711075e+00
2.499999999999991e+00	1.718407e+00
2.509999999999990e+00	1.725629e+00
2.519999999999990e+00	1.732779e+00
2.529999999999990e+00	1.739903e+00
2.539999999999990e+00	1.747048e+00
2.549999999999990e+00	1.754265e+00
2.559999999999989e+00	1.761603e+00
2.569999999999989e+00	1.769104e+00
2.579999999999989e+00	1.776800e+00
2.589999999999989e+00	1.784706e+00
2.599999999999989e+00	1.792823e+00
2.609999999999988e+00	1.801136e+00
2.619999999999988e+00	1.809621e+00
2.629999999999988e+00	1.818249e+00
2.639999999999988e+00	1.826991e+00
2.649999999999987e+00	1.835820e+00
2.659999999999987e+00	1.844715e+00
2.669999999999987e+00	1.853656e+00
2.679999999999987e+00	1.862633e+00
2.689999999999987e+00	1.871634e+00
2.699999999999986e+00	1.880652e+00
2.709999999999986e+00	1.889683e+00
2.719999999999986e+00	1.898723e+00
2.729999999999986e+00	1.907768e+00
2.739999999999986e+00	1.916819e+00
2.749999999999985e+00	1.925873e+00
2.759999999999985e+00	1.934930e+00
2.769999999999985e+00	1.943988e+00
2.779999999999985e+00	1.953048e+00
2.789999999999984e+00	1.962109e+00
2.799999999999984e+00	1.971171e+00
2.809999999999984e+00	1.980233e+00
2.819999999999984e+00	1.989297e+00
2.829999999999984e+00	1.998361e+00
2.839999999999983e+00	2.007426e+00
2.849999999999983e+00	2.016491e+00
2.859999999999983e+00	2.025557e+00
2.869999999999983e+00	2.034623e+00
2.879999999999983e+00	2.043690e+00
2.889999999999982e+00	2.052757e+00
2.899999999999982e+00	2.061825e+00
2.909999999999982e+00	2.070893e+00
2.919999999999982e+00	2.079962e+00
2.929999999999982e+00	2.089031e+00
2.939999999999981e+00	2.098100e+00
2.949999999999981e+00	2.107170e+00
2.959999999999981e+00	2.116241e+00
2.969999999999981e+00	2.125312e+00
2.979999999999980e+00	2.134383e+00
2.989999999999980e+00	2.143455e+00
2.999999999999980e+00	2.152527e+00
3.009999999999980e+00	2.161599e+00
3.019999999999980e+00	2.170672e+00
3.029999999999979e+00	2.179746e+00
3.039999999999979e+00	2.188819e+00
3.049999999999979e+00	2.197894e+00
3.059999999999979e+00	2.206968e+00
3.069999999999979e+00	2.216043e+00
3.079999999999978e+00	2.225119e+00
3.089999999999978e+00	2.234195e+00
3.099999999999978e+00	2.243271e+00
3.109999999999978e+00	2.252347e+00
3.119999999999977e+00	2.261424e+00
3.129999999999977e+00	2.270502e+00
3.139999999999977e+00	2.279579e+00
3.149999999999977e+00	2.288657e+00
3.159999999999977e+00	2.297736e+00
3.169999999999976e+00	2.306814e+00
3.179999999999976e+00	2.315894e+00
3.189999999999976e+00	2.324973e+00
3.199999999999976e+00	2.334053e+00
3.209999999999976e+00	2.343133e+00
3.219999999999975e+00	2.352214e+00
3.229999999999975e+00	2.361295e+00
3.239999999999975e+00	2.370376e+00
3.249999999999975e+00	2.379458e+00
3.259999999999974e+00	2.388540e+00
3.269999999999974e+00	2.397622e+00
3.279999999999974e+00	2.406705e+00
3.289999999999974e+00	2.415788e+00
3.299999999999974e+00	2.424871e+00
3.309999999999973e+00	2.433955e+00
3.319999999999973e+00	2.443039e+00
3.329999999999973e+00	2.452123e+00
3.339999999999973e+00	2.461208e+00
3.349999999999973e+00	2.470293e+00
3.359999999999972e+00	2.479378e+00
3.369999999999972e+00	2.488463e+00
3.379999999999972e+00	2.497549e+00
3.389999999999972e+00	2.506636e+00
3.399999999999971e+00	2.515722e+00
3.409999999999971e+00	2.524809e+00
3.419999999999971e+00	2.533896e+00
3.429999999999971e+00	2.542984e+00
3.439999999999971e+00	2.552071e+00
3.449999999999970e+00	2.561159e+00
3.459999999999970e+00	2.570247e+00
3.469999999999970e+00	2.579336e+00
3.479999999999970e+00	2.588425e+00
3.489999999999970e+00	2.597514e+00
3.499999999999969e+00	2.606604e+00
3.509999999999969e+00	2.615693e+00
3.519999999999969e+00	2.624783e+00
3.529999999999969e+00	2.633874e+00
3.539999999999969e+00	2.642964e+00
3.549999999999968e+00	2.652055e+00
3.559999999999968e+00	2.661146e+00
3.569999999999968e+00	2.670238e+00
3.579999999999968e+00	2.679329e+00
3.589999999999967e+00	2.688421e+00
3.599999999999967e+00	2.697514e+00
3.609999999999967e+00	2.706606e+00
3.619999999999967e+00	2.715699e+00
3.629999999999967e+00	2.724792e+00
3.639999999999966e+00	2.733885e+00
3.649999999999966e+00	2.742979e+00
3.659999999999966e+00	2.752072e+00
3.669999999999966e+00	2.761167e+00
3.679999999999966e+00	2.770261e+00
3.689999999999965e+00	2.779355e+00
3.699999999999965e+00	2.788450e+00
3.709999999999965e+00	2.797545e+00
3.719999999999965e+00	2.806640e+00
3.729999999999964e+00	2.815736e+00
3.739999999999964e+00	2.824832e+00
3.749999999999964e+00	2.833928e+00
3.759999999999964e+00	2.843024e+00
3.769999999999964e+00	2.852121e+00
3.779999999999963e+00	2.861217e+00
3.789999999999963e+00	2.870314e+00
3.799999999999963e+00	2.879411e+00
3.809999999999963e+00	2.888509e+00
3.819999999999963e+00	2.897607e+00
3.829999999999962e+00	2.906704e+00
3.839999999999962e+00	2.915803e+00
3.849999999999962e+00	2.924901e+00
3.859999999999962e+00	2.934000e+00
3.869999999999961e+00	2.943098e+00
3.879999999999961e+00	2.952197e+00
3.889999999999961e+00	2.961297e+00
3.899999999999961e+00	2.970396e+00
3.909999999999961e+00	2.979496e+00
3.919999999999960e+00	2.988596e+00
3.929999999999960e+00	2.997696e+00
3.939999999999960e+00	3.006796e+00
3.949999999999960e+00	3.015897e+00
3.959999999999960e+00	3.024997e+00
3.969999999999959e+00	3.034098e+00
3.979999999999959e+00	3.043200e+00
3.989999999999959e+00	3.052301e+00
3.999999999999959e+00	3.061403e+00
4.009999999999959e+00	3.070504e+00
4.019999999999959e+00	3.079606e+00
4.029999999999959e+00	3.088708e+00
4.039999999999958e+00	3.097811e+00
4.049999999999958e+00	3.106914e+00
4.059999999999958e+00	3.116016e+00
4.069999999999958e+00	3.125119e+00
4.079999999999957e+00	3.134223e+00
4.089999999999957e+00	3.143326e+00
4.099999999999957e+00	3.152429e+00
4.109999999999957e+00	3.161533e+00
4.119999999999957e+00	3.170637e+00
4.129999999999956e+00	3.179741e+00
4.139999999999956e+00	3.188846e+00
4.149999999999956e+00	3.197950e+00
4.159999999999956e+00	3.207055e+00
4.169999999999956e+00	3.216160e+00
4.179999999999955e+00	3.225265e+00
4.189999999999955e+00	3.234370e+00
4.199999999999955e+00	3.243476e+00
4.209999999999955e+00	3.252581e+00
4.219999999999954e+00	3.261687e+00
4.229999999999954e+00	3.270793e+00
4.239999999999954e+00	3.279899e+00
4.249999999999954e+00	3.289006e+00
4.259999999999954e+00	3.298112e+00
4.269999999999953e+00	3.307219e+00
4.279999999999953e+00	3.316326e+00
4.289999999999953e+00	3.325433e+00
4.299999999999953e+00	3.334540e+00
4.309999999999953e+00	3.343647e+00
4.319999999999952e+00	3.352755e+00
4.329999999999952e+00	3.361863e+00
4.339999999999952e+00	3.370971e+00
4.349999999999952e+00	3.380079e+00
4.359999999999951e+00	3.389187e+00
4.369999999999951e+00	3.398296e+00
4.379999999999951e+00	3.407404e+00
4.389999999999951e+00	3.416513e+00
4.399999999999951e+00	3.425622e+00
4.409999999999950e+00	3.434731e+00
4.419999999999950e+00	3.443840e+00
4.429999999999950e+00	3.452950e+00
4.439999999999950e+00	3.462059e+00
4.449999999999950e+00	3.471169e+00
4.459999999999949e+00	3.480279e+00
4.469999999999949e+00	3.489389e+00
4.479999999999949e+00	3.498499e+00
4.489999999999949e+00	3.507609e+00
4.499999999999948e+00	3.516720e+00
4.509999999999948e+00	3.525830e+00
4.519999999999948e+00	3.534941e+00
4.529999999999948e+00	3.544052e+00
4.539999999999948e+00	3.553163e+00
4.549999999999947e+00	3.562274e+00
4.559999999999947e+00	3.571386e+00
4.569999999999947e+00	3.580498e+00
4.579999999999947e+00	3.589609e+00
4.589999999999947e+00	3.598721e+00
4.599999999999946e+00	3.607833e+00
4.609999999999946e+00	3.616945e+00
4.619999999999946e+00	3.626057e+00
4.629999999999946e+00	3.635170e+00
4.639999999999946e+00	3.644283e+00
4.649999999999945e+00	3.653395e+00
4.659999999999945e+00	3.662508e+00
4.669999999999945e+00	3.671621e+00
4.679999999999945e+00	3.680734e+00
4.689999999999944e+00	3.689847e+00
4.699999999999944e+00	3.698961e+00
4.709999999999944e+00	3.708075e+00
4.719999999999944e+00	3.717188e+00
4.729999999999944e+00	3.726302e+00
4.739999999999943e+00	3.735416e+00
4.749999999999943e+00	3.744530e+00
4.759999999999943e+00	3.753644e+00
4.769999999999943e+00	3.762759e+00
4.779999999999943e+00	3.771873e+00
4.789999999999942e+00	3.780988e+00
4.799999999999942e+00	3.790103e+00
4.809999999999942e+00	3.799218e+00
4.819999999999942e+00	3.808333e+00
4.829999999999941e+00	3.817448e+00
4.839999999999941e+00	3.826563e+00
4.849999999999941e+00	3.835679e+00
4.859999999999941e+00	3.844794e+00
4.869999999999941e+00	3.853910e+00
4.879999999999940e+00	3.863026e+00
4.889999999999940e+00	3.872142e+00
4.899999999999940e+00	3.881258e+00
4.909999999999940e+00	3.890374e+00
4.919999999999940e+00	3.899490e+00
4.929999999999939e+00	3.908607e+00
4.939999999999939e+00	3.917723e+00
4.949999999999939e+00	3.926840e+00
4.959999999999939e+00	3.935957e+00
4.969999999999938e+00	3.945074e+00
4.979999999999938e+00	3.954191e+00
4.989999999999938e+00	3.963308e+00
4.999999999999938e+00	3.972425e+00
5.009999999999938e+00	3.981543e+00
5.019999999999937e+00	3.990660e+00
5.029999999999937e+00	3.999778e+00
5.039999999999937e+00	4.008895e+00
5.049999999999937e+00	4.018013e+00
5.059999999999937e+00	4.027131e+00
5.069999999999936e+00	4.036250e+00
5.079999999999936e+00	4.045368e+00
5.089999999999936e+00	4.054486e+00
5.099999999999936e+00	4.063604e+00
5.109999999999935e+00	4.072723e+00
5.119999999999935e+00	4.081842e+00
5.129999999999935e+00	4.090961e+00
5.139999999999935e+00	4.100080e+00
5.149999999999935e+00	4.109199e+00
5.159999999999934e+00	4.118318e+00
5.169999999999934e+00	4.127437e+00
5.179999999999934e+00	4.136556e+00
5.189999999999934e+00	4.145676e+00
5.199999999999934e+00	4.154795e+00
5.209999999999933e+00	4.163915e+00
5.219999999999933e+00	4.173035e+00
5.229999999999933e+00	4.182155e+00
5.239999999999933e+00	4.191275e+00
5.249999999999932e+00	4.200395e+00
5.259999999999932e+00	4.209515e+00
5.269999999999932e+00	4.218635e+00
5.279999999999932e+00	4.227756e+00
5.289999999999932e+00	4.236876e+00
5.299999999999931e+00	4.245997e+00
5.309999999999931e+00	4.255117e+00
5.319999999999931e+00	4.264238e+00
5.329999999999931e+00	4.273359e+00
5.339999999999931e+00	4.282480e+00
5.349999999999930e+00	4.291602e+00
5.359999999999930e+00	4.300723e+00
5.369999999999930e+00	4.309844e+00
5.379999999999930e+00	4.318965e+00
5.389999999999930e+00	4.328087e+00
5.399999999999929e+00	4.337209e+00
5.409999999999929e+00	4.346330e+00
5.419999999999929e+00	4.355452e+00
5.429999999999929e+00	4.364574e+00
5.439999999999928e+00	4.373696e+00
5.449999999999928e+00	4.382818e+00
5.459999999999928e+00	4.391941e+00
5.469999999999928e+00	4.401062e+00
5.479999999999928e+00	4.410185e+00
5.489999999999927e+00	4.419308e+00
5.499999999999927e+00	4.428430e+00
5.509999999999927e+00	4.437553e+00
5.519999999999927e+00	4.446675e+00
5.529999999999927e+00	4.455798e+00
5.539999999999926e+00	4.464921e+00
5.549999999999926e+00	4.474044e+00
5.559999999999926e+00	4.483167e+00
5.569999999999926e+00	4.492290e+00
5.579999999999925e+00	4.501413e+00
5.589999999999925e+00	4.510536e+00
5.599999999999925e+00	4.519660e+00
5.609999999999925e+00	4.528782e+00
5.619999999999925e+00	4.537906e+00
5.629999999999924e+00	4.547029e+00
5.639999999999924e+00	4.556152e+00
5.649999999999924e+00	4.565275e+00
5.659999999999924e+00	4.574398e+00
5.669999999999924e+00	4.583521e+00
5.679999999999923e+00	4.592644e+00
5.689999999999923e+00	4.601766e+00
5.699999999999923e+00	4.610888e+00
5.709999999999923e+00	4.620010e+00
5.719999999999922e+00	4.629132e+00
5.729999999999922e+00	4.638253e+00
5.739999999999922e+00	4.647374e+00
5.749999999999922e+00	4.656493e+00
5.759999999999922e+00	4.665612e+00
5.769999999999921e+00	4.674730e+00
5.779999999999921e+00	4.683846e+00
5.789999999999921e+00	4.692961e+00
5.799999999999921e+00	4.702075e+00
5.809999999999921e+00	4.711185e+00
5.819999999999920e+00	4.720294e+00
5.829999999999920e+00	4.729398e+00
5.839999999999920e+00	4.738500e+00
5.849999999999920e+00	4.747596e+00
5.859999999999919e+00	4.756688e+00
5.869999999999919e+00	4.765773e+00
5.879999999999919e+00	4.774850e+00
5.889999999999919e+00	4.783919e+00
5.899999999999919e+00	4.792977e+00
5.909999999999918e+00	4.802022e+00
5.919999999999918e+00	4.811053e+00
5.929999999999918e+00	4.820066e+00
5.939999999999918e+00	4.829059e+00
5.949999999999918e+00	4.838028e+00
5.959999999999917e+00	4.846969e+00
5.969999999999917e+00	4.855877e+00
5.979999999999917e+00	4.864748e+00
5.989999999999917e+00	4.873573e+00
5.999999999999917e+00	4.882346e+00
6.009999999999916e+00	4.891059e+00
6.019999999999916e+00	4.899703e+00
6.029999999999916e+00	4.908264e+00
6.039999999999916e+00	4.916729e+00
6.049999999999915e+00	4.925084e+00
6.059999999999915e+00	4.933308e+00
6.069999999999915e+00	4.941377e+00
6.079999999999915e+00	4.949264e+00
6.089999999999915e+00	4.956931e+00
6.099999999999914e+00	4.964335e+00
6.109999999999914e+00	4.971422e+00
6.119999999999914e+00	4.978127e+00
6.129999999999914e+00	4.984375e+00
6.139999999999914e+00	4.990083e+00
6.149999999999913e+00	4.995173e+00
6.159999999999913e+00	4.999578e+00
6.169999999999913e+00	5.003269e+00
6.179999999999913e+00	5.006255e+00
6.189999999999912e+00	5.008592e+00
6.199999999999912e+00	5.010367e+00
6.209999999999912e+00	5.011681e+00
6.219999999999912e+00	5.012636e+00
6.229999999999912e+00	5.013319e+00
6.239999999999911e+00	5.013805e+00
6.249999999999911e+00	5.014149e+00
6.259999999999911e+00	5.014392e+00
6.269999999999911e+00	5.014565e+00
6.279999999999911e+00	5.014688e+00
6.289999999999910e+00	5.014779e+00
6.299999999999910e+00	5.014846e+00
6.309999999999910e+00	5.014897e+00
6.319999999999910e+00	5.014937e+00
6.329999999999909e+00	5.014970e+00
6.339999999999909e+00	5.014997e+00
6.349999999999909e+00	5.015021e+00
6.359999999999909e+00	5.015043e+00
6.369999999999909e+00	5.015062e+00
6.379999999999908e+00	5.015081e+00
6.389999999999908e+00	5.015099e+00
6.399999999999908e+00	5.015116e+00
6.409999999999908e+00	5.015133e+00
6.419999999999908e+00	5.015150e+00
6.429999999999907e+00	5.015167e+00
6.439999999999907e+00	5.015183e+00
6.449999999999907e+00	5.015199e+00
6.459999999999907e+00	5.015215e+00
6.469999999999906e+00	5.015232e+00
6.479999999999906e+00	5.015248e+00
6.489999999999906e+00	5.015264e+00
6.499999999999906e+00	5.015280e+00
6.509999999999906e+00	5.015296e+00
6.519999999999905e+00	5.015313e+00
6.529999999999905e+00	5.015329e+00
6.539999999999905e+00	5.015345e+00
6.549999999999905e+00	5.015361e+00
6.559999999999905e+00	5.015377e+00
6.569999999999904e+00	5.015393e+00
6.579999999999904e+00	5.015409e+00
6.589999999999904e+00	5.015425e+00
6.599999999999904e+00	5.015441e+00
6.609999999999904e+00	5.015458e+00
6.619999999999903e+00	5.015473e+00
6.629999999999903e+00	5.015490e+00
6.639999999999903e+00	5.015506e+00
6.649999999999903e+00	5.015522e+00
6.659999999999902e+00	5.015538e+00
6.669999999999902e+00	5.015553e+00
6.679999999999902e+00	5.015570e+00
6.689999999999902e+00	5.015586e+00
6.699999999999902e+00	5.015602e+00
6.709999999999901e+00	5.015618e+00
6.719999999999901e+00	5.015634e+00
6.729999999999901e+00	5.015650e+00
6.739999999999901e+00	5.015666e+00
6.749999999999901e+00	5.015682e+00
6.759999999999900e+00	5.015698e+00
6.769999999999900e+00	5.015714e+00
6.779999999999900e+00	5.015730e+00
6.789999999999900e+00	5.015746e+00
6.799999999999899e+00	5.015762e+00
6.809999999999899e+00	5.015778e+00
6.819999999999899e+00	5.015794e+00
6.829999999999899e+00	5.015810e+00
6.839999999999899e+00	5.015826e+00
6.849999999999898e+00	5.015841e+00
6.859999999999898e+00	5.015858e+00
6.869999999999898e+00	5.015873e+00
6.879999999999898e+00	5.015890e+00
6.889999999999898e+00	5.015905e+00
6.899999999999897e+00	5.015921e+00
6.909999999999897e+00	5.015937e+00
6.919999999999897e+00	5.015953e+00
6.929999999999897e+00	5.015969e+00
6.939999999999896e+00	5.015985e+00
6.949999999999896e+00	5.016001e+00
6.959999999999896e+00	5.016017e+00
6.969999999999896e+00	5.016033e+00
6.979999999999896e+00	5.016048e+00
6.989999999999895e+00	5.016065e+00
6.999999999999895e+00	5.016080e+00
7.009999999999895e+00	5.016096e+00
7.019999999999895e+00	5.016112e+00
7.029999999999895e+00	5.016128e+00
7.039999999999894e+00	5.016144e+00
7.049999999999894e+00	5.016160e+00
7.059999999999894e+00	5.016176e+00
7.069999999999894e+00	5.016191e+00
7.079999999999893e+00	5.016207e+00
7.089999999999893e+00	5.016223e+00
7.099999999999893e+00	5.016239e+00
7.109999999999893e+00	5.016255e+00
7.119999999999893e+00	5.016271e+00
7.129999999999892e+00	5.016286e+00
7.139999999999892e+00	5.016303e+00
7.149999999999892e+00	5.016318e+00
7.159999999999892e+00	5.016334e+00
7.169999999999892e+00	5.016350e+00
7.179999999999891e+00	5.016366e+00
7.189999999999891e+00	5.016382e+00
7.199999999999891e+00	5.016397e+00
7.209999999999891e+00	5.016413e+00
7.219999999999891e+00	5.016429e+00
7.229999999999890e+00	5.016445e+00
7.239999999999890e+00	5.016460e+00
7.249999999999890e+00	5.016476e+00
7.259999999999890e+00	5.016492e+00
7.269999999999889e+00	5.016508e+00
7.279999999999889e+00	5.016523e+00
7.289999999999889e+00	5.016539e+00
7.299999999999889e+00	5.016555e+00
7.309999999999889e+00	5.016571e+00
7.319999999999888e+00	5.016587e+00
7.329999999999888e+00	5.016603e+00
7.339999999999888e+00	5.016618e+00
7.349999999999888e+00	5.016634e+00
7.359999999999888e+00	5.016650e+00
7.369999999999887e+00	5.016665e+00
7.379999999999887e+00	5.016681e+00
7.389999999999887e+00	5.016696e+00
7.399999999999887e+00	5.016712e+00
7.409999999999886e+00	5.016728e+00
7.419999999999886e+00	5.016744e+00
7.429999999999886e+00	5.016759e+00
7.439999999999886e+00	5.016775e+00
7.449999999999886e+00	5.016791e+00
7.459999999999885e+00	5.016807e+00
7.469999999999885e+00	5.016822e+00
7.479999999999885e+00	5.016838e+00
7.489999999999885e+00	5.016854e+00
7.499999999999885e+00	5.016869e+00
7.509999999999884e+00	5.016885e+00
7.519999999999884e+00	5.016901e+00
7.529999999999884e+00	5.016916e+00
7.539999999999884e+00	5.016932e+00
7.549999999999883e+00	5.016948e+00
7.559999999999883e+00	5.016963e+00
7.569999999999883e+00	5.016979e+00
7.579999999999883e+00	5.016994e+00
7.589999999999883e+00	5.017010e+00
7.599999999999882e+00	5.017026e+00
7.609999999999882e+00	5.017041e+00
7.619999999999882e+00	5.017057e+00
7.629999999999882e+00	5.017073e+00
7.639999999999882e+00	5.017088e+00
7.649999999999881e+00	5.017104e+00
7.659999999999881e+00	5.017119e+00
7.669999999999881e+00	5.017135e+00
7.679999999999881e+00	5.017150e+00
7.689999999999880e+00	5.017166e+00
7.699999999999880e+00	5.017182e+00
7.709999999999880e+00	5.017197e+00
7.719999999999880e+00	5.017213e+00
7.729999999999880e+00	5.017229e+00
7.739999999999879e+00	5.017244e+00
7.749999999999879e+00	5.017260e+00
7.759999999999879e+00	5.017275e+00
7.769999999999879e+00	5.017291e+00
7.779999999999879e+00	5.017306e+00
7.789999999999878e+00	5.017322e+00
7.799999999999878e+00	5.017337e+00
7.809999999999878e+00	5.017353e+00
7.819999999999878e+00	5.017368e+00
7.829999999999878e+00	5.017384e+00
7.839999999999877e+00	5.017399e+00
7.849999999999877e+00	5.017415e+00
7.859999999999877e+00	5.017430e+00
7.869999999999877e+00	5.017446e+00
7.879999999999876e+00	5.017461e+00
7.889999999999876e+00	5.017477e+00
7.899999999999876e+00	5.017492e+00
7.909999999999876e+00	5.017508e+00
7.919999999999876e+00	5.017523e+00
7.929999999999875e+00	5.017539e+00
7.939999999999875e+00	5.017554e+00
7.949999999999875e+00	5.017570e+00
7.959999999999875e+00	5.017585e+00
7.969999999999875e+00	5.017601e+00
7.979999999999874e+00	5.017616e+00
7.989999999999874e+00	5.017632e+00
7.999999999999874e+00	5.017647e+00
8.009999999999874e+00	5.017663e+00
8.019999999999873e+00	5.017678e+00
8.029999999999873e+00	5.017694e+00
8.039999999999873e+00	5.017709e+00
8.049999999999873e+00	5.017725e+00
8.059999999999873e+00	5.017740e+00
8.069999999999872e+00	5.017756e+00
8.079999999999872e+00	5.017771e+00
8.089999999999872e+00	5.017786e+00
8.099999999999872e+00	5.017802e+00
8.109999999999872e+00	5.017817e+00
8.119999999999871e+00	5.017832e+00
8.129999999999871e+00	5.017848e+00
8.139999999999871e+00	5.017863e+00
8.149999999999871e+00	5.017879e+00
8.159999999999870e+00	5.017894e+00
8.169999999999870e+00	5.017910e+00
8.179999999999870e+00	5.017925e+00
8.189999999999870e+00	5.017940e+00
8.199999999999870e+00	5.017955e+00
8.209999999999869e+00	5.017971e+00
8.219999999999869e+00	5.017986e+00
8.229999999999869e+00	5.018002e+00
8.239999999999869e+00	5.018017e+00
8.249999999999869e+00	5.018032e+00
8.259999999999868e+00	5.018048e+00
8.269999999999868e+00	5.018063e+00
8.279999999999868e+00	5.018078e+00
8.289999999999868e+00	5.018094e+00
8.299999999999867e+00	5.018109e+00
8.309999999999867e+00	5.018124e+00
8.319999999999867e+00	5.018140e+00
8.329999999999867e+00	5.018155e+00
8.339999999999867e+00	5.018170e+00
8.349999999999866e+00	5.018186e+00
8.359999999999866e+00	5.018201e+00
8.369999999999866e+00	5.018216e+00
8.379999999999866e+00	5.018231e+00
8.389999999999866e+00	5.018247e+00
8.399999999999865e+00	5.018262e+00
8.409999999999865e+00	5.018277e+00
8.419999999999865e+00	5.018292e+00
8.429999999999865e+00	5.018308e+00
8.439999999999864e+00	5.018323e+00
8.449999999999864e+00	5.018339e+00
8.459999999999864e+00	5.018354e+00
8.469999999999864e+00	5.018369e+00
8.479999999999864e+00	5.018384e+00
8.489999999999863e+00	5.018400e+00
8.499999999999863e+00	5.018415e+00
8.509999999999863e+00	5.018430e+00
8.519999999999863e+00	5.018445e+00
8.529999999999863e+00	5.018460e+00
8.539999999999862e+00	5.018476e+00
8.549999999999862e+00	5.018491e+00
8.559999999999862e+00	5.018506e+00
8.569999999999862e+00	5.018521e+00
8.579999999999862e+00	5.018537e+00
8.589999999999861e+00	5.018552e+00
8.599999999999861e+00	5.018567e+00
8.609999999999861e+00	5.018582e+00
8.619999999999861e+00	5.018598e+00
8.629999999999860e+00	5.018612e+00
8.639999999999860e+00	5.018628e+00
8.649999999999860e+00	5.018643e+00
8.659999999999860e+00	5.018658e+00
8.669999999999860e+00	5.018673e+00
8.679999999999859e+00	5.018689e+00
8.689999999999859e+00	5.018704e+00
8.699999999999859e+00	5.018719e+00
8.709999999999859e+00	5.018734e+00
8.719999999999859e+00	5.018749e+00
8.729999999999858e+00	5.018764e+00
8.739999999999858e+00	5.018779e+00
8.749999999999858e+00	5.018795e+00
8.759999999999858e+00	5.018810e+00
8.769999999999857e+00	5.018825e+00
8.779999999999857e+00	5.018840e+00
8.789999999999857e+00	5.018855e+00
8.799999999999857e+00	5.018870e+00
8.809999999999857e+00	5.018886e+00
8.819999999999856e+00	5.018900e+00
8.829999999999856e+00	5.018916e+00
8.839999999999856e+00	5.018931e+00
8.849999999999856e+00	5.018946e+00
8.859999999999856e+00	5.018961e+00
8.869999999999855e+00	5.018976e+00
8.879999999999855e+00	5.018991e+00
8.889999999999855e+00	5.019006e+00
8.899999999999855e+00	5.019022e+00
8.909999999999854e+00	5.019036e+00
8.919999999999854e+00	5.019052e+00
8.929999999999854e+00	5.019067e+00
8.939999999999854e+00	5.019082e+00
8.949999999999854e+00	5.019097e+00
8.959999999999853e+00	5.019112e+00
8.969999999999853e+00	5.019127e+00
8.979999999999853e+00	5.019142e+00
8.989999999999853e+00	5.019157e+00
8.999999999999853e+00	5.019172e+00
9.009999999999852e+00	5.019187e+00
9.019999999999852e+00	5.019202e+00
9.029999999999852e+00	5.019217e+00
9.039999999999852e+00	5.019232e+00
9.049999999999851e+00	5.019247e+00
9.059999999999851e+00	5.019262e+00
9.069999999999851e+00	5.019277e+00
9.079999999999851e+00	5.019292e+00
9.089999999999851e+00	5.019307e+00
9.099999999999850e+00	5.019322e+00
9.109999999999850e+00	5.019337e+00
9.119999999999850e+00	5.019352e+00
9.129999999999850e+00	5.019367e+00
9.139999999999850e+00	5.019382e+00
9.149999999999849e+00	5.019397e+00
9.159999999999849e+00	5.019413e+00
9.169999999999849e+00	5.019427e+00
9.179999999999849e+00	5.019442e+00
9.189999999999849e+00	5.019457e+00
9.199999999999848e+00	5.019472e+00
9.209999999999848e+00	5.019487e+00
9.219999999999848e+00	5.019502e+00
9.229999999999848e+00	5.019517e+00
9.239999999999847e+00	5.019532e+00
9.249999999999847e+00	5.019547e+00
9.259999999999847e+00	5.019562e+00
9.269999999999847e+00	5.019577e+00
9.279999999999847e+00	5.019592e+00
9.289999999999846e+00	5.019607e+00
9.299999999999846e+00	5.019622e+00
9.309999999999846e+00	5.019637e+00
9.319999999999846e+00	5.019651e+00
9.329999999999846e+00	5.019667e+00
9.339999999999845e+00	5.019681e+00
9.349999999999845e+00	5.019696e+00
9.359999999999845e+00	5.019711e+00
9.369999999999845e+00	5.019726e+00
9.379999999999844e+00	5.019741e+00
9.389999999999844e+00	5.019756e+00
9.399999999999844e+00	5.019771e+00
9.409999999999844e+00	5.019786e+00
9.419999999999844e+00	5.019801e+00
9.429999999999843e+00	5.019815e+00
9.439999999999843e+00	5.019830e+00
9.449999999999843e+00	5.019845e+00
9.459999999999843e+00	5.019860e+00
9.469999999999843e+00	5.019875e+00
9.479999999999842e+00	5.019890e+00
9.489999999999842e+00	5.019905e+00
9.499999999999842e+00	5.019919e+00
9.509999999999842e+00	5.019934e+00
9.519999999999841e+00	5.019949e+00
9.529999999999841e+00	5.019964e+00
9.539999999999841e+00	5.019979e+00
9.549999999999841e+00	5.019994e+00
9.559999999999841e+00	5.020009e+00
9.569999999999840e+00	5.020023e+00
9.579999999999840e+00	5.020038e+00
9.589999999999840e+00	5.020053e+00
9.599999999999840e+00	5.020068e+00
9.609999999999840e+00	5.020082e+00
9.619999999999839e+00	5.020097e+00
9.629999999999839e+00	5.020112e+00
9.639999999999839e+00	5.020127e+00
9.649999999999839e+00	5.020142e+00
9.659999999999838e+00	5.020157e+00
9.669999999999838e+00	5.020172e+00
9.679999999999838e+00	5.020186e+00
9.689999999999838e+00	5.020201e+00
9.699999999999838e+00	5.020216e+00
9.709999999999837e+00	5.020231e+00
9.719999999999837e+00	5.020246e+00
9.729999999999837e+00	5.020260e+00
9.739999999999837e+00	5.020275e+00
9.749999999999837e+00	5.020289e+00
9.759999999999836e+00	5.020304e+00
9.769999999999836e+00	5.020319e+00
9.779999999999836e+00	5.020334e+00
9.789999999999836e+00	5.020349e+00
9.799999999999836e+00	5.020363e+00
9.809999999999835e+00	5.020378e+00
9.819999999999835e+00	5.020393e+00
9.829999999999835e+00	5.020408e+00
9.839999999999835e+00	5.020422e+00
9.849999999999834e+00	5.020437e+00
9.859999999999834e+00	5.020452e+00
9.869999999999834e+00	5.020466e+00
9.879999999999834e+00	5.020481e+00
9.889999999999834e+00	5.020496e+00
9.899999999999833e+00	5.020511e+00
9.909999999999833e+00	5.020525e+00
9.919999999999833e+00	5.020540e+00
9.929999999999833e+00	5.020555e+00
9.939999999999833e+00	5.020569e+00
9.949999999999832e+00	5.020584e+00
9.959999999999832e+00	5.020599e+00
9.969999999999832e+00	5.020613e+00
9.979999999999832e+00	5.020628e+00
9.989999999999831e+00	5.020643e+00
9.999999999999831e+00	5.020658e+00
1.000999999999983e+01	5.020672e+00
1.001999999999983e+01	5.020687e+00
1.002999999999983e+01	5.020701e+00
1.003999999999983e+01	5.020716e+00
1.004999999999983e+01	5.020730e+00
1.005999999999983e+01	5.020745e+00
1.006999999999983e+01	5.020760e+00
1.007999999999983e+01	5.020775e+00
1.008999999999983e+01	5.020789e+00
1.009999999999983e+01	5.020804e+00
1.010999999999983e+01	5.020819e+00
1.011999999999983e+01	5.020833e+00
1.012999999999983e+01	5.020848e+00
1.013999999999983e+01	5.020863e+00
1.014999999999983e+01	5.020877e+00
1.015999999999983e+01	5.020892e+00
1.016999999999983e+01	5.020906e+00
1.017999999999983e+01	5.020921e+00
1.018999999999983e+01	5.020936e+00
1.019999999999983e+01	5.020950e+00
1.020999999999983e+01	5.020965e+00
1.021999999999983e+01	5.020979e+00
1.022999999999983e+01	5.020994e+00
1.023999999999983e+01	5.021008e+00
1.024999999999983e+01	5.021023e+00
1.025999999999983e+01	5.021038e+00
1.026999999999983e+01	5.021052e+00
1.027999999999983e+01	5.021067e+00
1.028999999999983e+01	5.021081e+00
1.029999999999982e+01	5.021096e+00
1.030999999999982e+01	5.021110e+00
1.031999999999982e+01	5.021125e+00
1.032999999999982e+01	5.021139e+00
1.033999999999982e+01	5.021154e+00
1.034999999999982e+01	5.021168e+00
1.035999999999982e+01	5.021183e+00
1.036999999999982e+01	5.021197e+00
1.037999999999982e+01	5.021212e+00
1.038999999999982e+01	5.021226e+00
1.039999999999982e+01	5.021241e+00
1.040999999999982e+01	5.021255e+00
1.041999999999982e+01	5.021270e+00
1.042999999999982e+01	5.021285e+00
1.043999999999982e+01	5.021299e+00
1.044999999999982e+01	5.021314e+00
1.045999999999982e+01	5.021328e+00
1.046999999999982e+01	5.021343e+00
1.047999999999982e+01	5.021357e+00
1.048999999999982e+01	5.021371e+00
1.049999999999982e+01	5.021386e+00
1.050999999999982e+01	5.021400e+00
1.051999999999982e+01	5.021415e+00
1.052999999999982e+01	5.021430e+00
1.053999999999982e+01	5.021444e+00
1.054999999999982e+01	5.021458e+00
1.055999999999982e+01	5.021473e+00
1.056999999999982e+01	5.021487e+00
1.057999999999982e+01	5.021502e+00
1.058999999999982e+01	5.021516e+00
1.059999999999982e+01	5.021531e+00
1.060999999999982e+01	5.021545e+00
1.061999999999982e+01	5.021560e+00
1.062999999999982e+01	5.021574e+00
1.063999999999982e+01	5.021588e+00
1.064999999999982e+01	5.021603e+00
1.065999999999982e+01	5.021617e+00
1.066999999999982e+01	5.021632e+00
1.067999999999982e+01	5.021646e+00
1.068999999999982e+01	5.021660e+00
1.069999999999982e+01	5.021675e+00
1.070999999999982e+01	5.021689e+00
1.071999999999982e+01	5.021704e+00
1.072999999999982e+01	5.021718e+00
1.073999999999982e+01	5.021732e+00
1.074999999999982e+01	5.021747e+00
1.075999999999982e+01	5.021761e+00
1.076999999999981e+01	5.021776e+00
1.077999999999981e+01	5.021790e+00
1.078999999999981e+01	5.021804e+00
1.079999999999981e+01	5.021819e+00
1.080999999999981e+01	5.021833e+00
1.081999999999981e+01	5.021848e+00
1.082999999999981e+01	5.021862e+00
1.083999999999981e+01	5.021876e+00
1.084999999999981e+01	5.021891e+00
1.085999999999981e+01	5.021905e+00
1.086999999999981e+01	5.021919e+00
1.087999999999981e+01	5.021934e+00
1.088999999999981e+01	5.021948e+00
1.089999999999981e+01	5.021963e+00
1.090999999999981e+01	5.021977e+00
1.091999999999981e+01	5.021991e+00
1.092999999999981e+01	5.022006e+00
1.093999999999981e+01	5.022020e+00
1.094999999999981e+01	5.022034e+00
1.095999999999981e+01	5.022048e+00
1.096999999999981e+01	5.022063e+00
1.097999999999981e+01	5.022077e+00
1.098999999999981e+01	5.022091e+00
1.099999999999981e+01	5.022106e+00
1.100999999999981e+01	5.022120e+00
1.101999999999981e+01	5.022134e+00
1.102999999999981e+01	5.022149e+00
1.103999999999981e+01	5.022163e+00
1.104999999999981e+01	5.022177e+00
1.105999999999981e+01	5.022192e+00
1.106999999999981e+01	5.022206e+00
1.107999999999981e+01	5.022220e+00
1.108999999999981e+01	5.022234e+00
1.109999999999981e+01	5.022248e+00
1.110999999999981e+01	5.022263e+00
1.111999999999981e+01	5.022277e+00
1.112999999999981e+01	5.022291e+00
1.113999999999981e+01	5.022305e+00
1.114999999999981e+01	5.022320e+00
1.115999999999981e+01	5.022334e+00
1.116999999999981e+01	5.022348e+00
1.117999999999981e+01	5.022363e+00
1.118999999999981e+01	5.022377e+00
1.119999999999981e+01	5.022391e+00
1.120999999999981e+01	5.022405e+00
1.121999999999981e+01	5.022419e+00
1.122999999999981e+01	5.022434e+00
1.123999999999980e+01	5.022448e+00
1.124999999999980e+01	5.022462e+00
1.125999999999980e+01	5.022476e+00
1.126999999999980e+01	5.022491e+00
1.127999999999980e+01	5.022505e+00
1.128999999999980e+01	5.022519e+00
1.129999999999980e+01	5.022533e+00
1.130999999999980e+01	5.022547e+00
1.131999999999980e+01	5.022562e+00
1.132999999999980e+01	5.022576e+00
1.133999999999980e+01	5.022590e+00
1.134999999999980e+01	5.022604e+00
1.135999999999980e+01	5.022618e+00
1.136999999999980e+01	5.022633e+00
1.137999999999980e+01	5.022647e+00
1.138999999999980e+01	5.022661e+00
1.139999999999980e+01	5.022675e+00
1.140999999999980e+01	5.022689e+00
1.141999999999980e+01	5.022703e+00
1.142999999999980e+01	5.022717e+00
1.143999999999980e+01	5.022732e+00
1.144999999999980e+01	5.022746e+00
1.145999999999980e+01	5.022760e+00
1.146999999999980e+01	5.022774e+00
1.147999999999980e+01	5.022788e+00
1.148999999999980e+01	5.022802e+00
1.149999999999980e+01	5.022817e+00
1.150999999999980e+01	5.022830e+00
1.151999999999980e+01	5.022845e+00
1.152999999999980e+01	5.022859e+00
1.153999999999980e+01	5.022873e+00
1.154999999999980e+01	5.022887e+00
1.155999999999980e+01	5.022901e+00
1.156999999999980e+01	5.022915e+00
1.157999999999980e+01	5.022929e+00
1.158999999999980e+01	5.022943e+00
1.159999999999980e+01	5.022958e+00
1.160999999999980e+01	5.022972e+00
1.161999999999980e+01	5.022986e+00
1.162999999999980e+01	5.023000e+00
1.163999999999980e+01	5.023014e+00
1.164999999999980e+01	5.023028e+00
1.165999999999980e+01	5.023042e+00
1.166999999999980e+01	5.023056e+00
1.167999999999980e+01	5.023070e+00
1.168999999999980e+01	5.023084e+00
1.169999999999980e+01	5.023098e+00
1.170999999999979e+01	5.023112e+00
1.171999999999979e+01	5.023127e+00
1.172999999999979e+01	5.023140e+00
1.173999999999979e+01	5.023155e+00
1.174999999999979e+01	5.023169e+00
1.175999999999979e+01	5.023183e+00
1.176999999999979e+01	5.023197e+00
1.177999999999979e+01	5.023211e+00
1.178999999999979e+01	5.023225e+00
1.179999999999979e+01	5.023239e+00
1.180999999999979e+01	5.023253e+00
1.181999999999979e+01	5.023267e+00
1.182999999999979e+01	5.023281e+00
1.183999999999979e+01	5.023295e+00
1.184999999999979e+01	5.023309e+00
1.185999999999979e+01	5.023323e+00
1.186999999999979e+01	5.023337e+00
1.187999999999979e+01	5.023351e+00
1.188999999999979e+01	5.023365e+00
1.189999999999979e+01	5.023379e+00
1.190999999999979e+01	5.023393e+00
1.191999999999979e+01	5.023407e+00
1.192999999999979e+01	5.023421e+00
1.193999999999979e+01	5.023435e+00
1.194999999999979e+01	5.023449e+00
1.195999999999979e+01	5.023463e+00
1.196999999999979e+01	5.023477e+00
1.197999999999979e+01	5.023491e+00
1.198999999999979e+01	5.023505e+00
1.199999999999979e+01	5.023519e+00
1.200999999999979e+01	5.023533e+00
1.201999999999979e+01	5.023547e+00
1.202999999999979e+01	5.023561e+00
1.203999999999979e+01	5.023575e+00
1.204999999999979e+01	5.023589e+00
1.205999999999979e+01	5.023602e+00
1.206999999999979e+01	5.023616e+00
1.207999999999979e+01	5.023631e+00
1.208999999999979e+01	5.023644e+00
1.209999999999979e+01	5.023658e+00
1.210999999999979e+01	5.023672e+00
1.211999999999979e+01	5.023686e+00
1.212999999999979e+01	5.023700e+00
1.213999999999979e+01	5.023714e+00
1.214999999999979e+01	5.023728e+00
1.215999999999979e+01	5.023742e+00
1.216999999999978e+01	5.023756e+00
1.217999999999978e+01	5.023770e+00
1.218999999999978e+01	5.023784e+00
1.219999999999978e+01	5.023798e+00
1.220999999999978e+01	5.023811e+00
1.221999999999978e+01	5.023825e+00
1.222999999999978e+01	5.023839e+00
1.223999999999978e+01	5.023853e+00
1.224999999999978e+01	5.023867e+00
1.225999999999978e+01	5.023881e+00
1.226999999999978e+01	5.023895e+00
1.227999999999978e+01	5.023909e+00
1.228999999999978e+01	5.023922e+00
1.229999999999978e+01	5.023936e+00
1.230999999999978e+01	5.023950e+00
1.231999999999978e+01	5.023964e+00
1.232999999999978e+01	5.023978e+00
1.233999999999978e+01	5.023992e+00
1.234999999999978e+01	5.024005e+00
1.235999999999978e+01	5.024019e+00
1.236999999999978e+01	5.024033e+00
1.237999999999978e+01	5.024047e+00
1.238999999999978e+01	5.024061e+00
1.239999999999978e+01	5.024075e+00
1.240999999999978e+01	5.024088e+00
1.241999999999978e+01	5.024102e+00
1.242999999999978e+01	5.024116e+00
1.243999999999978e+01	5.024130e+00
1.244999999999978e+01	5.024144e+00
1.245999999999978e+01	5.024158e+00
1.246999999999978e+01	5.024171e+00
1.247999999999978e+01	5.024185e+00
1.248999999999978e+01	5.024199e+00
1.249999999999978e+01	5.024213e+00
1.250999999999978e+01	5.024227e+00
1.251999999999978e+01	5.024240e+00
1.252999999999978e+01	5.024254e+00
1.253999999999978e+01	5.024268e+00
1.254999999999978e+01	5.024282e+00
1.255999999999978e+01	5.024296e+00
1.256999999999978e+01	5.024310e+00
1.257999999999978e+01	5.024323e+00
1.258999999999978e+01	5.024337e+00
1.259999999999978e+01	5.024351e+00
1.260999999999978e+01	5.024364e+00
1.261999999999978e+01	5.024378e+00
1.262999999999978e+01	5.024392e+00
1.263999999999977e+01	5.024406e+00
1.264999999999977e+01	5.024419e+00
1.265999999999977e+01	5.024433e+00
1.266999999999977e+01	5.024447e+00
1.267999999999977e+01	5.024461e+00
1.268999999999977e+01	5.024475e+00
1.269999999999977e+01	5.024488e+00
1.270999999999977e+01	5.024502e+00
1.271999999999977e+01	5.024516e+00
1.272999999999977e+01	5.024529e+00
1.273999999999977e+01	5.024543e+00
1.274999999999977e+01	5.024557e+00
1.275999999999977e+01	5.024570e+00
1.276999999999977e+01	5.024584e+00
1.277999999999977e+01	5.024598e+00
1.278999999999977e+01	5.024612e+00
1.279999999999977e+01	5.024625e+00
1.280999999999977e+01	5.024639e+00
1.281999999999977e+01	5.024653e+00
1.282999999999977e+01	5.024666e+00
1.283999999999977e+01	5.024680e+00
1.284999999999977e+01	5.024694e+00
1.285999999999977e+01	5.024708e+00
1.286999999999977e+01	5.024721e+00
1.287999999999977e+01	5.024735e+00
1.288999999999977e+01	5.024749e+00
1.289999999999977e+01	5.024762e+00
1.290999999999977e+01	5.024776e+00
1.291999999999977e+01	5.024790e+00
1.292999999999977e+01	5.024803e+00
1.293999999999977e+01	5.024817e+00
1.294999999999977e+01	5.024831e+00
1.295999999999977e+01	5.024844e+00
1.296999999999977e+01	5.024858e+00
1.297999999999977e+01	5.024872e+00
1.298999999999977e+01	5.024885e+00
1.299999999999977e+01	5.024899e+00
1.300999999999977e+01	5.024912e+00
1.301999999999977e+01	5.024926e+00
1.302999999999977e+01	5.024940e+00
1.303999999999977e+01	5.024953e+00
1.304999999999977e+01	5.024967e+00
1.305999999999977e+01	5.024981e+00
1.306999999999977e+01	5.024994e+00
1.307999999999977e+01	5.025008e+00
1.308999999999977e+01	5.025022e+00
1.309999999999977e+01	5.025035e+00
1.310999999999976e+01	5.025049e+00
1.311999999999976e+01	5.025063e+00
1.312999999999976e+01	5.025076e+00
1.313999999999976e+01	5.025090e+00
1.314999999999976e+01	5.025103e+00
1.315999999999976e+01	5.025117e+00
1.316999999999976e+01	5.025130e+00
1.317999999999976e+01	5.025144e+00
1.318999999999976e+01	5.025157e+00
1.319999999999976e+01	5.025171e+00
1.320999999999976e+01	5.025185e+00
1.321999999999976e+01	5.025198e+00
1.322999999999976e+01	5.025212e+00
1.323999999999976e+01	5.025225e+00
1.324999999999976e+01	5.025239e+00
1.325999999999976e+01	5.025252e+00
1.326999999999976e+01	5.025266e+00
1.327999999999976e+01	5.025280e+00
1.328999999999976e+01	5.025293e+00
1.329999999999976e+01	5.025307e+00
1.330999999999976e+01	5.025320e+00
1.331999999999976e+01	5.025334e+00
1.332999999999976e+01	5.025347e+00
1.333999999999976e+01	5.025361e+00
1.334999999999976e+01	5.025374e+00
1.335999999999976e+01	5.025388e+00
1.336999999999976e+01	5.025402e+00
1.337999999999976e+01	5.025415e+00
1.338999999999976e+01	5.025428e+00
1.339999999999976e+01	5.025442e+00
1.340999999999976e+01	5.025455e+00
1.341999999999976e+01	5.025469e+00
1.342999999999976e+01	5.025483e+00
1.343999999999976e+01	5.025496e+00
1.344999999999976e+01	5.025509e+00
1.345999999999976e+01	5.025523e+00
1.346999999999976e+01	5.025537e+00
1.347999999999976e+01	5.025550e+00
1.348999999999976e+01	5.025564e+00
1.349999999999976e+01	5.025577e+00
1.350999999999976e+01	5.025590e+00
1.351999999999976e+01	5.025604e+00
1.352999999999976e+01	5.025618e+00
1.353999999999976e+01	5.025631e+00
1.354999999999976e+01	5.025644e+00
1.355999999999976e+01	5.025658e+00
1.356999999999976e+01	5.025671e+00
1.357999999999975e+01	5.025685e+00
1.358999999999975e+01	5.025698e+00
1.359999999999975e+01	5.025712e+00
1.360999999999975e+01	5.025725e+00
1.361999999999975e+01	5.025739e+00
1.362999999999975e+01	5.025752e+00
1.363999999999975e+01	5.025765e+00
1.364999999999975e+01	5.025779e+00
1.365999999999975e+01	5.025793e+00
1.366999999999975e+01	5.025806e+00
1.367999999999975e+01	5.025819e+00
1.368999999999975e+01	5.025833e+00
1.369999999999975e+01	5.025846e+00
1.370999999999975e+01	5.025860e+00
1.371999999999975e+01	5.025873e+00
1.372999999999975e+01	5.025887e+00
1.373999999999975e+01	5.025900e+00
1.374999999999975e+01	5.025913e+00
1.375999999999975e+01	5.025927e+00
1.376999999999975e+01	5.025940e+00
1.377999999999975e+01	5.025953e+00
1.378999999999975e+01	5.025967e+00
1.379999999999975e+01	5.025980e+00
1.380999999999975e+01	5.025994e+00
1.381999999999975e+01	5.026007e+00
1.382999999999975e+01	5.026021e+00
1.383999999999975e+01	5.026034e+00
1.384999999999975e+01	5.026047e+00
1.385999999999975e+01	5.026061e+00
1.386999999999975e+01	5.026074e+00
1.387999999999975e+01	5.026087e+00
1.388999999999975e+01	5.026101e+00
1.389999999999975e+01	5.026114e+00
1.390999999999975e+01	5.026127e+00
1.391999999999975e+01	5.026141e+00
1.392999999999975e+01	5.026154e+00
1.393999999999975e+01	5.026167e+00
1.394999999999975e+01	5.026181e+00
1.395999999999975e+01	5.026194e+00
1.396999999999975e+01	5.026207e+00
1.397999999999975e+01	5.026221e+00
1.398999999999975e+01	5.026234e+00
1.399999999999975e+01	5.026248e+00
1.400999999999975e+01	5.026261e+00
1.401999999999975e+01	5.026274e+00
1.402999999999975e+01	5.026288e+00
1.403999999999975e+01	5.026301e+00
1.404999999999974e+01	5.026314e+00
1.405999999999974e+01	5.026328e+00
1.406999999999974e+01	5.026341e+00
1.407999999999974e+01	5.026354e+00
1.408999999999974e+01	5.026368e+00
1.409999999999974e+01	5.026381e+00
1.410999999999974e+01	5.026394e+00
1.411999999999974e+01	5.026407e+00
1.412999999999974e+01	5.026421e+00
1.413999999999974e+01	5.026434e+00
1.414999999999974e+01	5.026447e+00
1.415999999999974e+01	5.026461e+00
1.416999999999974e+01	5.026474e+00
1.417999999999974e+01	5.026487e+00
1.418999999999974e+01	5.026500e+00
1.419999999999974e+01	5.026514e+00
1.420999999999974e+01	5.026527e+00
1.421999999999974e+01	5.026540e+00
1.422999999999974e+01	5.026554e+00
1.423999999999974e+01	5.026567e+00
1.424999999999974e+01	5.026580e+00
1.425999999999974e+01	5.026593e+00
1.426999999999974e+01	5.026607e+00
1.427999999999974e+01	5.026620e+00
1.428999999999974e+01	5.026633e+00
1.429999999999974e+01	5.026646e+00
1.430999999999974e+01	5.026659e+00
1.431999999999974e+01	5.026673e+00
1.432999999999974e+01	5.026686e+00
1.433999999999974e+01	5.026699e+00
1.434999999999974e+01	5.026712e+00
1.435999999999974e+01	5.026726e+00
1.436999999999974e+01	5.026739e+00
1.437999999999974e+01	5.026752e+00
1.438999999999974e+01	5.026765e+00
1.439999999999974e+01	5.026779e+00
1.440999999999974e+01	5.026792e+00
1.441999999999974e+01	5.026805e+00
1.442999999999974e+01	5.026818e+00
1.443999999999974e+01	5.026832e+00
1.444999999999974e+01	5.026845e+00
1.445999999999974e+01	5.026858e+00
1.446999999999974e+01	5.026871e+00
1.447999999999974e+01	5.026884e+00
1.448999999999974e+01	5.026897e+00
1.449999999999974e+01	5.026911e+00
1.450999999999974e+01	5.026924e+00
1.451999999999973e+01	5.026937e+00
1.452999999999973e+01	5.026950e+00
1.453999999999973e+01	5.026963e+00
1.454999999999973e+01	5.026977e+00
1.455999999999973e+01	5.026990e+00
1.456999999999973e+01	5.027003e+00
1.457999999999973e+01	5.027016e+00
1.458999999999973e+01	5.027029e+00
1.459999999999973e+01	5.027042e+00
1.460999999999973e+01	5.027056e+00
1.461999999999973e+01	5.027069e+00
1.462999999999973e+01	5.027082e+00
1.463999999999973e+01	5.027095e+00
1.464999999999973e+01	5.027108e+00
1.465999999999973e+01	5.027121e+00
1.466999999999973e+01	5.027134e+00
1.467999999999973e+01	5.027148e+00
1.468999999999973e+01	5.027161e+00
1.469999999999973e+01	5.027174e+00
1.470999999999973e+01	5.027187e+00
1.471999999999973e+01	5.027200e+00
1.472999999999973e+01	5.027213e+00
1.473999999999973e+01	5.027226e+00
1.474999999999973e+01	5.027239e+00
1.475999999999973e+01	5.027253e+00
1.476999999999973e+01	5.027266e+00
1.477999999999973e+01	5.027279e+00
1.478999999999973e+01	5.027292e+00
1.479999999999973e+01	5.027305e+00
1.480999999999973e+01	5.027318e+00
1.481999999999973e+01	5.027331e+00
1.482999999999973e+01	5.027344e+00
1.483999999999973e+01	5.027358e+00
1.484999999999973e+01	5.027370e+00
1.485999999999973e+01	5.027383e+00
1.486999999999973e+01	5.027397e+00
1.487999999999973e+01	5.027410e+00
1.488999999999973e+01	5.027423e+00
1.489999999999973e+01	5.027436e+00
1.490999999999973e+01	5.027449e+00
1.491999999999973e+01	5.027462e+00
1.492999999999973e+01	5.027475e+00
1.493999999999973e+01	5.027488e+00
1.494999999999973e+01	5.027501e+00
1.495999999999973e+01	5.027514e+00
1.496999999999973e+01	5.027527e+00
1.497999999999973e+01	5.027540e+00
1.498999999999972e+01	5.027554e+00
1.499999999999972e+01	5.027566e+00
1.500999999999972e+01	5.027579e+00
1.501999999999972e+01	5.027593e+00
1.502999999999972e+01	5.027606e+00
1.503999999999972e+01	5.027618e+00
1.504999999999972e+01	5.027632e+00
1.505999999999972e+01	5.027645e+00
1.506999999999972e+01	5.027658e+00
1.507999999999972e+01	5.027671e+00
1.508999999999972e+01	5.027684e+00
1.509999999999972e+01	5.027697e+00
1.510999999999972e+01	5.027710e+00
1.511999999999972e+01	5.027723e+00
1.512999999999972e+01	5.027736e+00
1.513999999999972e+01	5.027749e+00
1.514999999999972e+01	5.027762e+00
1.515999999999972e+01	5.027775e+00
1.516999999999972e+01	5.027788e+00
1.517999999999972e+01	5.027801e+00
1.518999999999972e+01	5.027814e+00
1.519999999999972e+01	5.027827e+00
1.520999999999972e+01	5.027840e+00
1.521999999999972e+01	5.027853e+00
1.522999999999972e+01	5.027866e+00
1.523999999999972e+01	5.027879e+00
1.524999999999972e+01	5.027892e+00
1.525999999999972e+01	5.027905e+00
1.526999999999972e+01	5.027918e+00
1.527999999999972e+01	5.027931e+00
1.528999999999972e+01	5.027944e+00
1.529999999999972e+01	5.027956e+00
1.530999999999972e+01	5.027969e+00
1.531999999999972e+01	5.027982e+00
1.532999999999972e+01	5.027996e+00
1.533999999999972e+01	5.028008e+00
1.534999999999972e+01	5.028021e+00
1.535999999999972e+01	5.028034e+00
1.536999999999972e+01	5.028047e+00
1.537999999999972e+01	5.028060e+00
1.538999999999972e+01	5.028073e+00
1.539999999999972e+01	5.028086e+00
1.540999999999972e+01	5.028099e+00
1.541999999999972e+01	5.028112e+00
1.542999999999972e+01	5.028125e+00
1.543999999999972e+01	5.028138e+00
1.544999999999972e+01	5.028151e+00
1.545999999999971e+01	5.028163e+00
1.546999999999971e+01	5.028176e+00
1.547999999999971e+01	5.028189e+00
1.548999999999971e+01	5.028202e+00
1.549999999999971e+01	5.028215e+00
1.550999999999971e+01	5.028228e+00
1.551999999999971e+01	5.028241e+00
1.552999999999971e+01	5.028254e+00
1.553999999999971e+01	5.028267e+00
1.554999999999971e+01	5.028280e+00
1.555999999999971e+01	5.028293e+00
1.556999999999971e+01	5.028306e+00
1.557999999999971e+01	5.028318e+00
1.558999999999971e+01	5.028331e+00
1.559999999999971e+01	5.028344e+00
1.560999999999971e+01	5.028357e+00
1.561999999999971e+01	5.028370e+00
1.562999999999971e+01	5.028383e+00
1.563999999999971e+01	5.028396e+00
1.564999999999971e+01	5.028409e+00
1.565999999999971e+01	5.028421e+00
1.566999999999971e+01	5.028434e+00
1.567999999999971e+01	5.028447e+00
1.568999999999971e+01	5.028460e+00
1.569999999999971e+01	5.028473e+00
1.570999999999971e+01	5.028486e+00
1.571999999999971e+01	5.028499e+00
1.572999999999971e+01	5.028511e+00
1.573999999999971e+01	5.028524e+00
1.574999999999971e+01	5.028537e+00
1.575999999999971e+01	5.028550e+00
1.576999999999971e+01	5.028563e+00
1.577999999999971e+01	5.028575e+00
1.578999999999971e+01	5.028588e+00
1.579999999999971e+01	5.028601e+00
1.580999999999971e+01	5.028614e+00
1.581999999999971e+01	5.028627e+00
1.582999999999971e+01	5.028640e+00
1.583999999999971e+01	5.028652e+00
1.584999999999971e+01	5.028665e+00
1.585999999999971e+01	5.028678e+00
1.586999999999971e+01	5.028691e+00
1.587999999999971e+01	5.028704e+00
1.588999999999971e+01	5.028717e+00
1.589999999999971e+01	5.028729e+00
1.590999999999971e+01	5.028742e+00
1.591999999999971e+01	5.028755e+00
1.592999999999970e+01	5.028768e+00
1.593999999999970e+01	5.028780e+00
1.594999999999970e+01	5.028793e+00
1.595999999999970e+01	5.028806e+00
1.596999999999970e+01	5.028819e+00
1.597999999999970e+01	5.028831e+00
1.598999999999970e+01	5.028844e+00
1.599999999999970e+01	5.028857e+00
1.600999999999970e+01	5.028870e+00
1.601999999999970e+01	5.028883e+00
1.602999999999971e+01	5.028895e+00
1.603999999999971e+01	5.028908e+00
1.604999999999971e+01	5.028921e+00
1.605999999999971e+01	5.028934e+00
1.606999999999971e+01	5.028946e+00
1.607999999999971e+01	5.028959e+00
1.608999999999972e+01	5.028972e+00
1.609999999999972e+01	5.028985e+00
1.610999999999972e+01	5.028997e+00
1.611999999999972e+01	5.029010e+00
1.612999999999972e+01	5.029023e+00
1.613999999999972e+01	5.029036e+00
1.614999999999973e+01	5.029048e+00
1.615999999999973e+01	5.029061e+00
1.616999999999973e+01	5.029074e+00
1.617999999999973e+01	5.029087e+00
1.618999999999973e+01	5.029099e+00
1.619999999999973e+01	5.029112e+00
1.620999999999973e+01	5.029125e+00
1.621999999999974e+01	5.029137e+00
1.622999999999974e+01	5.029150e+00
1.623999999999974e+01	5.029163e+00
1.624999999999974e+01	5.029175e+00
1.625999999999974e+01	5.029188e+00
1.626999999999974e+01	5.029201e+00
1.627999999999975e+01	5.029213e+00
1.628999999999975e+01	5.029226e+00
1.629999999999975e+01	5.029239e+00
1.630999999999975e+01	5.029252e+00
1.631999999999975e+01	5.029264e+00
1.632999999999975e+01	5.029277e+00
1.633999999999975e+01	5.029290e+00
1.634999999999976e+01	5.029302e+00
1.635999999999976e+01	5.029315e+00
1.636999999999976e+01	5.029327e+00
1.637999999999976e+01	5.029340e+00
1.638999999999976e+01	5.029353e+00
1.639999999999976e+01	5.029366e+00
1.640999999999977e+01	5.029378e+00
1.641999999999977e+01	5.029391e+00
1.642999999999977e+01	5.029404e+00
1.643999999999977e+01	5.029416e+00
1.644999999999977e+01	5.029429e+00
1.645999999999977e+01	5.029441e+00
1.646999999999978e+01	5.029454e+00
1.647999999999978e+01	5.029467e+00
1.648999999999978e+01	5.029480e+00
1.649999999999978e+01	5.029492e+00
1.650999999999978e+01	5.029505e+00
1.651999999999978e+01	5.029517e+00
1.652999999999978e+01	5.029530e+00
1.653999999999979e+01	5.029542e+00
1.654999999999979e+01	5.029555e+00
1.655999999999979e+01	5.029568e+00
1.656999999999979e+01	5.029581e+00
1.657999999999979e+01	5.029593e+00
1.658999999999979e+01	5.029606e+00
1.659999999999980e+01	5.029618e+00
1.660999999999980e+01	5.029631e+00
1.661999999999980e+01	5.029644e+00
1.662999999999980e+01	5.029656e+00
1.663999999999980e+01	5.029669e+00
1.664999999999980e+01	5.029681e+00
1.665999999999980e+01	5.029694e+00
1.666999999999981e+01	5.029706e+00
1.667999999999981e+01	5.029719e+00
1.668999999999981e+01	5.029732e+00
1.669999999999981e+01	5.029744e+00
1.670999999999981e+01	5.029757e+00
1.671999999999981e+01	5.029769e+00
1.672999999999982e+01	5.029782e+00
1.673999999999982e+01	5.029795e+00
1.674999999999982e+01	5.029807e+00
1.675999999999982e+01	5.029819e+00
1.676999999999982e+01	5.029832e+00
1.677999999999982e+01	5.029845e+00
1.678999999999983e+01	5.029858e+00
1.679999999999983e+01	5.029870e+00
1.680999999999983e+01	5.029882e+00
1.681999999999983e+01	5.029895e+00
1.682999999999983e+01	5.029908e+00
1.683999999999983e+01	5.029920e+00
1.684999999999983e+01	5.029932e+00
1.685999999999984e+01	5.029945e+00
1.686999999999984e+01	5.029958e+00
1.687999999999984e+01	5.029970e+00
1.688999999999984e+01	5.029983e+00
1.689999999999984e+01	5.029995e+00
1.690999999999984e+01	5.030008e+00
1.691999999999985e+01	5.030020e+00
1.692999999999985e+01	5.030033e+00
1.693999999999985e+01	5.030046e+00
1.694999999999985e+01	5.030058e+00
1.695999999999985e+01	5.030070e+00
1.696999999999985e+01	5.030083e+00
1.697999999999985e+01	5.030096e+00
1.698999999999986e+01	5.030108e+00
1.699999999999986e+01	5.030120e+00
1.700999999999986e+01	5.030133e+00
1.701999999999986e+01	5.030146e+00
1.702999999999986e+01	5.030158e+00
1.703999999999986e+01	5.030170e+00
1.704999999999987e+01	5.030183e+00
1.705999999999987e+01	5.030196e+00
1.706999999999987e+01	5.030208e+00
1.707999999999987e+01	5.030221e+00
1.708999999999987e+01	5.030233e+00
1.709999999999987e+01	5.030245e+00
1.710999999999988e+01	5.030258e+00
1.711999999999988e+01	5.030271e+00
1.712999999999988e+01	5.030283e+00
1.713999999999988e+01	5.030295e+00
1.714999999999988e+01	5.030308e+00
1.715999999999988e+01	5.030320e+00
1.716999999999988e+01	5.030333e+00
1.717999999999989e+01	5.030345e+00
1.718999999999989e+01	5.030358e+00
1.719999999999989e+01	5.030370e+00
1.720999999999989e+01	5.030383e+00
1.721999999999989e+01	5.030395e+00
1.722999999999989e+01	5.030407e+00
1.723999999999990e+01	5.030420e+00
1.724999999999990e+01	5.030432e+00
1.725999999999990e+01	5.030445e+00
1.726999999999990e+01	5.030457e+00
1.727999999999990e+01	5.030470e+00
1.728999999999990e+01	5.030482e+00
1.729999999999990e+01	5.030495e+00
1.730999999999991e+01	5.030507e+00
1.731999999999991e+01	5.030519e+00
1.732999999999991e+01	5.030532e+00
1.733999999999991e+01	5.030544e+00
1.734999999999991e+01	5.030557e+00
1.735999999999991e+01	5.030569e+00
1.736999999999992e+01	5.030581e+00
1.737999999999992e+01	5.030594e+00
1.738999999999992e+01	5.030606e+00
1.739999999999992e+01	5.030619e+00
1.740999999999992e+01	5.030631e+00
1.741999999999992e+01	5.030643e+00
1.742999999999993e+01	5.030656e+00
1.743999999999993e+01	5.030668e+00
1.744999999999993e+01	5.030681e+00
1.745999999999993e+01	5.030693e+00
1.746999999999993e+01	5.030705e+00
1.747999999999993e+01	5.030718e+00
1.748999999999993e+01	5.030730e+00
1.749999999999994e+01	5.030743e+00
1.750999999999994e+01	5.030755e+00
1.751999999999994e+01	5.030767e+00
1.752999999999994e+01	5.030780e+00
1.753999999999994e+01	5.030792e+00
1.754999999999994e+01	5.030805e+00
1.755999999999995e+01	5.030817e+00
1.756999999999995e+01	5.030829e+00
1.757999999999995e+01	5.030841e+00
1.758999999999995e+01	5.030854e+00
1.759999999999995e+01	5.030866e+00
1.760999999999995e+01	5.030879e+00
1.761999999999995e+01	5.030891e+00
1.762999999999996e+01	5.030903e+00
1.763999999999996e+01	5.030916e+00
1.764999999999996e+01	5.030928e+00
1.765999999999996e+01	5.030941e+00
1.766999999999996e+01	5.030952e+00
1.767999999999996e+01	5.030965e+00
1.768999999999997e+01	5.030977e+00
1.769999999999997e+01	5.030990e+00
1.770999999999997e+01	5.031002e+00
1.771999999999997e+01	5.031014e+00
1.772999999999997e+01	5.031027e+00
1.773999999999997e+01	5.031039e+00
1.774999999999998e+01	5.031051e+00
1.775999999999998e+01	5.031064e+00
1.776999999999998e+01	5.031076e+00
1.777999999999998e+01	5.031088e+00
1.778999999999998e+01	5.031100e+00
1.779999999999998e+01	5.031113e+00
1.780999999999998e+01	5.031125e+00
1.781999999999999e+01	5.031137e+00
1.782999999999999e+01	5.031150e+00
1.783999999999999e+01	5.031162e+00
1.784999999999999e+01	5.031174e+00
1.785999999999999e+01	5.031187e+00
1.786999999999999e+01	5.031199e+00
1.788000000000000e+01	5.031211e+00
1.789000000000000e+01	5.031223e+00
1.790000000000000e+01	5.031236e+00
1.791000000000000e+01	5.031248e+00
1.792000000000000e+01	5.031260e+00
1.793000000000000e+01	5.031272e+00
1.794000000000000e+01	5.031285e+00
1.795000000000001e+01	5.031297e+00
1.796000000000001e+01	5.031309e+00
1.797000000000001e+01	5.031322e+00
1.798000000000001e+01	5.031334e+00
1.799000000000001e+01	5.031346e+00
1.800000000000001e+01	5.031358e+00
1.801000000000002e+01	5.031371e+00
1.802000000000002e+01	5.031383e+00
1.803000000000002e+01	5.031395e+00
1.804000000000002e+01	5.031407e+00
1.805000000000002e+01	5.031420e+00
1.806000000000002e+01	5.031432e+00
1.807000000000003e+01	5.031444e+00
1.808000000000003e+01	5.031456e+00
1.809000000000003e+01	5.031468e+00
1.810000000000003e+01	5.031481e+00
1.811000000000003e+01	5.031493e+00
1.812000000000003e+01	5.031505e+00
1.813000000000003e+01	5.031518e+00
1.814000000000004e+01	5.031530e+00
1.815000000000004e+01	5.031542e+00
1.816000000000004e+01	5.031554e+00
1.817000000000004e+01	5.031566e+00
1.818000000000004e+01	5.031579e+00
1.819000000000004e+01	5.031591e+00
1.820000000000005e+01	5.031603e+00
1.821000000000005e+01	5.031615e+00
1.822000000000005e+01	5.031627e+00
1.823000000000005e+01	5.031640e+00
1.824000000000005e+01	5.031652e+00
1.825000000000005e+01	5.031664e+00
1.826000000000005e+01	5.031676e+00
1.827000000000006e+01	5.031688e+00
1.828000000000006e+01	5.031701e+00
1.829000000000006e+01	5.031713e+00
1.830000000000006e+01	5.031725e+00
1.831000000000006e+01	5.031737e+00
1.832000000000006e+01	5.031749e+00
1.833000000000007e+01	5.031761e+00
1.834000000000007e+01	5.031774e+00
1.835000000000007e+01	5.031786e+00
1.836000000000007e+01	5.031798e+00
1.837000000000007e+01	5.031810e+00
1.838000000000007e+01	5.031822e+00
1.839000000000008e+01	5.031835e+00
1.840000000000008e+01	5.031847e+00
1.841000000000008e+01	5.031859e+00
1.842000000000008e+01	5.031871e+00
1.843000000000008e+01	5.031883e+00
1.844000000000008e+01	5.031895e+00
1.845000000000008e+01	5.031907e+00
1.846000000000009e+01	5.031919e+00
1.847000000000009e+01	5.031931e+00
1.848000000000009e+01	5.031944e+00
1.849000000000009e+01	5.031956e+00
1.850000000000009e+01	5.031968e+00
1.851000000000009e+01	5.031980e+00
1.852000000000010e+01	5.031992e+00
1.853000000000010e+01	5.032004e+00
1.854000000000010e+01	5.032016e+00
1.855000000000010e+01	5.032029e+00
1.856000000000010e+01	5.032041e+00
1.857000000000010e+01	5.032053e+00
1.858000000000010e+01	5.032065e+00
1.859000000000011e+01	5.032077e+00
1.860000000000011e+01	5.032089e+00
1.861000000000011e+01	5.032101e+00
1.862000000000011e+01	5.032114e+00
1.863000000000011e+01	5.032125e+00
1.864000000000011e+01	5.032137e+00
1.865000000000012e+01	5.032150e+00
1.866000000000012e+01	5.032162e+00
1.867000000000012e+01	5.032174e+00
1.868000000000012e+01	5.032186e+00
1.869000000000012e+01	5.032198e+00
1.870000000000012e+01	5.032210e+00
1.871000000000013e+01	5.032222e+00
1.872000000000013e+01	5.032234e+00
1.873000000000013e+01	5.032247e+00
1.874000000000013e+01	5.032259e+00
1.875000000000013e+01	5.032270e+00
1.876000000000013e+01	5.032282e+00
1.877000000000013e+01	5.032295e+00
1.878000000000014e+01	5.032307e+00
1.879000000000014e+01	5.032319e+00
1.880000000000014e+01	5.032331e+00
1.881000000000014e+01	5.032343e+00
1.882000000000014e+01	5.032355e+00
1.883000000000014e+01	5.032367e+00
1.884000000000015e+01	5.032379e+00
1.885000000000015e+01	5.032391e+00
1.886000000000015e+01	5.032403e+00
1.887000000000015e+01	5.032415e+00
1.888000000000015e+01	5.032427e+00
1.889000000000015e+01	5.032439e+00
1.890000000000015e+01	5.032451e+00
1.891000000000016e+01	5.032464e+00
1.892000000000016e+01	5.032475e+00
1.893000000000016e+01	5.032487e+00
1.894000000000016e+01	5.032499e+00
1.895000000000016e+01	5.032512e+00
1.896000000000016e+01	5.032524e+00
1.897000000000017e+01	5.032536e+00
1.898000000000017e+01	5.032547e+00
1.899000000000017e+01	5.032559e+00
1.900000000000017e+01	5.032572e+00
1.901000000000017e+01	5.032584e+00
1.902000000000017e+01	5.032596e+00
1.903000000000018e+01	5.032608e+00
1.904000000000018e+01	5.032619e+00
1.905000000000018e+01	5.032631e+00
1.906000000000018e+01	5.032644e+00
1.907000000000018e+01	5.032656e+00
1.908000000000018e+01	5.032668e+00
1.909000000000018e+01	5.032680e+00
1.910000000000019e+01	5.032691e+00
1.911000000000019e+01	5.032703e+00
1.912000000000019e+01	5.032715e+00
1.913000000000019e+01	5.032728e+00
1.914000000000019e+01	5.032740e+00
1.915000000000019e+01	5.032752e+00
1.916000000000020e+01	5.032763e+00
1.917000000000020e+01	5.032775e+00
1.918000000000020e+01	5.032787e+00
1.919000000000020e+01	5.032799e+00
1.920000000000020e+01	5.032811e+00
1.921000000000020e+01	5.032823e+00
1.922000000000020e+01	5.032835e+00
1.923000000000021e+01	5.032847e+00
1.924000000000021e+01	5.032859e+00
1.925000000000021e+01	5.032871e+00
1.926000000000021e+01	5.032883e+00
1.927000000000021e+01	5.032895e+00
1.928000000000021e+01	5.032907e+00
1.929000000000022e+01	5.032919e+00
1.930000000000022e+01	5.032931e+00
1.931000000000022e+01	5.032943e+00
1.932000000000022e+01	5.032955e+00
1.933000000000022e+01	5.032967e+00
1.934000000000022e+01	5.032979e+00
1.935000000000023e+01	5.032990e+00
1.936000000000023e+01	5.033002e+00
1.937000000000023e+01	5.033014e+00
1.938000000000023e+01	5.033026e+00
1.939000000000023e+01	5.033038e+00
1.940000000000023e+01	5.033050e+00
1.941000000000023e+01	5.033062e+00
1.942000000000024e+01	5.033074e+00
1.943000000000024e+01	5.033086e+00
1.944000000000024e+01	5.033098e+00
1.945000000000024e+01	5.033110e+00
1.946000000000024e+01	5.033122e+00
1.947000000000024e+01	5.033134e+00
1.948000000000025e+01	5.033145e+00
1.949000000000025e+01	5.033157e+00
1.950000000000025e+01	5.033169e+00
1.951000000000025e+01	5.033181e+00
1.952000000000025e+01	5.033193e+00
1.953000000000025e+01	5.033205e+00
1.954000000000025e+01	5.033217e+00
1.955000000000026e+01	5.033229e+00
1.956000000000026e+01	5.033241e+00
1.957000000000026e+01	5.033253e+00
1.958000000000026e+01	5.033264e+00
1.959000000000026e+01	5.033276e+00
1.960000000000026e+01	5.033288e+00
1.961000000000027e+01	5.033300e+00
1.962000000000027e+01	5.033312e+00
1.963000000000027e+01	5.033324e+00
1.964000000000027e+01	5.033336e+00
1.965000000000027e+01	5.033348e+00
1.966000000000027e+01	5.033360e+00
1.967000000000028e+01	5.033371e+00
1.968000000000028e+01	5.033383e+00
1.969000000000028e+01	5.033395e+00
1.970000000000028e+01	5.033407e+00
1.971000000000028e+01	5.033419e+00
1.972000000000028e+01	5.033431e+00
1.973000000000028e+01	5.033442e+00
1.974000000000029e+01	5.033454e+00
1.975000000000029e+01	5.033466e+00
1.976000000000029e+01	5.033478e+00
1.977000000000029e+01	5.033490e+00
1.978000000000029e+01	5.033502e+00
1.979000000000029e+01	5.033514e+00
1.980000000000030e+01	5.033525e+00
1.981000000000030e+01	5.033537e+00
1.982000000000030e+01	5.033549e+00
1.983000000000030e+01	5.033561e+00
1.984000000000030e+01	5.033572e+00
1.985000000000030e+01	5.033584e+00
1.986000000000030e+01	5.033596e+00
1.987000000000031e+01	5.033608e+00
1.988000000000031e+01	5.033620e+00
1.989000000000031e+01	5.033631e+00
1.990000000000031e+01	5.033643e+00
1.991000000000031e+01	5.033655e+00
1.992000000000031e+01	5.033667e+00
1.993000000000032e+01	5.033679e+00
1.994000000000032e+01	5.033690e+00
1.995000000000032e+01	5.033702e+00
1.996000000000032e+01	5.033714e+00
1.997000000000032e+01	5.033726e+00
1.998000000000032e+01	5.033738e+00
1.999000000000033e+01	5.033750e+00
2.000000000000033e+01	5.033761e+00
2.001000000000033e+01	5.033773e+00
2.002000000000033e+01	5.033785e+00
2.003000000000033e+01	5.033797e+00
2.004000000000033e+01	5.033808e+00
2.005000000000033e+01	5.033820e+00
2.006000000000034e+01	5.033832e+00
2.007000000000034e+01	5.033844e+00
2.008000000000034e+01	5.033855e+00
2.009000000000034e+01	5.033867e+00
2.010000000000034e+01	5.033879e+00
2.011000000000034e+01	5.033891e+00
2.012000000000035e+01	5.033903e+00
2.013000000000035e+01	5.033914e+00
2.014000000000035e+01	5.033926e+00
2.015000000000035e+01	5.033938e+00
2.016000000000035e+01	5.033949e+00
2.017000000000035e+01	5.033961e+00
2.018000000000035e+01	5.033973e+00
2.019000000000036e+01	5.033985e+00
2.020000000000036e+01	5.033997e+00
2.021000000000036e+01	5.034008e+00
2.022000000000036e+01	5.034020e+00
2.023000000000036e+01	5.034032e+00
2.024000000000036e+01	5.034043e+00
2.025000000000037e+01	5.034055e+00
2.026000000000037e+01	5.034067e+00
2.027000000000037e+01	5.034079e+00
2.028000000000037e+01	5.034090e+00
2.029000000000037e+01	5.034102e+00
2.030000000000037e+01	5.034114e+00
2.031000000000038e+01	5.034125e+00
2.032000000000038e+01	5.034137e+00
2.033000000000038e+01	5.034149e+00
2.034000000000038e+01	5.034161e+00
2.035000000000038e+01	5.034172e+00
2.036000000000038e+01	5.034184e+00
2.037000000000038e+01	5.034195e+00
2.038000000000039e+01	5.034207e+00
2.039000000000039e+01	5.034219e+00
2.040000000000039e+01	5.034231e+00
2.041000000000039e+01	5.034243e+00
2.042000000000039e+01	5.034254e+00
2.043000000000039e+01	5.034266e+00
2.044000000000040e+01	5.034277e+00
2.045000000000040e+01	5.034289e+00
2.046000000000040e+01	5.034301e+00
2.047000000000040e+01	5.034313e+00
2.048000000000040e+01	5.034324e+00
2.049000000000040e+01	5.034336e+00
2.050000000000041e+01	5.034348e+00
2.051000000000041e+01	5.034359e+00
2.052000000000041e+01	5.034371e+00
2.053000000000041e+01	5.034382e+00
2.054000000000041e+01	5.034394e+00
2.055000000000041e+01	5.034406e+00
2.056000000000041e+01	5.034418e+00
2.057000000000042e+01	5.034429e+00
2.058000000000042e+01	5.034441e+00
2.059000000000042e+01	5.034452e+00
2.060000000000042e+01	5.034464e+00
2.061000000000042e+01	5.034476e+00
2.062000000000042e+01	5.034487e+00
2.063000000000043e+01	5.034499e+00
2.064000000000043e+01	5.034511e+00
2.065000000000043e+01	5.034523e+00
2.066000000000043e+01	5.034534e+00
2.067000000000043e+01	5.034545e+00
2.068000000000043e+01	5.034557e+00
2.069000000000043e+01	5.034569e+00
2.070000000000044e+01	5.034581e+00
2.071000000000044e+01	5.034592e+00
2.072000000000044e+01	5.034604e+00
2.073000000000044e+01	5.034616e+00
2.074000000000044e+01	5.034627e+00
2.075000000000044e+01	5.034638e+00
2.076000000000045e+01	5.034650e+00
2.077000000000045e+01	5.034662e+00
2.078000000000045e+01	5.034674e+00
2.079000000000045e+01	5.034685e+00
2.080000000000045e+01	5.034697e+00
2.081000000000045e+01	5.034708e+00
2.082000000000046e+01	5.034720e+00
2.083000000000046e+01	5.034731e+00
2.084000000000046e+01	5.034743e+00
2.085000000000046e+01	5.034755e+00
2.086000000000046e+01	5.034766e+00
2.087000000000046e+01	5.034778e+00
2.088000000000046e+01	5.034790e+00
2.089000000000047e+01	5.034801e+00
2.090000000000047e+01	5.034812e+00
2.091000000000047e+01	5.034824e+00
2.092000000000047e+01	5.034836e+00
2.093000000000047e+01	5.034847e+00
2.094000000000047e+01	5.034859e+00
2.095000000000048e+01	5.034871e+00
2.096000000000048e+01	5.034882e+00
2.097000000000048e+01	5.034894e+00
2.098000000000048e+01	5.034905e+00
2.099000000000048e+01	5.034917e+00
2.100000000000048e+01	5.034928e+00
2.101000000000048e+01	5.034940e+00
2.102000000000049e+01	5.034952e+00
2.103000000000049e+01	5.034963e+00
2.104000000000049e+01	5.034975e+00
2.105000000000049e+01	5.034986e+00
2.106000000000049e+01	5.034997e+00
2.107000000000049e+01	5.035009e+00
2.108000000000050e+01	5.035021e+00
2.109000000000050e+01	5.035032e+00
2.110000000000050e+01	5.035044e+00
2.111000000000050e+01	5.035056e+00
2.112000000000050e+01	5.035067e+00
2.113000000000050e+01	5.035079e+00
2.114000000000051e+01	5.035090e+00
2.115000000000051e+01	5.035101e+00
2.116000000000051e+01	5.035113e+00
2.117000000000051e+01	5.035125e+00
2.118000000000051e+01	5.035136e+00
2.119000000000051e+01	5.035148e+00
2.120000000000051e+01	5.035159e+00
2.121000000000052e+01	5.035171e+00
2.122000000000052e+01	5.035182e+00
2.123000000000052e+01	5.035194e+00
2.124000000000052e+01	5.035205e+00
2.125000000000052e+01	5.035217e+00
2.126000000000052e+01	5.035228e+00
2.127000000000053e+01	5.035240e+00
2.128000000000053e+01	5.035251e+00
2.129000000000053e+01	5.035263e+00
2.130000000000053e+01	5.035274e+00
2.131000000000053e+01	5.035286e+00
2.132000000000053e+01	5.035297e+00
2.133000000000053e+01	5.035309e+00
2.134000000000054e+01	5.035320e+00
2.135000000000054e+01	5.035332e+00
2.136000000000054e+01	5.035343e+00
2.137000000000054e+01	5.035355e+00
2.138000000000054e+01	5.035366e+00
2.139000000000054e+01	5.035378e+00
2.140000000000055e+01	5.035389e+00
2.141000000000055e+01	5.035400e+00
2.142000000000055e+01	5.035412e+00
2.143000000000055e+01	5.035424e+00
2.144000000000055e+01	5.035435e+00
2.145000000000055e+01	5.035447e+00
2.146000000000056e+01	5.035458e+00
2.147000000000056e+01	5.035470e+00
2.148000000000056e+01	5.035481e+00
2.149000000000056e+01	5.035492e+00
2.150000000000056e+01	5.035504e+00
2.151000000000056e+01	5.035515e+00
2.152000000000056e+01	5.035527e+00
2.153000000000057e+01	5.035538e+00
2.154000000000057e+01	5.035550e+00
2.155000000000057e+01	5.035561e+00
2.156000000000057e+01	5.035573e+00
2.157000000000057e+01	5.035584e+00
2.158000000000057e+01	5.035595e+00
2.159000000000058e+01	5.035607e+00
2.160000000000058e+01	5.035618e+00
2.161000000000058e+01	5.035630e+00
2.162000000000058e+01	5.035641e+00
2.163000000000058e+01	5.035653e+00
2.164000000000058e+01	5.035664e+00
2.165000000000058e+01	5.035676e+00
2.166000000000059e+01	5.035687e+00
2.167000000000059e+01	5.035698e+00
2.168000000000059e+01	5.035709e+00
2.169000000000059e+01	5.035721e+00
2.170000000000059e+01	5.035732e+00
2.171000000000059e+01	5.035744e+00
2.172000000000060e+01	5.035755e+00
2.173000000000060e+01	5.035767e+00
2.174000000000060e+01	5.035778e+00
2.175000000000060e+01	5.035789e+00
2.176000000000060e+01	5.035801e+00
2.177000000000060e+01	5.035812e+00
2.178000000000061e+01	5.035824e+00
2.179000000000061e+01	5.035835e+00
2.180000000000061e+01	5.035846e+00
2.181000000000061e+01	5.035858e+00
2.182000000000061e+01	5.035869e+00
2.183000000000061e+01	5.035881e+00
2.184000000000061e+01	5.035892e+00
2.185000000000062e+01	5.035903e+00
2.186000000000062e+01	5.035915e+00
2.187000000000062e+01	5.035926e+00
2.188000000000062e+01	5.035937e+00
2.189000000000062e+01	5.035949e+00
2.190000000000062e+01	5.035960e+00
2.191000000000063e+01	5.035972e+00
2.192000000000063e+01	5.035983e+00
2.193000000000063e+01	5.035995e+00
2.194000000000063e+01	5.036005e+00
2.195000000000063e+01	5.036017e+00
2.196000000000063e+01	5.036028e+00
2.197000000000063e+01	5.036040e+00
2.198000000000064e+01	5.036051e+00
2.199000000000064e+01	5.036063e+00
2.200000000000064e+01	5.036074e+00
2.201000000000064e+01	5.036085e+00
2.202000000000064e+01	5.036097e+00
2.203000000000064e+01	5.036108e+00
2.204000000000065e+01	5.036119e+00
2.205000000000065e+01	5.036130e+00
2.206000000000065e+01	5.036142e+00
2.207000000000065e+01	5.036153e+00
2.208000000000065e+01	5.036165e+00
2.209000000000065e+01	5.036176e+00
2.210000000000066e+01	5.036187e+00
2.211000000000066e+01	5.036199e+00
2.212000000000066e+01	5.036210e+00
2.213000000000066e+01	5.036221e+00
2.214000000000066e+01	5.036232e+00
2.215000000000066e+01	5.036244e+00
2.216000000000066e+01	5.036255e+00
2.217000000000067e+01	5.036266e+00
2.218000000000067e+01	5.036278e+00
2.219000000000067e+01	5.036289e+00
2.220000000000067e+01	5.036301e+00
2.221000000000067e+01	5.036312e+00
2.222000000000067e+01	5.036323e+00
2.223000000000068e+01	5.036335e+00
2.224000000000068e+01	5.036345e+00
2.225000000000068e+01	5.036357e+00
2.226000000000068e+01	5.036368e+00
2.227000000000068e+01	5.036379e+00
2.228000000000068e+01	5.036391e+00
2.229000000000068e+01	5.036402e+00
2.230000000000069e+01	5.036414e+00
2.231000000000069e+01	5.036425e+00
2.232000000000069e+01	5.036436e+00
2.233000000000069e+01	5.036448e+00
2.234000000000069e+01	5.036458e+00
2.235000000000069e+01	5.036470e+00
2.236000000000070e+01	5.036481e+00
2.237000000000070e+01	5.036492e+00
2.238000000000070e+01	5.036504e+00
2.239000000000070e+01	5.036515e+00
2.240000000000070e+01	5.036526e+00
2.241000000000070e+01	5.036538e+00
2.242000000000071e+01	5.036549e+00
2.243000000000071e+01	5.036560e+00
2.244000000000071e+01	5.036572e+00
2.245000000000071e+01	5.036582e+00
2.246000000000071e+01	5.036594e+00
2.247000000000071e+01	5.036605e+00
2.248000000000071e+01	5.036616e+00
2.249000000000072e+01	5.036628e+00
2.250000000000072e+01	5.036639e+00
2.251000000000072e+01	5.036650e+00
2.252000000000072e+01	5.036661e+00
2.253000000000072e+01	5.036673e+00
2.254000000000072e+01	5.036684e+00
2.255000000000073e+01	5.036695e+00
2.256000000000073e+01	5.036706e+00
2.257000000000073e+01	5.036717e+00
2.258000000000073e+01	5.036729e+00
2.259000000000073e+01	5.036740e+00
2.260000000000073e+01	5.036751e+00
2.261000000000073e+01	5.036762e+00
2.262000000000074e+01	5.036774e+00
2.263000000000074e+01	5.036785e+00
2.264000000000074e+01	5.036796e+00
2.265000000000074e+01	5.036807e+00
2.266000000000074e+01	5.036819e+00
2.267000000000074e+01	5.036829e+00
2.268000000000075e+01	5.036841e+00
2.269000000000075e+01	5.036852e+00
2.270000000000075e+01	5.036863e+00
2.271000000000075e+01	5.036875e+00
2.272000000000075e+01	5.036886e+00
2.273000000000075e+01	5.036897e+00
2.274000000000076e+01	5.036908e+00
2.275000000000076e+01	5.036919e+00
2.276000000000076e+01	5.036931e+00
2.277000000000076e+01	5.036942e+00
2.278000000000076e+01	5.036953e+00
2.279000000000076e+01	5.036964e+00
2.280000000000076e+01	5.036975e+00
2.281000000000077e+01	5.036986e+00
2.282000000000077e+01	5.036998e+00
2.283000000000077e+01	5.037009e+00
2.284000000000077e+01	5.037020e+00
2.285000000000077e+01	5.037031e+00
2.286000000000077e+01	5.037042e+00
2.287000000000078e+01	5.037054e+00
2.288000000000078e+01	5.037065e+00
2.289000000000078e+01	5.037076e+00
2.290000000000078e+01	5.037087e+00
2.291000000000078e+01	5.037098e+00
2.292000000000078e+01	5.037109e+00
2.293000000000078e+01	5.037120e+00
2.294000000000079e+01	5.037132e+00
2.295000000000079e+01	5.037143e+00
2.296000000000079e+01	5.037154e+00
2.297000000000079e+01	5.037165e+00
2.298000000000079e+01	5.037176e+00
2.299000000000079e+01	5.037188e+00
2.300000000000080e+01	5.037199e+00
2.301000000000080e+01	5.037210e+00
2.302000000000080e+01	5.037221e+00
2.303000000000080e+01	5.037232e+00
2.304000000000080e+01	5.037243e+00
2.305000000000080e+01	5.037254e+00
2.306000000000081e+01	5.037265e+00
2.307000000000081e+01	5.037277e+00
2.308000000000081e+01	5.037288e+00
2.309000000000081e+01	5.037299e+00
2.310000000000081e+01	5.037310e+00
2.311000000000081e+01	5.037321e+00
2.312000000000081e+01	5.037332e+00
2.313000000000082e+01	5.037344e+00
2.314000000000082e+01	5.037354e+00
2.315000000000082e+01	5.037365e+00
2.316000000000082e+01	5.037377e+00
2.317000000000082e+01	5.037388e+00
2.318000000000082e+01	5.037399e+00
2.319000000000083e+01	5.037410e+00
2.320000000000083e+01	5.037421e+00
2.321000000000083e+01	5.037432e+00
2.322000000000083e+01	5.037443e+00
2.323000000000083e+01	5.037455e+00
2.324000000000083e+01	5.037466e+00
2.325000000000083e+01	5.037477e+00
2.326000000000084e+01	5.037488e+00
2.327000000000084e+01	5.037499e+00
2.328000000000084e+01	5.037510e+00
2.329000000000084e+01	5.037521e+00
2.330000000000084e+01	5.037532e+00
2.331000000000084e+01	5.037543e+00
2.332000000000085e+01	5.037554e+00
2.333000000000085e+01	5.037565e+00
2.334000000000085e+01	5.037577e+00
2.335000000000085e+01	5.037588e+00
2.336000000000085e+01	5.037599e+00
2.337000000000085e+01	5.037610e+00
2.338000000000086e+01	5.037621e+00
2.339000000000086e+01	5.037632e+00
2.340000000000086e+01	5.037643e+00
2.341000000000086e+01	5.037654e+00
2.342000000000086e+01	5.037665e+00
2.343000000000086e+01	5.037676e+00
2.344000000000086e+01	5.037687e+00
2.345000000000087e+01	5.037698e+00
2.346000000000087e+01	5.037709e+00
2.347000000000087e+01	5.037720e+00
2.348000000000087e+01	5.037731e+00
2.349000000000087e+01	5.037743e+00
2.350000000000087e+01	5.037754e+00
2.351000000000088e+01	5.037765e+00
2.352000000000088e+01	5.037776e+00
2.353000000000088e+01	5.037786e+00
2.354000000000088e+01	5.037797e+00
2.355000000000088e+01	5.037809e+00
2.356000000000088e+01	5.037820e+00
2.357000000000088e+01	5.037831e+00
2.358000000000089e+01	5.037842e+00
2.359000000000089e+01	5.037853e+00
2.360000000000089e+01	5.037864e+00
2.361000000000089e+01	5.037875e+00
2.362000000000089e+01	5.037886e+00
2.363000000000089e+01	5.037897e+00
2.364000000000090e+01	5.037908e+00
2.365000000000090e+01	5.037919e+00
2.366000000000090e+01	5.037930e+00
2.367000000000090e+01	5.037941e+00
2.368000000000090e+01	5.037952e+00
2.369000000000090e+01	5.037963e+00
2.370000000000091e+01	5.037974e+00
2.371000000000091e+01	5.037985e+00
2.372000000000091e+01	5.037996e+00
2.373000000000091e+01	5.038007e+00
2.374000000000091e+01	5.038018e+00
2.375000000000091e+01	5.038029e+00
2.376000000000091e+01	5.038040e+00
2.377000000000092e+01	5.038051e+00
2.378000000000092e+01	5.038062e+00
2.379000000000092e+01	5.038073e+00
2.380000000000092e+01	5.038084e+00
2.381000000000092e+01	5.038095e+00
2.382000000000092e+01	5.038106e+00
2.383000000000093e+01	5.038117e+00
2.384000000000093e+01	5.038128e+00
2.385000000000093e+01	5.038139e+00
2.386000000000093e+01	5.038150e+00
2.387000000000093e+01	5.038161e+00
2.388000000000093e+01	5.038172e+00
2.389000000000093e+01	5.038183e+00
2.390000000000094e+01	5.038194e+00
2.391000000000094e+01	5.038205e+00
2.392000000000094e+01	5.038216e+00
2.393000000000094e+01	5.038227e+00
2.394000000000094e+01	5.038238e+00
2.395000000000094e+01	5.038249e+00
2.396000000000095e+01	5.038260e+00
2.397000000000095e+01	5.038270e+00
2.398000000000095e+01	5.038281e+00
2.399000000000095e+01	5.038292e+00
2.400000000000000e+01	5.038303e+00
