vreg	V(vo)
0.000000000000000e+00	9.765663e-09
1.000000000000000e-02	1.200568e-05
2.000000000000000e-02	2.636370e-05
3.000000000000000e-02	4.355642e-05
4.000000000000000e-02	6.415402e-05
5.000000000000000e-02	8.884546e-05
6.000000000000000e-02	1.184649e-04
7.000000000000001e-02	1.540245e-04
8.000000000000000e-02	1.967549e-04
9.000000000000000e-02	2.481570e-04
9.999999999999999e-02	3.100658e-04
1.100000000000000e-01	3.847317e-04
1.200000000000000e-01	4.749232e-04
1.300000000000000e-01	5.840563e-04
1.400000000000000e-01	7.163585e-04
1.500000000000000e-01	8.770757e-04
1.600000000000000e-01	1.072729e-03
1.700000000000000e-01	1.311436e-03
1.800000000000000e-01	1.603294e-03
1.900000000000000e-01	1.960843e-03
2.000000000000000e-01	2.399578e-03
2.100000000000000e-01	2.938498e-03
2.200000000000001e-01	3.600625e-03
2.300000000000001e-01	4.413372e-03
2.400000000000001e-01	5.408633e-03
2.500000000000001e-01	6.622365e-03
2.600000000000001e-01	8.093498e-03
2.700000000000001e-01	9.862047e-03
2.800000000000001e-01	1.196650e-02
2.900000000000001e-01	1.444082e-02
3.000000000000001e-01	1.731154e-02
3.100000000000001e-01	2.059563e-02
3.200000000000001e-01	2.429954e-02
3.300000000000001e-01	2.841955e-02
3.400000000000001e-01	3.294312e-02
3.500000000000001e-01	3.785104e-02
3.600000000000002e-01	4.311955e-02
3.700000000000002e-01	4.872249e-02
3.800000000000002e-01	5.463287e-02
3.900000000000002e-01	6.082415e-02
4.000000000000002e-01	6.727101e-02
4.100000000000002e-01	7.394984e-02
4.200000000000002e-01	8.083896e-02
4.300000000000002e-01	8.791869e-02
4.400000000000002e-01	9.517132e-02
4.500000000000002e-01	1.025809e-01
4.600000000000002e-01	1.101333e-01
4.700000000000003e-01	1.178158e-01
4.800000000000003e-01	1.256170e-01
4.900000000000003e-01	1.335268e-01
5.000000000000002e-01	1.415364e-01
5.100000000000002e-01	1.496374e-01
5.200000000000002e-01	1.578228e-01
5.300000000000002e-01	1.660861e-01
5.400000000000003e-01	1.744214e-01
5.500000000000003e-01	1.828234e-01
5.600000000000003e-01	1.912875e-01
5.700000000000003e-01	1.998093e-01
5.800000000000003e-01	2.083849e-01
5.900000000000003e-01	2.170108e-01
6.000000000000003e-01	2.256838e-01
6.100000000000003e-01	2.344009e-01
6.200000000000003e-01	2.431595e-01
6.300000000000003e-01	2.519570e-01
6.400000000000003e-01	2.607913e-01
6.500000000000004e-01	2.696602e-01
6.600000000000004e-01	2.785619e-01
6.700000000000004e-01	2.874945e-01
6.800000000000004e-01	2.964564e-01
6.900000000000004e-01	3.054462e-01
7.000000000000004e-01	3.144623e-01
7.100000000000004e-01	3.235036e-01
7.200000000000004e-01	3.325687e-01
7.300000000000004e-01	3.416566e-01
7.400000000000004e-01	3.507662e-01
7.500000000000004e-01	3.598965e-01
7.600000000000005e-01	3.690466e-01
7.700000000000005e-01	3.782156e-01
7.800000000000005e-01	3.874028e-01
7.900000000000005e-01	3.966072e-01
8.000000000000005e-01	4.058284e-01
8.100000000000005e-01	4.150655e-01
8.200000000000005e-01	4.243179e-01
8.300000000000005e-01	4.335851e-01
8.400000000000005e-01	4.428664e-01
8.500000000000005e-01	4.521614e-01
8.600000000000005e-01	4.614695e-01
8.700000000000006e-01	4.707902e-01
8.800000000000006e-01	4.801232e-01
8.900000000000006e-01	4.894679e-01
9.000000000000006e-01	4.988239e-01
9.100000000000006e-01	5.081910e-01
9.200000000000006e-01	5.175686e-01
9.300000000000006e-01	5.269566e-01
9.400000000000006e-01	5.363544e-01
9.500000000000006e-01	5.457618e-01
9.600000000000006e-01	5.551785e-01
9.700000000000006e-01	5.646043e-01
9.800000000000006e-01	5.740387e-01
9.900000000000007e-01	5.834817e-01
1.000000000000001e+00	5.929329e-01
1.010000000000001e+00	6.023920e-01
1.020000000000001e+00	6.118589e-01
1.030000000000001e+00	6.213333e-01
1.040000000000001e+00	6.308150e-01
1.050000000000001e+00	6.403039e-01
1.060000000000001e+00	6.497996e-01
1.070000000000001e+00	6.593021e-01
1.080000000000001e+00	6.688111e-01
1.090000000000001e+00	6.783265e-01
1.100000000000001e+00	6.878481e-01
1.110000000000001e+00	6.973758e-01
1.120000000000001e+00	7.069093e-01
1.130000000000001e+00	7.164486e-01
1.140000000000001e+00	7.259935e-01
1.150000000000001e+00	7.355438e-01
1.160000000000001e+00	7.450995e-01
1.170000000000001e+00	7.546604e-01
1.180000000000001e+00	7.642264e-01
1.190000000000001e+00	7.737973e-01
1.200000000000001e+00	7.833731e-01
1.210000000000001e+00	7.929536e-01
1.220000000000001e+00	8.025388e-01
1.230000000000001e+00	8.121284e-01
1.240000000000001e+00	8.217225e-01
1.250000000000001e+00	8.313209e-01
1.260000000000001e+00	8.409235e-01
1.270000000000001e+00	8.505304e-01
1.280000000000001e+00	8.601412e-01
1.290000000000001e+00	8.697560e-01
1.300000000000001e+00	8.793747e-01
1.310000000000001e+00	8.889973e-01
1.320000000000001e+00	8.986235e-01
1.330000000000001e+00	9.082534e-01
1.340000000000001e+00	9.178869e-01
1.350000000000001e+00	9.275239e-01
1.360000000000001e+00	9.371642e-01
1.370000000000001e+00	9.468080e-01
1.380000000000001e+00	9.564552e-01
1.390000000000001e+00	9.661055e-01
1.400000000000001e+00	9.757590e-01
1.410000000000001e+00	9.854157e-01
1.420000000000001e+00	9.950754e-01
1.430000000000001e+00	1.004738e+00
1.440000000000001e+00	1.014404e+00
1.450000000000001e+00	1.024072e+00
1.460000000000001e+00	1.033744e+00
1.470000000000001e+00	1.043418e+00
1.480000000000001e+00	1.053095e+00
1.490000000000001e+00	1.062775e+00
1.500000000000001e+00	1.072457e+00
1.510000000000001e+00	1.082142e+00
1.520000000000001e+00	1.091830e+00
1.530000000000001e+00	1.101520e+00
1.540000000000001e+00	1.111212e+00
1.550000000000001e+00	1.120907e+00
1.560000000000001e+00	1.130605e+00
1.570000000000001e+00	1.140304e+00
1.580000000000001e+00	1.150006e+00
1.590000000000001e+00	1.159711e+00
1.600000000000001e+00	1.169417e+00
1.610000000000001e+00	1.179126e+00
1.620000000000001e+00	1.188837e+00
1.630000000000001e+00	1.198550e+00
1.640000000000001e+00	1.208265e+00
1.650000000000001e+00	1.217983e+00
1.660000000000001e+00	1.227702e+00
1.670000000000001e+00	1.237423e+00
1.680000000000001e+00	1.247147e+00
1.690000000000001e+00	1.256872e+00
1.700000000000001e+00	1.266599e+00
1.710000000000001e+00	1.276328e+00
1.720000000000001e+00	1.286059e+00
1.730000000000001e+00	1.295792e+00
1.740000000000001e+00	1.305527e+00
1.750000000000001e+00	1.315263e+00
1.760000000000001e+00	1.325002e+00
1.770000000000001e+00	1.334742e+00
1.780000000000001e+00	1.344483e+00
1.790000000000001e+00	1.354227e+00
1.800000000000001e+00	1.363972e+00
1.810000000000001e+00	1.373718e+00
1.820000000000001e+00	1.383467e+00
1.830000000000001e+00	1.393217e+00
1.840000000000001e+00	1.402968e+00
1.850000000000001e+00	1.412721e+00
1.860000000000001e+00	1.422476e+00
1.870000000000001e+00	1.432232e+00
1.880000000000001e+00	1.441990e+00
1.890000000000001e+00	1.451749e+00
1.900000000000001e+00	1.461509e+00
1.910000000000001e+00	1.471271e+00
1.920000000000001e+00	1.481035e+00
1.930000000000001e+00	1.490800e+00
1.940000000000002e+00	1.500566e+00
1.950000000000002e+00	1.510333e+00
1.960000000000002e+00	1.520102e+00
1.970000000000002e+00	1.529873e+00
1.980000000000002e+00	1.539644e+00
1.990000000000002e+00	1.549417e+00
2.000000000000001e+00	1.559191e+00
2.010000000000001e+00	1.568967e+00
2.020000000000001e+00	1.578744e+00
2.030000000000001e+00	1.588522e+00
2.040000000000000e+00	1.598301e+00
2.050000000000000e+00	1.608081e+00
2.060000000000000e+00	1.617863e+00
2.070000000000000e+00	1.627646e+00
2.080000000000000e+00	1.637430e+00
2.089999999999999e+00	1.647215e+00
2.099999999999999e+00	1.657001e+00
2.109999999999999e+00	1.666789e+00
2.119999999999999e+00	1.676577e+00
2.129999999999999e+00	1.686367e+00
2.139999999999998e+00	1.696158e+00
2.149999999999998e+00	1.705950e+00
2.159999999999998e+00	1.715742e+00
2.169999999999998e+00	1.725536e+00
2.179999999999997e+00	1.735332e+00
2.189999999999997e+00	1.745128e+00
2.199999999999997e+00	1.754925e+00
2.209999999999997e+00	1.764723e+00
2.219999999999997e+00	1.774522e+00
2.229999999999996e+00	1.784322e+00
2.239999999999996e+00	1.794123e+00
2.249999999999996e+00	1.803925e+00
2.259999999999996e+00	1.813728e+00
2.269999999999996e+00	1.823532e+00
2.279999999999995e+00	1.833337e+00
2.289999999999995e+00	1.843143e+00
2.299999999999995e+00	1.852950e+00
2.309999999999995e+00	1.862758e+00
2.319999999999995e+00	1.872566e+00
2.329999999999994e+00	1.882376e+00
2.339999999999994e+00	1.892186e+00
2.349999999999994e+00	1.901997e+00
2.359999999999994e+00	1.911809e+00
2.369999999999993e+00	1.921622e+00
2.379999999999993e+00	1.931436e+00
2.389999999999993e+00	1.941251e+00
2.399999999999993e+00	1.951066e+00
2.409999999999993e+00	1.960883e+00
2.419999999999992e+00	1.970700e+00
2.429999999999992e+00	1.980518e+00
2.439999999999992e+00	1.990337e+00
2.449999999999992e+00	2.000156e+00
2.459999999999992e+00	2.009977e+00
2.469999999999991e+00	2.019798e+00
2.479999999999991e+00	2.029620e+00
2.489999999999991e+00	2.039443e+00
2.499999999999991e+00	2.049266e+00
2.509999999999990e+00	2.059090e+00
2.519999999999990e+00	2.068915e+00
2.529999999999990e+00	2.078741e+00
2.539999999999990e+00	2.088567e+00
2.549999999999990e+00	2.098394e+00
2.559999999999989e+00	2.108222e+00
2.569999999999989e+00	2.118051e+00
2.579999999999989e+00	2.127880e+00
2.589999999999989e+00	2.137710e+00
2.599999999999989e+00	2.147541e+00
2.609999999999988e+00	2.157372e+00
2.619999999999988e+00	2.167204e+00
2.629999999999988e+00	2.177037e+00
2.639999999999988e+00	2.186871e+00
2.649999999999987e+00	2.196705e+00
2.659999999999987e+00	2.206539e+00
2.669999999999987e+00	2.216375e+00
2.679999999999987e+00	2.226211e+00
2.689999999999987e+00	2.236047e+00
2.699999999999986e+00	2.245885e+00
2.709999999999986e+00	2.255723e+00
2.719999999999986e+00	2.265561e+00
2.729999999999986e+00	2.275400e+00
2.739999999999986e+00	2.285240e+00
2.749999999999985e+00	2.295081e+00
2.759999999999985e+00	2.304922e+00
2.769999999999985e+00	2.314763e+00
2.779999999999985e+00	2.324605e+00
2.789999999999984e+00	2.334448e+00
2.799999999999984e+00	2.344292e+00
2.809999999999984e+00	2.354136e+00
2.819999999999984e+00	2.363980e+00
2.829999999999984e+00	2.373825e+00
2.839999999999983e+00	2.383671e+00
2.849999999999983e+00	2.393517e+00
2.859999999999983e+00	2.403364e+00
2.869999999999983e+00	2.413211e+00
2.879999999999983e+00	2.423059e+00
2.889999999999982e+00	2.432908e+00
2.899999999999982e+00	2.442757e+00
2.909999999999982e+00	2.452606e+00
2.919999999999982e+00	2.462456e+00
2.929999999999982e+00	2.472307e+00
2.939999999999981e+00	2.482158e+00
2.949999999999981e+00	2.492010e+00
2.959999999999981e+00	2.501862e+00
2.969999999999981e+00	2.511714e+00
2.979999999999980e+00	2.521568e+00
2.989999999999980e+00	2.531421e+00
2.999999999999980e+00	2.541276e+00
3.009999999999980e+00	2.551130e+00
3.019999999999980e+00	2.560985e+00
3.029999999999979e+00	2.570841e+00
3.039999999999979e+00	2.580697e+00
3.049999999999979e+00	2.590554e+00
3.059999999999979e+00	2.600411e+00
3.069999999999979e+00	2.610269e+00
3.079999999999978e+00	2.620126e+00
3.089999999999978e+00	2.629985e+00
3.099999999999978e+00	2.639844e+00
3.109999999999978e+00	2.649704e+00
3.119999999999977e+00	2.659564e+00
3.129999999999977e+00	2.669424e+00
3.139999999999977e+00	2.679285e+00
3.149999999999977e+00	2.689146e+00
3.159999999999977e+00	2.699008e+00
3.169999999999976e+00	2.708870e+00
3.179999999999976e+00	2.718732e+00
3.189999999999976e+00	2.728595e+00
3.199999999999976e+00	2.738459e+00
3.209999999999976e+00	2.748323e+00
3.219999999999975e+00	2.758187e+00
3.229999999999975e+00	2.768052e+00
3.239999999999975e+00	2.777917e+00
3.249999999999975e+00	2.787783e+00
3.259999999999974e+00	2.797649e+00
3.269999999999974e+00	2.807515e+00
3.279999999999974e+00	2.817382e+00
3.289999999999974e+00	2.827249e+00
3.299999999999974e+00	2.837117e+00
3.309999999999973e+00	2.846985e+00
3.319999999999973e+00	2.856853e+00
3.329999999999973e+00	2.866722e+00
3.339999999999973e+00	2.876591e+00
3.349999999999973e+00	2.886461e+00
3.359999999999972e+00	2.896331e+00
3.369999999999972e+00	2.906202e+00
3.379999999999972e+00	2.916072e+00
3.389999999999972e+00	2.925943e+00
3.399999999999971e+00	2.935815e+00
3.409999999999971e+00	2.945687e+00
3.419999999999971e+00	2.955559e+00
3.429999999999971e+00	2.965432e+00
3.439999999999971e+00	2.975305e+00
3.449999999999970e+00	2.985178e+00
3.459999999999970e+00	2.995052e+00
3.469999999999970e+00	3.004926e+00
3.479999999999970e+00	3.014801e+00
3.489999999999970e+00	3.024676e+00
3.499999999999969e+00	3.034551e+00
3.509999999999969e+00	3.044426e+00
3.519999999999969e+00	3.054302e+00
3.529999999999969e+00	3.064178e+00
3.539999999999969e+00	3.074055e+00
3.549999999999968e+00	3.083932e+00
3.559999999999968e+00	3.093809e+00
3.569999999999968e+00	3.103687e+00
3.579999999999968e+00	3.113565e+00
3.589999999999967e+00	3.123443e+00
3.599999999999967e+00	3.133322e+00
3.609999999999967e+00	3.143201e+00
3.619999999999967e+00	3.153080e+00
3.629999999999967e+00	3.162960e+00
3.639999999999966e+00	3.172840e+00
3.649999999999966e+00	3.182720e+00
3.659999999999966e+00	3.192601e+00
3.669999999999966e+00	3.202482e+00
3.679999999999966e+00	3.212363e+00
3.689999999999965e+00	3.222245e+00
3.699999999999965e+00	3.232126e+00
3.709999999999965e+00	3.242008e+00
3.719999999999965e+00	3.251891e+00
3.729999999999964e+00	3.261774e+00
3.739999999999964e+00	3.271657e+00
3.749999999999964e+00	3.281540e+00
3.759999999999964e+00	3.291424e+00
3.769999999999964e+00	3.301308e+00
3.779999999999963e+00	3.311193e+00
3.789999999999963e+00	3.321077e+00
3.799999999999963e+00	3.330962e+00
3.809999999999963e+00	3.340847e+00
3.819999999999963e+00	3.350733e+00
3.829999999999962e+00	3.360619e+00
3.839999999999962e+00	3.370505e+00
3.849999999999962e+00	3.380391e+00
3.859999999999962e+00	3.390278e+00
3.869999999999961e+00	3.400165e+00
3.879999999999961e+00	3.410052e+00
3.889999999999961e+00	3.419940e+00
3.899999999999961e+00	3.429827e+00
3.909999999999961e+00	3.439715e+00
3.919999999999960e+00	3.449604e+00
3.929999999999960e+00	3.459492e+00
3.939999999999960e+00	3.469381e+00
3.949999999999960e+00	3.479270e+00
3.959999999999960e+00	3.489160e+00
3.969999999999959e+00	3.499050e+00
3.979999999999959e+00	3.508940e+00
3.989999999999959e+00	3.518830e+00
3.999999999999959e+00	3.528720e+00
4.009999999999959e+00	3.538611e+00
4.019999999999959e+00	3.548502e+00
4.029999999999959e+00	3.558393e+00
4.039999999999958e+00	3.568285e+00
4.049999999999958e+00	3.578177e+00
4.059999999999958e+00	3.588069e+00
4.069999999999958e+00	3.597961e+00
4.079999999999957e+00	3.607854e+00
4.089999999999957e+00	3.617747e+00
4.099999999999957e+00	3.627640e+00
4.109999999999957e+00	3.637533e+00
4.119999999999957e+00	3.647427e+00
4.129999999999956e+00	3.657321e+00
4.139999999999956e+00	3.667215e+00
4.149999999999956e+00	3.677109e+00
4.159999999999956e+00	3.687004e+00
4.169999999999956e+00	3.696898e+00
4.179999999999955e+00	3.706794e+00
4.189999999999955e+00	3.716689e+00
4.199999999999955e+00	3.726584e+00
4.209999999999955e+00	3.736480e+00
4.219999999999954e+00	3.746376e+00
4.229999999999954e+00	3.756273e+00
4.239999999999954e+00	3.766169e+00
4.249999999999954e+00	3.776066e+00
4.259999999999954e+00	3.785963e+00
4.269999999999953e+00	3.795860e+00
4.279999999999953e+00	3.805757e+00
4.289999999999953e+00	3.815655e+00
4.299999999999953e+00	3.825553e+00
4.309999999999953e+00	3.835451e+00
4.319999999999952e+00	3.845349e+00
4.329999999999952e+00	3.855248e+00
4.339999999999952e+00	3.865146e+00
4.349999999999952e+00	3.875046e+00
4.359999999999951e+00	3.884945e+00
4.369999999999951e+00	3.894844e+00
4.379999999999951e+00	3.904744e+00
4.389999999999951e+00	3.914644e+00
4.399999999999951e+00	3.924544e+00
4.409999999999950e+00	3.934444e+00
4.419999999999950e+00	3.944345e+00
4.429999999999950e+00	3.954245e+00
4.439999999999950e+00	3.964146e+00
4.449999999999950e+00	3.974047e+00
4.459999999999949e+00	3.983949e+00
4.469999999999949e+00	3.993850e+00
4.479999999999949e+00	4.003752e+00
4.489999999999949e+00	4.013654e+00
4.499999999999948e+00	4.023556e+00
4.509999999999948e+00	4.033459e+00
4.519999999999948e+00	4.043361e+00
4.529999999999948e+00	4.053264e+00
4.539999999999948e+00	4.063167e+00
4.549999999999947e+00	4.073070e+00
4.559999999999947e+00	4.082973e+00
4.569999999999947e+00	4.092877e+00
4.579999999999947e+00	4.102781e+00
4.589999999999947e+00	4.112685e+00
4.599999999999946e+00	4.122589e+00
4.609999999999946e+00	4.132493e+00
4.619999999999946e+00	4.142398e+00
4.629999999999946e+00	4.152303e+00
4.639999999999946e+00	4.162208e+00
4.649999999999945e+00	4.172113e+00
4.659999999999945e+00	4.182018e+00
4.669999999999945e+00	4.191924e+00
4.679999999999945e+00	4.201829e+00
4.689999999999944e+00	4.211735e+00
4.699999999999944e+00	4.221642e+00
4.709999999999944e+00	4.231548e+00
4.719999999999944e+00	4.241454e+00
4.729999999999944e+00	4.251361e+00
4.739999999999943e+00	4.261268e+00
4.749999999999943e+00	4.271175e+00
4.759999999999943e+00	4.281082e+00
4.769999999999943e+00	4.290989e+00
4.779999999999943e+00	4.300897e+00
4.789999999999942e+00	4.310804e+00
4.799999999999942e+00	4.320712e+00
4.809999999999942e+00	4.330620e+00
4.819999999999942e+00	4.340528e+00
4.829999999999941e+00	4.350436e+00
4.839999999999941e+00	4.360344e+00
4.849999999999941e+00	4.370253e+00
4.859999999999941e+00	4.380161e+00
4.869999999999941e+00	4.390069e+00
4.879999999999940e+00	4.399978e+00
4.889999999999940e+00	4.409886e+00
4.899999999999940e+00	4.419794e+00
4.909999999999940e+00	4.429701e+00
4.919999999999940e+00	4.439608e+00
4.929999999999939e+00	4.449515e+00
4.939999999999939e+00	4.459420e+00
4.949999999999939e+00	4.469325e+00
4.959999999999939e+00	4.479228e+00
4.969999999999938e+00	4.489129e+00
4.979999999999938e+00	4.499027e+00
4.989999999999938e+00	4.508923e+00
4.999999999999938e+00	4.518814e+00
5.009999999999938e+00	4.528699e+00
5.019999999999937e+00	4.538578e+00
5.029999999999937e+00	4.548448e+00
5.039999999999937e+00	4.558306e+00
5.049999999999937e+00	4.568150e+00
5.059999999999937e+00	4.577976e+00
5.069999999999936e+00	4.587778e+00
5.079999999999936e+00	4.597551e+00
5.089999999999936e+00	4.607288e+00
5.099999999999936e+00	4.616978e+00
5.109999999999935e+00	4.626611e+00
5.119999999999935e+00	4.636172e+00
5.129999999999935e+00	4.645645e+00
5.139999999999935e+00	4.655010e+00
5.149999999999935e+00	4.664245e+00
5.159999999999934e+00	4.673324e+00
5.169999999999934e+00	4.682220e+00
5.179999999999934e+00	4.690902e+00
5.189999999999934e+00	4.699342e+00
5.199999999999934e+00	4.707510e+00
5.209999999999933e+00	4.715382e+00
5.219999999999933e+00	4.722934e+00
5.229999999999933e+00	4.730152e+00
5.239999999999933e+00	4.737024e+00
5.249999999999932e+00	4.743548e+00
5.259999999999932e+00	4.749728e+00
5.269999999999932e+00	4.755569e+00
5.279999999999932e+00	4.761086e+00
5.289999999999932e+00	4.766293e+00
5.299999999999931e+00	4.771206e+00
5.309999999999931e+00	4.775846e+00
5.319999999999931e+00	4.780229e+00
5.329999999999931e+00	4.784375e+00
5.339999999999931e+00	4.788301e+00
5.349999999999930e+00	4.792025e+00
5.359999999999930e+00	4.795561e+00
5.369999999999930e+00	4.798924e+00
5.379999999999930e+00	4.802128e+00
5.389999999999930e+00	4.805185e+00
5.399999999999929e+00	4.808106e+00
5.409999999999929e+00	4.810902e+00
5.419999999999929e+00	4.813581e+00
5.429999999999929e+00	4.816154e+00
5.439999999999928e+00	4.818626e+00
5.449999999999928e+00	4.821006e+00
5.459999999999928e+00	4.823299e+00
5.469999999999928e+00	4.825512e+00
5.479999999999928e+00	4.827650e+00
5.489999999999927e+00	4.829718e+00
5.499999999999927e+00	4.831720e+00
5.509999999999927e+00	4.833661e+00
5.519999999999927e+00	4.835543e+00
5.529999999999927e+00	4.837372e+00
5.539999999999926e+00	4.839149e+00
5.549999999999926e+00	4.840878e+00
5.559999999999926e+00	4.842561e+00
5.569999999999926e+00	4.844201e+00
5.579999999999925e+00	4.845800e+00
5.589999999999925e+00	4.847361e+00
5.599999999999925e+00	4.848885e+00
5.609999999999925e+00	4.850374e+00
5.619999999999925e+00	4.851830e+00
5.629999999999924e+00	4.853255e+00
5.639999999999924e+00	4.854650e+00
5.649999999999924e+00	4.856016e+00
5.659999999999924e+00	4.857355e+00
5.669999999999924e+00	4.858667e+00
5.679999999999923e+00	4.859955e+00
5.689999999999923e+00	4.861219e+00
5.699999999999923e+00	4.862460e+00
5.709999999999923e+00	4.863679e+00
5.719999999999922e+00	4.864878e+00
5.729999999999922e+00	4.866056e+00
5.739999999999922e+00	4.867215e+00
5.749999999999922e+00	4.868355e+00
5.759999999999922e+00	4.869477e+00
5.769999999999921e+00	4.870582e+00
5.779999999999921e+00	4.871671e+00
5.789999999999921e+00	4.872743e+00
5.799999999999921e+00	4.873800e+00
5.809999999999921e+00	4.874842e+00
5.819999999999920e+00	4.875870e+00
5.829999999999920e+00	4.876884e+00
5.839999999999920e+00	4.877885e+00
5.849999999999920e+00	4.878872e+00
5.859999999999919e+00	4.879848e+00
5.869999999999919e+00	4.880810e+00
5.879999999999919e+00	4.881762e+00
5.889999999999919e+00	4.882701e+00
5.899999999999919e+00	4.883630e+00
5.909999999999918e+00	4.884548e+00
5.919999999999918e+00	4.885456e+00
5.929999999999918e+00	4.886354e+00
5.939999999999918e+00	4.887242e+00
5.949999999999918e+00	4.888120e+00
5.959999999999917e+00	4.888989e+00
5.969999999999917e+00	4.889850e+00
5.979999999999917e+00	4.890701e+00
5.989999999999917e+00	4.891544e+00
5.999999999999917e+00	4.892379e+00
6.009999999999916e+00	4.893206e+00
6.019999999999916e+00	4.894025e+00
6.029999999999916e+00	4.894836e+00
6.039999999999916e+00	4.895640e+00
6.049999999999915e+00	4.896437e+00
6.059999999999915e+00	4.897227e+00
6.069999999999915e+00	4.898010e+00
6.079999999999915e+00	4.898786e+00
6.089999999999915e+00	4.899555e+00
6.099999999999914e+00	4.900319e+00
6.109999999999914e+00	4.901076e+00
6.119999999999914e+00	4.901827e+00
6.129999999999914e+00	4.902572e+00
6.139999999999914e+00	4.903311e+00
6.149999999999913e+00	4.904045e+00
6.159999999999913e+00	4.904772e+00
6.169999999999913e+00	4.905495e+00
6.179999999999913e+00	4.906212e+00
6.189999999999912e+00	4.906925e+00
6.199999999999912e+00	4.907632e+00
6.209999999999912e+00	4.908334e+00
6.219999999999912e+00	4.909031e+00
6.229999999999912e+00	4.909724e+00
6.239999999999911e+00	4.910411e+00
6.249999999999911e+00	4.911095e+00
6.259999999999911e+00	4.911774e+00
6.269999999999911e+00	4.912448e+00
6.279999999999911e+00	4.913118e+00
6.289999999999910e+00	4.913785e+00
6.299999999999910e+00	4.914446e+00
6.309999999999910e+00	4.915104e+00
6.319999999999910e+00	4.915758e+00
6.329999999999909e+00	4.916408e+00
6.339999999999909e+00	4.917054e+00
6.349999999999909e+00	4.917696e+00
6.359999999999909e+00	4.918335e+00
6.369999999999909e+00	4.918971e+00
6.379999999999908e+00	4.919602e+00
6.389999999999908e+00	4.920231e+00
6.399999999999908e+00	4.920856e+00
6.409999999999908e+00	4.921477e+00
6.419999999999908e+00	4.922095e+00
6.429999999999907e+00	4.922710e+00
6.439999999999907e+00	4.923322e+00
6.449999999999907e+00	4.923931e+00
6.459999999999907e+00	4.924536e+00
6.469999999999906e+00	4.925139e+00
6.479999999999906e+00	4.925739e+00
6.489999999999906e+00	4.926335e+00
6.499999999999906e+00	4.926929e+00
6.509999999999906e+00	4.927521e+00
6.519999999999905e+00	4.928109e+00
6.529999999999905e+00	4.928695e+00
6.539999999999905e+00	4.929277e+00
6.549999999999905e+00	4.929858e+00
6.559999999999905e+00	4.930436e+00
6.569999999999904e+00	4.931011e+00
6.579999999999904e+00	4.931583e+00
6.589999999999904e+00	4.932154e+00
6.599999999999904e+00	4.932722e+00
6.609999999999904e+00	4.933287e+00
6.619999999999903e+00	4.933850e+00
6.629999999999903e+00	4.934411e+00
6.639999999999903e+00	4.934969e+00
6.649999999999903e+00	4.935525e+00
6.659999999999902e+00	4.936080e+00
6.669999999999902e+00	4.936631e+00
6.679999999999902e+00	4.937181e+00
6.689999999999902e+00	4.937728e+00
6.699999999999902e+00	4.938274e+00
6.709999999999901e+00	4.938818e+00
6.719999999999901e+00	4.939359e+00
6.729999999999901e+00	4.939898e+00
6.739999999999901e+00	4.940435e+00
6.749999999999901e+00	4.940971e+00
6.759999999999900e+00	4.941504e+00
6.769999999999900e+00	4.942036e+00
6.779999999999900e+00	4.942566e+00
6.789999999999900e+00	4.943094e+00
6.799999999999899e+00	4.943620e+00
6.809999999999899e+00	4.944144e+00
6.819999999999899e+00	4.944667e+00
6.829999999999899e+00	4.945188e+00
6.839999999999899e+00	4.945707e+00
6.849999999999898e+00	4.946224e+00
6.859999999999898e+00	4.946740e+00
6.869999999999898e+00	4.947254e+00
6.879999999999898e+00	4.947767e+00
6.889999999999898e+00	4.948277e+00
6.899999999999897e+00	4.948787e+00
6.909999999999897e+00	4.949295e+00
6.919999999999897e+00	4.949801e+00
6.929999999999897e+00	4.950305e+00
6.939999999999896e+00	4.950809e+00
6.949999999999896e+00	4.951310e+00
6.959999999999896e+00	4.951810e+00
6.969999999999896e+00	4.952309e+00
6.979999999999896e+00	4.952806e+00
6.989999999999895e+00	4.953302e+00
6.999999999999895e+00	4.953797e+00
7.009999999999895e+00	4.954290e+00
7.019999999999895e+00	4.954782e+00
7.029999999999895e+00	4.955272e+00
7.039999999999894e+00	4.955761e+00
7.049999999999894e+00	4.956249e+00
7.059999999999894e+00	4.956736e+00
7.069999999999894e+00	4.957221e+00
7.079999999999893e+00	4.957705e+00
7.089999999999893e+00	4.958187e+00
7.099999999999893e+00	4.958669e+00
7.109999999999893e+00	4.959149e+00
7.119999999999893e+00	4.959628e+00
7.129999999999892e+00	4.960105e+00
7.139999999999892e+00	4.960582e+00
7.149999999999892e+00	4.961058e+00
7.159999999999892e+00	4.961532e+00
7.169999999999892e+00	4.962005e+00
7.179999999999891e+00	4.962477e+00
7.189999999999891e+00	4.962948e+00
7.199999999999891e+00	4.963418e+00
7.209999999999891e+00	4.963886e+00
7.219999999999891e+00	4.964354e+00
7.229999999999890e+00	4.964820e+00
7.239999999999890e+00	4.965286e+00
7.249999999999890e+00	4.965750e+00
7.259999999999890e+00	4.966213e+00
7.269999999999889e+00	4.966676e+00
7.279999999999889e+00	4.967137e+00
7.289999999999889e+00	4.967597e+00
7.299999999999889e+00	4.968057e+00
7.309999999999889e+00	4.968515e+00
7.319999999999888e+00	4.968972e+00
7.329999999999888e+00	4.969429e+00
7.339999999999888e+00	4.969884e+00
7.349999999999888e+00	4.970339e+00
7.359999999999888e+00	4.970792e+00
7.369999999999887e+00	4.971245e+00
7.379999999999887e+00	4.971696e+00
7.389999999999887e+00	4.972147e+00
7.399999999999887e+00	4.972598e+00
7.409999999999886e+00	4.973046e+00
7.419999999999886e+00	4.973495e+00
7.429999999999886e+00	4.973942e+00
7.439999999999886e+00	4.974388e+00
7.449999999999886e+00	4.974834e+00
7.459999999999885e+00	4.975279e+00
7.469999999999885e+00	4.975723e+00
7.479999999999885e+00	4.976166e+00
7.489999999999885e+00	4.976608e+00
7.499999999999885e+00	4.977049e+00
7.509999999999884e+00	4.977490e+00
7.519999999999884e+00	4.977930e+00
7.529999999999884e+00	4.978369e+00
7.539999999999884e+00	4.978807e+00
7.549999999999883e+00	4.979245e+00
7.559999999999883e+00	4.979681e+00
7.569999999999883e+00	4.980118e+00
7.579999999999883e+00	4.980553e+00
7.589999999999883e+00	4.980988e+00
7.599999999999882e+00	4.981421e+00
7.609999999999882e+00	4.981854e+00
7.619999999999882e+00	4.982286e+00
7.629999999999882e+00	4.982718e+00
7.639999999999882e+00	4.983149e+00
7.649999999999881e+00	4.983579e+00
7.659999999999881e+00	4.984009e+00
7.669999999999881e+00	4.984437e+00
7.679999999999881e+00	4.984866e+00
7.689999999999880e+00	4.985293e+00
7.699999999999880e+00	4.985720e+00
7.709999999999880e+00	4.986146e+00
7.719999999999880e+00	4.986571e+00
7.729999999999880e+00	4.986996e+00
7.739999999999879e+00	4.987421e+00
7.749999999999879e+00	4.987844e+00
7.759999999999879e+00	4.988267e+00
7.769999999999879e+00	4.988689e+00
7.779999999999879e+00	4.989111e+00
7.789999999999878e+00	4.989532e+00
7.799999999999878e+00	4.989952e+00
7.809999999999878e+00	4.990372e+00
7.819999999999878e+00	4.990791e+00
7.829999999999878e+00	4.991210e+00
7.839999999999877e+00	4.991628e+00
7.849999999999877e+00	4.992045e+00
7.859999999999877e+00	4.992462e+00
7.869999999999877e+00	4.992878e+00
7.879999999999876e+00	4.993294e+00
7.889999999999876e+00	4.993709e+00
7.899999999999876e+00	4.994123e+00
7.909999999999876e+00	4.994538e+00
7.919999999999876e+00	4.994951e+00
7.929999999999875e+00	4.995364e+00
7.939999999999875e+00	4.995776e+00
7.949999999999875e+00	4.996188e+00
7.959999999999875e+00	4.996599e+00
7.969999999999875e+00	4.997010e+00
7.979999999999874e+00	4.997420e+00
7.989999999999874e+00	4.997830e+00
7.999999999999874e+00	4.998239e+00
8.009999999999874e+00	4.998648e+00
8.019999999999873e+00	4.999056e+00
8.029999999999873e+00	4.999464e+00
8.039999999999873e+00	4.999871e+00
8.049999999999873e+00	5.000278e+00
8.059999999999873e+00	5.000684e+00
8.069999999999872e+00	5.001090e+00
8.079999999999872e+00	5.001494e+00
8.089999999999872e+00	5.001899e+00
8.099999999999872e+00	5.002304e+00
8.109999999999872e+00	5.002707e+00
8.119999999999871e+00	5.003111e+00
8.129999999999871e+00	5.003513e+00
8.139999999999871e+00	5.003916e+00
8.149999999999871e+00	5.004318e+00
8.159999999999870e+00	5.004719e+00
8.169999999999870e+00	5.005120e+00
8.179999999999870e+00	5.005521e+00
8.189999999999870e+00	5.005921e+00
8.199999999999870e+00	5.006320e+00
8.209999999999869e+00	5.006720e+00
8.219999999999869e+00	5.007119e+00
8.229999999999869e+00	5.007517e+00
8.239999999999869e+00	5.007915e+00
8.249999999999869e+00	5.008313e+00
8.259999999999868e+00	5.008710e+00
8.269999999999868e+00	5.009106e+00
8.279999999999868e+00	5.009503e+00
8.289999999999868e+00	5.009899e+00
8.299999999999867e+00	5.010294e+00
8.309999999999867e+00	5.010689e+00
8.319999999999867e+00	5.011084e+00
8.329999999999867e+00	5.011478e+00
8.339999999999867e+00	5.011872e+00
8.349999999999866e+00	5.012265e+00
8.359999999999866e+00	5.012659e+00
8.369999999999866e+00	5.013051e+00
8.379999999999866e+00	5.013443e+00
8.389999999999866e+00	5.013835e+00
8.399999999999865e+00	5.014227e+00
8.409999999999865e+00	5.014618e+00
8.419999999999865e+00	5.015009e+00
8.429999999999865e+00	5.015399e+00
8.439999999999864e+00	5.015790e+00
8.449999999999864e+00	5.016179e+00
8.459999999999864e+00	5.016569e+00
8.469999999999864e+00	5.016958e+00
8.479999999999864e+00	5.017346e+00
8.489999999999863e+00	5.017735e+00
8.499999999999863e+00	5.018123e+00
8.509999999999863e+00	5.018510e+00
8.519999999999863e+00	5.018897e+00
8.529999999999863e+00	5.019284e+00
8.539999999999862e+00	5.019671e+00
8.549999999999862e+00	5.020057e+00
8.559999999999862e+00	5.020443e+00
8.569999999999862e+00	5.020828e+00
8.579999999999862e+00	5.021214e+00
8.589999999999861e+00	5.021598e+00
8.599999999999861e+00	5.021983e+00
8.609999999999861e+00	5.022367e+00
8.619999999999861e+00	5.022751e+00
8.629999999999860e+00	5.023135e+00
8.639999999999860e+00	5.023518e+00
8.649999999999860e+00	5.023901e+00
8.659999999999860e+00	5.024284e+00
8.669999999999860e+00	5.024666e+00
8.679999999999859e+00	5.025048e+00
8.689999999999859e+00	5.025430e+00
8.699999999999859e+00	5.025812e+00
8.709999999999859e+00	5.026193e+00
8.719999999999859e+00	5.026574e+00
8.729999999999858e+00	5.026954e+00
8.739999999999858e+00	5.027334e+00
8.749999999999858e+00	5.027714e+00
8.759999999999858e+00	5.028094e+00
8.769999999999857e+00	5.028473e+00
8.779999999999857e+00	5.028852e+00
8.789999999999857e+00	5.029231e+00
8.799999999999857e+00	5.029610e+00
8.809999999999857e+00	5.029988e+00
8.819999999999856e+00	5.030366e+00
8.829999999999856e+00	5.030744e+00
8.839999999999856e+00	5.031121e+00
8.849999999999856e+00	5.031498e+00
8.859999999999856e+00	5.031875e+00
8.869999999999855e+00	5.032251e+00
8.879999999999855e+00	5.032628e+00
8.889999999999855e+00	5.033004e+00
8.899999999999855e+00	5.033380e+00
8.909999999999854e+00	5.033755e+00
8.919999999999854e+00	5.034131e+00
8.929999999999854e+00	5.034505e+00
8.939999999999854e+00	5.034880e+00
8.949999999999854e+00	5.035255e+00
8.959999999999853e+00	5.035629e+00
8.969999999999853e+00	5.036003e+00
8.979999999999853e+00	5.036377e+00
8.989999999999853e+00	5.036750e+00
8.999999999999853e+00	5.037124e+00
9.009999999999852e+00	5.037497e+00
9.019999999999852e+00	5.037869e+00
9.029999999999852e+00	5.038242e+00
9.039999999999852e+00	5.038614e+00
9.049999999999851e+00	5.038986e+00
9.059999999999851e+00	5.039358e+00
9.069999999999851e+00	5.039730e+00
9.079999999999851e+00	5.040101e+00
9.089999999999851e+00	5.040472e+00
9.099999999999850e+00	5.040843e+00
9.109999999999850e+00	5.041214e+00
9.119999999999850e+00	5.041584e+00
9.129999999999850e+00	5.041954e+00
9.139999999999850e+00	5.042324e+00
9.149999999999849e+00	5.042694e+00
9.159999999999849e+00	5.043063e+00
9.169999999999849e+00	5.043432e+00
9.179999999999849e+00	5.043801e+00
9.189999999999849e+00	5.044170e+00
9.199999999999848e+00	5.044539e+00
9.209999999999848e+00	5.044908e+00
9.219999999999848e+00	5.045276e+00
9.229999999999848e+00	5.045644e+00
9.239999999999847e+00	5.046011e+00
9.249999999999847e+00	5.046379e+00
9.259999999999847e+00	5.046746e+00
9.269999999999847e+00	5.047113e+00
9.279999999999847e+00	5.047481e+00
9.289999999999846e+00	5.047847e+00
9.299999999999846e+00	5.048214e+00
9.309999999999846e+00	5.048580e+00
9.319999999999846e+00	5.048946e+00
9.329999999999846e+00	5.049312e+00
9.339999999999845e+00	5.049678e+00
9.349999999999845e+00	5.050044e+00
9.359999999999845e+00	5.050409e+00
9.369999999999845e+00	5.050774e+00
9.379999999999844e+00	5.051139e+00
9.389999999999844e+00	5.051504e+00
9.399999999999844e+00	5.051868e+00
9.409999999999844e+00	5.052233e+00
9.419999999999844e+00	5.052597e+00
9.429999999999843e+00	5.052961e+00
9.439999999999843e+00	5.053325e+00
9.449999999999843e+00	5.053689e+00
9.459999999999843e+00	5.054052e+00
9.469999999999843e+00	5.054415e+00
9.479999999999842e+00	5.054779e+00
9.489999999999842e+00	5.055141e+00
9.499999999999842e+00	5.055504e+00
9.509999999999842e+00	5.055867e+00
9.519999999999841e+00	5.056229e+00
9.529999999999841e+00	5.056592e+00
9.539999999999841e+00	5.056953e+00
9.549999999999841e+00	5.057315e+00
9.559999999999841e+00	5.057677e+00
9.569999999999840e+00	5.058039e+00
9.579999999999840e+00	5.058400e+00
9.589999999999840e+00	5.058761e+00
9.599999999999840e+00	5.059122e+00
9.609999999999840e+00	5.059483e+00
9.619999999999839e+00	5.059844e+00
9.629999999999839e+00	5.060204e+00
9.639999999999839e+00	5.060565e+00
9.649999999999839e+00	5.060925e+00
9.659999999999838e+00	5.061285e+00
9.669999999999838e+00	5.061645e+00
9.679999999999838e+00	5.062005e+00
9.689999999999838e+00	5.062364e+00
9.699999999999838e+00	5.062724e+00
9.709999999999837e+00	5.063083e+00
9.719999999999837e+00	5.063442e+00
9.729999999999837e+00	5.063801e+00
9.739999999999837e+00	5.064159e+00
9.749999999999837e+00	5.064518e+00
9.759999999999836e+00	5.064877e+00
9.769999999999836e+00	5.065235e+00
9.779999999999836e+00	5.065593e+00
9.789999999999836e+00	5.065951e+00
9.799999999999836e+00	5.066309e+00
9.809999999999835e+00	5.066667e+00
9.819999999999835e+00	5.067025e+00
9.829999999999835e+00	5.067382e+00
9.839999999999835e+00	5.067739e+00
9.849999999999834e+00	5.068097e+00
9.859999999999834e+00	5.068453e+00
9.869999999999834e+00	5.068810e+00
9.879999999999834e+00	5.069167e+00
9.889999999999834e+00	5.069524e+00
9.899999999999833e+00	5.069880e+00
9.909999999999833e+00	5.070237e+00
9.919999999999833e+00	5.070593e+00
9.929999999999833e+00	5.070949e+00
9.939999999999833e+00	5.071305e+00
9.949999999999832e+00	5.071661e+00
9.959999999999832e+00	5.072016e+00
9.969999999999832e+00	5.072371e+00
9.979999999999832e+00	5.072727e+00
9.989999999999831e+00	5.073082e+00
9.999999999999831e+00	5.073437e+00
1.000999999999983e+01	5.073792e+00
1.001999999999983e+01	5.074147e+00
1.002999999999983e+01	5.074502e+00
1.003999999999983e+01	5.074856e+00
1.004999999999983e+01	5.075211e+00
1.005999999999983e+01	5.075565e+00
1.006999999999983e+01	5.075920e+00
1.007999999999983e+01	5.076273e+00
1.008999999999983e+01	5.076628e+00
1.009999999999983e+01	5.076982e+00
1.010999999999983e+01	5.077335e+00
1.011999999999983e+01	5.077689e+00
1.012999999999983e+01	5.078043e+00
1.013999999999983e+01	5.078396e+00
1.014999999999983e+01	5.078749e+00
1.015999999999983e+01	5.079102e+00
1.016999999999983e+01	5.079455e+00
1.017999999999983e+01	5.079808e+00
1.018999999999983e+01	5.080161e+00
1.019999999999983e+01	5.080513e+00
1.020999999999983e+01	5.080866e+00
1.021999999999983e+01	5.081218e+00
1.022999999999983e+01	5.081571e+00
1.023999999999983e+01	5.081923e+00
1.024999999999983e+01	5.082275e+00
1.025999999999983e+01	5.082627e+00
1.026999999999983e+01	5.082979e+00
1.027999999999983e+01	5.083331e+00
1.028999999999983e+01	5.083682e+00
1.029999999999982e+01	5.084034e+00
1.030999999999982e+01	5.084385e+00
1.031999999999982e+01	5.084737e+00
1.032999999999982e+01	5.085088e+00
1.033999999999982e+01	5.085439e+00
1.034999999999982e+01	5.085790e+00
1.035999999999982e+01	5.086141e+00
1.036999999999982e+01	5.086492e+00
1.037999999999982e+01	5.086843e+00
1.038999999999982e+01	5.087193e+00
1.039999999999982e+01	5.087543e+00
1.040999999999982e+01	5.087894e+00
1.041999999999982e+01	5.088244e+00
1.042999999999982e+01	5.088594e+00
1.043999999999982e+01	5.088944e+00
1.044999999999982e+01	5.089294e+00
1.045999999999982e+01	5.089644e+00
1.046999999999982e+01	5.089994e+00
1.047999999999982e+01	5.090344e+00
1.048999999999982e+01	5.090693e+00
1.049999999999982e+01	5.091043e+00
1.050999999999982e+01	5.091392e+00
1.051999999999982e+01	5.091742e+00
1.052999999999982e+01	5.092091e+00
1.053999999999982e+01	5.092440e+00
1.054999999999982e+01	5.092789e+00
1.055999999999982e+01	5.093138e+00
1.056999999999982e+01	5.093487e+00
1.057999999999982e+01	5.093835e+00
1.058999999999982e+01	5.094184e+00
1.059999999999982e+01	5.094532e+00
1.060999999999982e+01	5.094881e+00
1.061999999999982e+01	5.095230e+00
1.062999999999982e+01	5.095578e+00
1.063999999999982e+01	5.095926e+00
1.064999999999982e+01	5.096274e+00
1.065999999999982e+01	5.096622e+00
1.066999999999982e+01	5.096970e+00
1.067999999999982e+01	5.097318e+00
1.068999999999982e+01	5.097666e+00
1.069999999999982e+01	5.098013e+00
1.070999999999982e+01	5.098361e+00
1.071999999999982e+01	5.098709e+00
1.072999999999982e+01	5.099056e+00
1.073999999999982e+01	5.099403e+00
1.074999999999982e+01	5.099751e+00
1.075999999999982e+01	5.100098e+00
1.076999999999981e+01	5.100445e+00
1.077999999999981e+01	5.100792e+00
1.078999999999981e+01	5.101139e+00
1.079999999999981e+01	5.101486e+00
1.080999999999981e+01	5.101833e+00
1.081999999999981e+01	5.102180e+00
1.082999999999981e+01	5.102526e+00
1.083999999999981e+01	5.102873e+00
1.084999999999981e+01	5.103219e+00
1.085999999999981e+01	5.103566e+00
1.086999999999981e+01	5.103912e+00
1.087999999999981e+01	5.104258e+00
1.088999999999981e+01	5.104604e+00
1.089999999999981e+01	5.104950e+00
1.090999999999981e+01	5.105297e+00
1.091999999999981e+01	5.105642e+00
1.092999999999981e+01	5.105988e+00
1.093999999999981e+01	5.106334e+00
1.094999999999981e+01	5.106680e+00
1.095999999999981e+01	5.107026e+00
1.096999999999981e+01	5.107371e+00
1.097999999999981e+01	5.107717e+00
1.098999999999981e+01	5.108062e+00
1.099999999999981e+01	5.108407e+00
1.100999999999981e+01	5.108753e+00
1.101999999999981e+01	5.109098e+00
1.102999999999981e+01	5.109443e+00
1.103999999999981e+01	5.109788e+00
1.104999999999981e+01	5.110133e+00
1.105999999999981e+01	5.110478e+00
1.106999999999981e+01	5.110823e+00
1.107999999999981e+01	5.111168e+00
1.108999999999981e+01	5.111513e+00
1.109999999999981e+01	5.111857e+00
1.110999999999981e+01	5.112202e+00
1.111999999999981e+01	5.112546e+00
1.112999999999981e+01	5.112891e+00
1.113999999999981e+01	5.113235e+00
1.114999999999981e+01	5.113580e+00
1.115999999999981e+01	5.113924e+00
1.116999999999981e+01	5.114268e+00
1.117999999999981e+01	5.114613e+00
1.118999999999981e+01	5.114956e+00
1.119999999999981e+01	5.115301e+00
1.120999999999981e+01	5.115644e+00
1.121999999999981e+01	5.115989e+00
1.122999999999981e+01	5.116333e+00
1.123999999999980e+01	5.116676e+00
1.124999999999980e+01	5.117020e+00
1.125999999999980e+01	5.117364e+00
1.126999999999980e+01	5.117707e+00
1.127999999999980e+01	5.118051e+00
1.128999999999980e+01	5.118394e+00
1.129999999999980e+01	5.118738e+00
1.130999999999980e+01	5.119081e+00
1.131999999999980e+01	5.119425e+00
1.132999999999980e+01	5.119768e+00
1.133999999999980e+01	5.120111e+00
1.134999999999980e+01	5.120454e+00
1.135999999999980e+01	5.120797e+00
1.136999999999980e+01	5.121140e+00
1.137999999999980e+01	5.121483e+00
1.138999999999980e+01	5.121826e+00
1.139999999999980e+01	5.122169e+00
1.140999999999980e+01	5.122512e+00
1.141999999999980e+01	5.122855e+00
1.142999999999980e+01	5.123198e+00
1.143999999999980e+01	5.123540e+00
1.144999999999980e+01	5.123883e+00
1.145999999999980e+01	5.124226e+00
1.146999999999980e+01	5.124568e+00
1.147999999999980e+01	5.124910e+00
1.148999999999980e+01	5.125253e+00
1.149999999999980e+01	5.125595e+00
1.150999999999980e+01	5.125937e+00
1.151999999999980e+01	5.126280e+00
1.152999999999980e+01	5.126622e+00
1.153999999999980e+01	5.126964e+00
1.154999999999980e+01	5.127306e+00
1.155999999999980e+01	5.127648e+00
1.156999999999980e+01	5.127990e+00
1.157999999999980e+01	5.128333e+00
1.158999999999980e+01	5.128675e+00
1.159999999999980e+01	5.129016e+00
1.160999999999980e+01	5.129358e+00
1.161999999999980e+01	5.129700e+00
1.162999999999980e+01	5.130042e+00
1.163999999999980e+01	5.130383e+00
1.164999999999980e+01	5.130725e+00
1.165999999999980e+01	5.131066e+00
1.166999999999980e+01	5.131408e+00
1.167999999999980e+01	5.131750e+00
1.168999999999980e+01	5.132091e+00
1.169999999999980e+01	5.132432e+00
1.170999999999979e+01	5.132774e+00
1.171999999999979e+01	5.133115e+00
1.172999999999979e+01	5.133456e+00
1.173999999999979e+01	5.133798e+00
1.174999999999979e+01	5.134139e+00
1.175999999999979e+01	5.134480e+00
1.176999999999979e+01	5.134821e+00
1.177999999999979e+01	5.135162e+00
1.178999999999979e+01	5.135503e+00
1.179999999999979e+01	5.135844e+00
1.180999999999979e+01	5.136185e+00
1.181999999999979e+01	5.136526e+00
1.182999999999979e+01	5.136867e+00
1.183999999999979e+01	5.137208e+00
1.184999999999979e+01	5.137548e+00
1.185999999999979e+01	5.137889e+00
1.186999999999979e+01	5.138230e+00
1.187999999999979e+01	5.138571e+00
1.188999999999979e+01	5.138911e+00
1.189999999999979e+01	5.139252e+00
1.190999999999979e+01	5.139593e+00
1.191999999999979e+01	5.139933e+00
1.192999999999979e+01	5.140274e+00
1.193999999999979e+01	5.140614e+00
1.194999999999979e+01	5.140954e+00
1.195999999999979e+01	5.141295e+00
1.196999999999979e+01	5.141635e+00
1.197999999999979e+01	5.141975e+00
1.198999999999979e+01	5.142316e+00
1.199999999999979e+01	5.142656e+00
1.200999999999979e+01	5.142996e+00
1.201999999999979e+01	5.143336e+00
1.202999999999979e+01	5.143676e+00
1.203999999999979e+01	5.144017e+00
1.204999999999979e+01	5.144357e+00
1.205999999999979e+01	5.144697e+00
1.206999999999979e+01	5.145037e+00
1.207999999999979e+01	5.145377e+00
1.208999999999979e+01	5.145717e+00
1.209999999999979e+01	5.146056e+00
1.210999999999979e+01	5.146396e+00
1.211999999999979e+01	5.146736e+00
1.212999999999979e+01	5.147076e+00
1.213999999999979e+01	5.147416e+00
1.214999999999979e+01	5.147755e+00
1.215999999999979e+01	5.148095e+00
1.216999999999978e+01	5.148435e+00
1.217999999999978e+01	5.148774e+00
1.218999999999978e+01	5.149114e+00
1.219999999999978e+01	5.149454e+00
1.220999999999978e+01	5.149793e+00
1.221999999999978e+01	5.150133e+00
1.222999999999978e+01	5.150472e+00
1.223999999999978e+01	5.150812e+00
1.224999999999978e+01	5.151151e+00
1.225999999999978e+01	5.151490e+00
1.226999999999978e+01	5.151830e+00
1.227999999999978e+01	5.152169e+00
1.228999999999978e+01	5.152508e+00
1.229999999999978e+01	5.152848e+00
1.230999999999978e+01	5.153187e+00
1.231999999999978e+01	5.153526e+00
1.232999999999978e+01	5.153865e+00
1.233999999999978e+01	5.154204e+00
1.234999999999978e+01	5.154544e+00
1.235999999999978e+01	5.154883e+00
1.236999999999978e+01	5.155222e+00
1.237999999999978e+01	5.155561e+00
1.238999999999978e+01	5.155900e+00
1.239999999999978e+01	5.156239e+00
1.240999999999978e+01	5.156578e+00
1.241999999999978e+01	5.156917e+00
1.242999999999978e+01	5.157256e+00
1.243999999999978e+01	5.157595e+00
1.244999999999978e+01	5.157934e+00
1.245999999999978e+01	5.158273e+00
1.246999999999978e+01	5.158611e+00
1.247999999999978e+01	5.158950e+00
1.248999999999978e+01	5.159289e+00
1.249999999999978e+01	5.159628e+00
1.250999999999978e+01	5.159966e+00
1.251999999999978e+01	5.160306e+00
1.252999999999978e+01	5.160644e+00
1.253999999999978e+01	5.160983e+00
1.254999999999978e+01	5.161321e+00
1.255999999999978e+01	5.161660e+00
1.256999999999978e+01	5.161999e+00
1.257999999999978e+01	5.162337e+00
1.258999999999978e+01	5.162676e+00
1.259999999999978e+01	5.163014e+00
1.260999999999978e+01	5.163353e+00
1.261999999999978e+01	5.163692e+00
1.262999999999978e+01	5.164030e+00
1.263999999999977e+01	5.164369e+00
1.264999999999977e+01	5.164707e+00
1.265999999999977e+01	5.165045e+00
1.266999999999977e+01	5.165384e+00
1.267999999999977e+01	5.165722e+00
1.268999999999977e+01	5.166060e+00
1.269999999999977e+01	5.166399e+00
1.270999999999977e+01	5.166737e+00
1.271999999999977e+01	5.167076e+00
1.272999999999977e+01	5.167414e+00
1.273999999999977e+01	5.167752e+00
1.274999999999977e+01	5.168090e+00
1.275999999999977e+01	5.168428e+00
1.276999999999977e+01	5.168767e+00
1.277999999999977e+01	5.169105e+00
1.278999999999977e+01	5.169443e+00
1.279999999999977e+01	5.169781e+00
1.280999999999977e+01	5.170120e+00
1.281999999999977e+01	5.170458e+00
1.282999999999977e+01	5.170796e+00
1.283999999999977e+01	5.171134e+00
1.284999999999977e+01	5.171472e+00
1.285999999999977e+01	5.171810e+00
1.286999999999977e+01	5.172148e+00
1.287999999999977e+01	5.172486e+00
1.288999999999977e+01	5.172824e+00
1.289999999999977e+01	5.173162e+00
1.290999999999977e+01	5.173500e+00
1.291999999999977e+01	5.173838e+00
1.292999999999977e+01	5.174176e+00
1.293999999999977e+01	5.174514e+00
1.294999999999977e+01	5.174852e+00
1.295999999999977e+01	5.175190e+00
1.296999999999977e+01	5.175528e+00
1.297999999999977e+01	5.175866e+00
1.298999999999977e+01	5.176204e+00
1.299999999999977e+01	5.176542e+00
1.300999999999977e+01	5.176879e+00
1.301999999999977e+01	5.177217e+00
1.302999999999977e+01	5.177555e+00
1.303999999999977e+01	5.177893e+00
1.304999999999977e+01	5.178231e+00
1.305999999999977e+01	5.178568e+00
1.306999999999977e+01	5.178906e+00
1.307999999999977e+01	5.179244e+00
1.308999999999977e+01	5.179582e+00
1.309999999999977e+01	5.179920e+00
1.310999999999976e+01	5.180257e+00
1.311999999999976e+01	5.180595e+00
1.312999999999976e+01	5.180933e+00
1.313999999999976e+01	5.181271e+00
1.314999999999976e+01	5.181608e+00
1.315999999999976e+01	5.181946e+00
1.316999999999976e+01	5.182283e+00
1.317999999999976e+01	5.182621e+00
1.318999999999976e+01	5.182959e+00
1.319999999999976e+01	5.183297e+00
1.320999999999976e+01	5.183634e+00
1.321999999999976e+01	5.183972e+00
1.322999999999976e+01	5.184309e+00
1.323999999999976e+01	5.184647e+00
1.324999999999976e+01	5.184985e+00
1.325999999999976e+01	5.185322e+00
1.326999999999976e+01	5.185660e+00
1.327999999999976e+01	5.185997e+00
1.328999999999976e+01	5.186335e+00
1.329999999999976e+01	5.186672e+00
1.330999999999976e+01	5.187010e+00
1.331999999999976e+01	5.187347e+00
1.332999999999976e+01	5.187685e+00
1.333999999999976e+01	5.188023e+00
1.334999999999976e+01	5.188360e+00
1.335999999999976e+01	5.188697e+00
1.336999999999976e+01	5.189035e+00
1.337999999999976e+01	5.189373e+00
1.338999999999976e+01	5.189710e+00
1.339999999999976e+01	5.190047e+00
1.340999999999976e+01	5.190385e+00
1.341999999999976e+01	5.190722e+00
1.342999999999976e+01	5.191060e+00
1.343999999999976e+01	5.191397e+00
1.344999999999976e+01	5.191735e+00
1.345999999999976e+01	5.192072e+00
1.346999999999976e+01	5.192410e+00
1.347999999999976e+01	5.192747e+00
1.348999999999976e+01	5.193084e+00
1.349999999999976e+01	5.193422e+00
1.350999999999976e+01	5.193759e+00
1.351999999999976e+01	5.194097e+00
1.352999999999976e+01	5.194434e+00
1.353999999999976e+01	5.194771e+00
1.354999999999976e+01	5.195109e+00
1.355999999999976e+01	5.195446e+00
1.356999999999976e+01	5.195784e+00
1.357999999999975e+01	5.196121e+00
1.358999999999975e+01	5.196458e+00
1.359999999999975e+01	5.196796e+00
1.360999999999975e+01	5.197133e+00
1.361999999999975e+01	5.197471e+00
1.362999999999975e+01	5.197808e+00
1.363999999999975e+01	5.198145e+00
1.364999999999975e+01	5.198483e+00
1.365999999999975e+01	5.198820e+00
1.366999999999975e+01	5.199157e+00
1.367999999999975e+01	5.199494e+00
1.368999999999975e+01	5.199832e+00
1.369999999999975e+01	5.200169e+00
1.370999999999975e+01	5.200507e+00
1.371999999999975e+01	5.200844e+00
1.372999999999975e+01	5.201181e+00
1.373999999999975e+01	5.201519e+00
1.374999999999975e+01	5.201856e+00
1.375999999999975e+01	5.202193e+00
1.376999999999975e+01	5.202530e+00
1.377999999999975e+01	5.202868e+00
1.378999999999975e+01	5.203205e+00
1.379999999999975e+01	5.203543e+00
1.380999999999975e+01	5.203880e+00
1.381999999999975e+01	5.204217e+00
1.382999999999975e+01	5.204555e+00
1.383999999999975e+01	5.204892e+00
1.384999999999975e+01	5.205229e+00
1.385999999999975e+01	5.205566e+00
1.386999999999975e+01	5.205904e+00
1.387999999999975e+01	5.206241e+00
1.388999999999975e+01	5.206578e+00
1.389999999999975e+01	5.206916e+00
1.390999999999975e+01	5.207253e+00
1.391999999999975e+01	5.207590e+00
1.392999999999975e+01	5.207928e+00
1.393999999999975e+01	5.208265e+00
1.394999999999975e+01	5.208602e+00
1.395999999999975e+01	5.208940e+00
1.396999999999975e+01	5.209277e+00
1.397999999999975e+01	5.209614e+00
1.398999999999975e+01	5.209951e+00
1.399999999999975e+01	5.210289e+00
1.400999999999975e+01	5.210626e+00
1.401999999999975e+01	5.210964e+00
1.402999999999975e+01	5.211301e+00
1.403999999999975e+01	5.211638e+00
1.404999999999974e+01	5.211976e+00
1.405999999999974e+01	5.212313e+00
1.406999999999974e+01	5.212650e+00
1.407999999999974e+01	5.212987e+00
1.408999999999974e+01	5.213325e+00
1.409999999999974e+01	5.213662e+00
1.410999999999974e+01	5.214000e+00
1.411999999999974e+01	5.214337e+00
1.412999999999974e+01	5.214674e+00
1.413999999999974e+01	5.215012e+00
1.414999999999974e+01	5.215349e+00
1.415999999999974e+01	5.215686e+00
1.416999999999974e+01	5.216024e+00
1.417999999999974e+01	5.216361e+00
1.418999999999974e+01	5.216699e+00
1.419999999999974e+01	5.217036e+00
1.420999999999974e+01	5.217373e+00
1.421999999999974e+01	5.217710e+00
1.422999999999974e+01	5.218048e+00
1.423999999999974e+01	5.218385e+00
1.424999999999974e+01	5.218723e+00
1.425999999999974e+01	5.219060e+00
1.426999999999974e+01	5.219398e+00
1.427999999999974e+01	5.219735e+00
1.428999999999974e+01	5.220072e+00
1.429999999999974e+01	5.220410e+00
1.430999999999974e+01	5.220747e+00
1.431999999999974e+01	5.221085e+00
1.432999999999974e+01	5.221422e+00
1.433999999999974e+01	5.221760e+00
1.434999999999974e+01	5.222097e+00
1.435999999999974e+01	5.222435e+00
1.436999999999974e+01	5.222772e+00
1.437999999999974e+01	5.223109e+00
1.438999999999974e+01	5.223447e+00
1.439999999999974e+01	5.223784e+00
1.440999999999974e+01	5.224122e+00
1.441999999999974e+01	5.224459e+00
1.442999999999974e+01	5.224797e+00
1.443999999999974e+01	5.225134e+00
1.444999999999974e+01	5.225472e+00
1.445999999999974e+01	5.225809e+00
1.446999999999974e+01	5.226147e+00
1.447999999999974e+01	5.226484e+00
1.448999999999974e+01	5.226822e+00
1.449999999999974e+01	5.227160e+00
1.450999999999974e+01	5.227497e+00
1.451999999999973e+01	5.227835e+00
1.452999999999973e+01	5.228172e+00
1.453999999999973e+01	5.228510e+00
1.454999999999973e+01	5.228847e+00
1.455999999999973e+01	5.229185e+00
1.456999999999973e+01	5.229522e+00
1.457999999999973e+01	5.229860e+00
1.458999999999973e+01	5.230197e+00
1.459999999999973e+01	5.230535e+00
1.460999999999973e+01	5.230873e+00
1.461999999999973e+01	5.231211e+00
1.462999999999973e+01	5.231548e+00
1.463999999999973e+01	5.231886e+00
1.464999999999973e+01	5.232224e+00
1.465999999999973e+01	5.232561e+00
1.466999999999973e+01	5.232899e+00
1.467999999999973e+01	5.233236e+00
1.468999999999973e+01	5.233574e+00
1.469999999999973e+01	5.233912e+00
1.470999999999973e+01	5.234250e+00
1.471999999999973e+01	5.234587e+00
1.472999999999973e+01	5.234925e+00
1.473999999999973e+01	5.235263e+00
1.474999999999973e+01	5.235600e+00
1.475999999999973e+01	5.235938e+00
1.476999999999973e+01	5.236276e+00
1.477999999999973e+01	5.236614e+00
1.478999999999973e+01	5.236952e+00
1.479999999999973e+01	5.237289e+00
1.480999999999973e+01	5.237627e+00
1.481999999999973e+01	5.237965e+00
1.482999999999973e+01	5.238303e+00
1.483999999999973e+01	5.238641e+00
1.484999999999973e+01	5.238978e+00
1.485999999999973e+01	5.239316e+00
1.486999999999973e+01	5.239654e+00
1.487999999999973e+01	5.239992e+00
1.488999999999973e+01	5.240330e+00
1.489999999999973e+01	5.240668e+00
1.490999999999973e+01	5.241006e+00
1.491999999999973e+01	5.241343e+00
1.492999999999973e+01	5.241682e+00
1.493999999999973e+01	5.242020e+00
1.494999999999973e+01	5.242358e+00
1.495999999999973e+01	5.242695e+00
1.496999999999973e+01	5.243033e+00
1.497999999999973e+01	5.243371e+00
1.498999999999972e+01	5.243710e+00
1.499999999999972e+01	5.244048e+00
1.500999999999972e+01	5.244386e+00
1.501999999999972e+01	5.244724e+00
1.502999999999972e+01	5.245061e+00
1.503999999999972e+01	5.245399e+00
1.504999999999972e+01	5.245738e+00
1.505999999999972e+01	5.246076e+00
1.506999999999972e+01	5.246414e+00
1.507999999999972e+01	5.246752e+00
1.508999999999972e+01	5.247090e+00
1.509999999999972e+01	5.247428e+00
1.510999999999972e+01	5.247766e+00
1.511999999999972e+01	5.248105e+00
1.512999999999972e+01	5.248443e+00
1.513999999999972e+01	5.248781e+00
1.514999999999972e+01	5.249119e+00
1.515999999999972e+01	5.249457e+00
1.516999999999972e+01	5.249795e+00
1.517999999999972e+01	5.250134e+00
1.518999999999972e+01	5.250472e+00
1.519999999999972e+01	5.250810e+00
1.520999999999972e+01	5.251149e+00
1.521999999999972e+01	5.251487e+00
1.522999999999972e+01	5.251825e+00
1.523999999999972e+01	5.252163e+00
1.524999999999972e+01	5.252502e+00
1.525999999999972e+01	5.252840e+00
1.526999999999972e+01	5.253179e+00
1.527999999999972e+01	5.253517e+00
1.528999999999972e+01	5.253855e+00
1.529999999999972e+01	5.254194e+00
1.530999999999972e+01	5.254532e+00
1.531999999999972e+01	5.254870e+00
1.532999999999972e+01	5.255209e+00
1.533999999999972e+01	5.255548e+00
1.534999999999972e+01	5.255886e+00
1.535999999999972e+01	5.256225e+00
1.536999999999972e+01	5.256563e+00
1.537999999999972e+01	5.256901e+00
1.538999999999972e+01	5.257240e+00
1.539999999999972e+01	5.257578e+00
1.540999999999972e+01	5.257917e+00
1.541999999999972e+01	5.258255e+00
1.542999999999972e+01	5.258595e+00
1.543999999999972e+01	5.258933e+00
1.544999999999972e+01	5.259272e+00
1.545999999999971e+01	5.259610e+00
1.546999999999971e+01	5.259949e+00
1.547999999999971e+01	5.260287e+00
1.548999999999971e+01	5.260626e+00
1.549999999999971e+01	5.260965e+00
1.550999999999971e+01	5.261303e+00
1.551999999999971e+01	5.261642e+00
1.552999999999971e+01	5.261981e+00
1.553999999999971e+01	5.262320e+00
1.554999999999971e+01	5.262659e+00
1.555999999999971e+01	5.262998e+00
1.556999999999971e+01	5.263336e+00
1.557999999999971e+01	5.263675e+00
1.558999999999971e+01	5.264014e+00
1.559999999999971e+01	5.264353e+00
1.560999999999971e+01	5.264692e+00
1.561999999999971e+01	5.265030e+00
1.562999999999971e+01	5.265369e+00
1.563999999999971e+01	5.265708e+00
1.564999999999971e+01	5.266047e+00
1.565999999999971e+01	5.266387e+00
1.566999999999971e+01	5.266725e+00
1.567999999999971e+01	5.267064e+00
1.568999999999971e+01	5.267403e+00
1.569999999999971e+01	5.267742e+00
1.570999999999971e+01	5.268081e+00
1.571999999999971e+01	5.268421e+00
1.572999999999971e+01	5.268760e+00
1.573999999999971e+01	5.269099e+00
1.574999999999971e+01	5.269438e+00
1.575999999999971e+01	5.269777e+00
1.576999999999971e+01	5.270116e+00
1.577999999999971e+01	5.270455e+00
1.578999999999971e+01	5.270794e+00
1.579999999999971e+01	5.271133e+00
1.580999999999971e+01	5.271473e+00
1.581999999999971e+01	5.271812e+00
1.582999999999971e+01	5.272151e+00
1.583999999999971e+01	5.272491e+00
1.584999999999971e+01	5.272830e+00
1.585999999999971e+01	5.273169e+00
1.586999999999971e+01	5.273509e+00
1.587999999999971e+01	5.273848e+00
1.588999999999971e+01	5.274187e+00
1.589999999999971e+01	5.274527e+00
1.590999999999971e+01	5.274866e+00
1.591999999999971e+01	5.275206e+00
1.592999999999970e+01	5.275545e+00
1.593999999999970e+01	5.275885e+00
1.594999999999970e+01	5.276224e+00
1.595999999999970e+01	5.276564e+00
1.596999999999970e+01	5.276903e+00
1.597999999999970e+01	5.277243e+00
1.598999999999970e+01	5.277582e+00
1.599999999999970e+01	5.277922e+00
1.600999999999970e+01	5.278261e+00
1.601999999999970e+01	5.278601e+00
1.602999999999971e+01	5.278941e+00
1.603999999999971e+01	5.279280e+00
1.604999999999971e+01	5.279620e+00
1.605999999999971e+01	5.279960e+00
1.606999999999971e+01	5.280299e+00
1.607999999999971e+01	5.280639e+00
1.608999999999972e+01	5.280979e+00
1.609999999999972e+01	5.281319e+00
1.610999999999972e+01	5.281658e+00
1.611999999999972e+01	5.281998e+00
1.612999999999972e+01	5.282338e+00
1.613999999999972e+01	5.282678e+00
1.614999999999973e+01	5.283018e+00
1.615999999999973e+01	5.283358e+00
1.616999999999973e+01	5.283698e+00
1.617999999999973e+01	5.284038e+00
1.618999999999973e+01	5.284377e+00
1.619999999999973e+01	5.284717e+00
1.620999999999973e+01	5.285057e+00
1.621999999999974e+01	5.285398e+00
1.622999999999974e+01	5.285738e+00
1.623999999999974e+01	5.286077e+00
1.624999999999974e+01	5.286417e+00
1.625999999999974e+01	5.286757e+00
1.626999999999974e+01	5.287097e+00
1.627999999999975e+01	5.287438e+00
1.628999999999975e+01	5.287778e+00
1.629999999999975e+01	5.288118e+00
1.630999999999975e+01	5.288458e+00
1.631999999999975e+01	5.288799e+00
1.632999999999975e+01	5.289139e+00
1.633999999999975e+01	5.289479e+00
1.634999999999976e+01	5.289819e+00
1.635999999999976e+01	5.290160e+00
1.636999999999976e+01	5.290500e+00
1.637999999999976e+01	5.290840e+00
1.638999999999976e+01	5.291181e+00
1.639999999999976e+01	5.291521e+00
1.640999999999977e+01	5.291862e+00
1.641999999999977e+01	5.292202e+00
1.642999999999977e+01	5.292542e+00
1.643999999999977e+01	5.292883e+00
1.644999999999977e+01	5.293223e+00
1.645999999999977e+01	5.293564e+00
1.646999999999978e+01	5.293904e+00
1.647999999999978e+01	5.294245e+00
1.648999999999978e+01	5.294586e+00
1.649999999999978e+01	5.294926e+00
1.650999999999978e+01	5.295267e+00
1.651999999999978e+01	5.295608e+00
1.652999999999978e+01	5.295948e+00
1.653999999999979e+01	5.296289e+00
1.654999999999979e+01	5.296630e+00
1.655999999999979e+01	5.296970e+00
1.656999999999979e+01	5.297311e+00
1.657999999999979e+01	5.297652e+00
1.658999999999979e+01	5.297993e+00
1.659999999999980e+01	5.298334e+00
1.660999999999980e+01	5.298675e+00
1.661999999999980e+01	5.299016e+00
1.662999999999980e+01	5.299356e+00
1.663999999999980e+01	5.299697e+00
1.664999999999980e+01	5.300038e+00
1.665999999999980e+01	5.300379e+00
1.666999999999981e+01	5.300720e+00
1.667999999999981e+01	5.301061e+00
1.668999999999981e+01	5.301402e+00
1.669999999999981e+01	5.301743e+00
1.670999999999981e+01	5.302084e+00
1.671999999999981e+01	5.302425e+00
1.672999999999982e+01	5.302767e+00
1.673999999999982e+01	5.303108e+00
1.674999999999982e+01	5.303449e+00
1.675999999999982e+01	5.303790e+00
1.676999999999982e+01	5.304132e+00
1.677999999999982e+01	5.304472e+00
1.678999999999983e+01	5.304814e+00
1.679999999999983e+01	5.305155e+00
1.680999999999983e+01	5.305497e+00
1.681999999999983e+01	5.305838e+00
1.682999999999983e+01	5.306179e+00
1.683999999999983e+01	5.306520e+00
1.684999999999983e+01	5.306862e+00
1.685999999999984e+01	5.307203e+00
1.686999999999984e+01	5.307545e+00
1.687999999999984e+01	5.307887e+00
1.688999999999984e+01	5.308228e+00
1.689999999999984e+01	5.308569e+00
1.690999999999984e+01	5.308911e+00
1.691999999999985e+01	5.309253e+00
1.692999999999985e+01	5.309594e+00
1.693999999999985e+01	5.309936e+00
1.694999999999985e+01	5.310277e+00
1.695999999999985e+01	5.310619e+00
1.696999999999985e+01	5.310961e+00
1.697999999999985e+01	5.311303e+00
1.698999999999986e+01	5.311645e+00
1.699999999999986e+01	5.311986e+00
1.700999999999986e+01	5.312328e+00
1.701999999999986e+01	5.312670e+00
1.702999999999986e+01	5.313012e+00
1.703999999999986e+01	5.313354e+00
1.704999999999987e+01	5.313695e+00
1.705999999999987e+01	5.314037e+00
1.706999999999987e+01	5.314380e+00
1.707999999999987e+01	5.314722e+00
1.708999999999987e+01	5.315063e+00
1.709999999999987e+01	5.315405e+00
1.710999999999988e+01	5.315748e+00
1.711999999999988e+01	5.316090e+00
1.712999999999988e+01	5.316432e+00
1.713999999999988e+01	5.316774e+00
1.714999999999988e+01	5.317116e+00
1.715999999999988e+01	5.317458e+00
1.716999999999988e+01	5.317801e+00
1.717999999999989e+01	5.318143e+00
1.718999999999989e+01	5.318485e+00
1.719999999999989e+01	5.318827e+00
1.720999999999989e+01	5.319170e+00
1.721999999999989e+01	5.319512e+00
1.722999999999989e+01	5.319854e+00
1.723999999999990e+01	5.320197e+00
1.724999999999990e+01	5.320539e+00
1.725999999999990e+01	5.320881e+00
1.726999999999990e+01	5.321224e+00
1.727999999999990e+01	5.321567e+00
1.728999999999990e+01	5.321909e+00
1.729999999999990e+01	5.322252e+00
1.730999999999991e+01	5.322594e+00
1.731999999999991e+01	5.322937e+00
1.732999999999991e+01	5.323279e+00
1.733999999999991e+01	5.323622e+00
1.734999999999991e+01	5.323965e+00
1.735999999999991e+01	5.324307e+00
1.736999999999992e+01	5.324650e+00
1.737999999999992e+01	5.324993e+00
1.738999999999992e+01	5.325336e+00
1.739999999999992e+01	5.325678e+00
1.740999999999992e+01	5.326021e+00
1.741999999999992e+01	5.326364e+00
1.742999999999993e+01	5.326707e+00
1.743999999999993e+01	5.327050e+00
1.744999999999993e+01	5.327393e+00
1.745999999999993e+01	5.327736e+00
1.746999999999993e+01	5.328079e+00
1.747999999999993e+01	5.328422e+00
1.748999999999993e+01	5.328765e+00
1.749999999999994e+01	5.329108e+00
1.750999999999994e+01	5.329451e+00
1.751999999999994e+01	5.329794e+00
1.752999999999994e+01	5.330137e+00
1.753999999999994e+01	5.330481e+00
1.754999999999994e+01	5.330824e+00
1.755999999999995e+01	5.331167e+00
1.756999999999995e+01	5.331511e+00
1.757999999999995e+01	5.331854e+00
1.758999999999995e+01	5.332197e+00
1.759999999999995e+01	5.332541e+00
1.760999999999995e+01	5.332884e+00
1.761999999999995e+01	5.333227e+00
1.762999999999996e+01	5.333570e+00
1.763999999999996e+01	5.333914e+00
1.764999999999996e+01	5.334258e+00
1.765999999999996e+01	5.334601e+00
1.766999999999996e+01	5.334945e+00
1.767999999999996e+01	5.335288e+00
1.768999999999997e+01	5.335632e+00
1.769999999999997e+01	5.335975e+00
1.770999999999997e+01	5.336319e+00
1.771999999999997e+01	5.336663e+00
1.772999999999997e+01	5.337007e+00
1.773999999999997e+01	5.337350e+00
1.774999999999998e+01	5.337694e+00
1.775999999999998e+01	5.338037e+00
1.776999999999998e+01	5.338381e+00
1.777999999999998e+01	5.338725e+00
1.778999999999998e+01	5.339069e+00
1.779999999999998e+01	5.339413e+00
1.780999999999998e+01	5.339757e+00
1.781999999999999e+01	5.340101e+00
1.782999999999999e+01	5.340445e+00
1.783999999999999e+01	5.340789e+00
1.784999999999999e+01	5.341133e+00
1.785999999999999e+01	5.341477e+00
1.786999999999999e+01	5.341821e+00
1.788000000000000e+01	5.342165e+00
1.789000000000000e+01	5.342509e+00
1.790000000000000e+01	5.342854e+00
1.791000000000000e+01	5.343198e+00
1.792000000000000e+01	5.343542e+00
1.793000000000000e+01	5.343886e+00
1.794000000000000e+01	5.344231e+00
1.795000000000001e+01	5.344575e+00
1.796000000000001e+01	5.344919e+00
1.797000000000001e+01	5.345264e+00
1.798000000000001e+01	5.345608e+00
1.799000000000001e+01	5.345953e+00
1.800000000000001e+01	5.346297e+00
1.801000000000002e+01	5.346642e+00
1.802000000000002e+01	5.346986e+00
1.803000000000002e+01	5.347331e+00
1.804000000000002e+01	5.347675e+00
1.805000000000002e+01	5.348020e+00
1.806000000000002e+01	5.348365e+00
1.807000000000003e+01	5.348709e+00
1.808000000000003e+01	5.349054e+00
1.809000000000003e+01	5.349399e+00
1.810000000000003e+01	5.349743e+00
1.811000000000003e+01	5.350088e+00
1.812000000000003e+01	5.350433e+00
1.813000000000003e+01	5.350778e+00
1.814000000000004e+01	5.351123e+00
1.815000000000004e+01	5.351468e+00
1.816000000000004e+01	5.351813e+00
1.817000000000004e+01	5.352158e+00
1.818000000000004e+01	5.352503e+00
1.819000000000004e+01	5.352848e+00
1.820000000000005e+01	5.353193e+00
1.821000000000005e+01	5.353538e+00
1.822000000000005e+01	5.353883e+00
1.823000000000005e+01	5.354228e+00
1.824000000000005e+01	5.354573e+00
1.825000000000005e+01	5.354918e+00
1.826000000000005e+01	5.355264e+00
1.827000000000006e+01	5.355609e+00
1.828000000000006e+01	5.355954e+00
1.829000000000006e+01	5.356299e+00
1.830000000000006e+01	5.356645e+00
1.831000000000006e+01	5.356990e+00
1.832000000000006e+01	5.357336e+00
1.833000000000007e+01	5.357681e+00
1.834000000000007e+01	5.358027e+00
1.835000000000007e+01	5.358372e+00
1.836000000000007e+01	5.358718e+00
1.837000000000007e+01	5.359063e+00
1.838000000000007e+01	5.359409e+00
1.839000000000008e+01	5.359755e+00
1.840000000000008e+01	5.360100e+00
1.841000000000008e+01	5.360446e+00
1.842000000000008e+01	5.360792e+00
1.843000000000008e+01	5.361137e+00
1.844000000000008e+01	5.361483e+00
1.845000000000008e+01	5.361829e+00
1.846000000000009e+01	5.362175e+00
1.847000000000009e+01	5.362521e+00
1.848000000000009e+01	5.362866e+00
1.849000000000009e+01	5.363213e+00
1.850000000000009e+01	5.363558e+00
1.851000000000009e+01	5.363904e+00
1.852000000000010e+01	5.364251e+00
1.853000000000010e+01	5.364596e+00
1.854000000000010e+01	5.364943e+00
1.855000000000010e+01	5.365289e+00
1.856000000000010e+01	5.365635e+00
1.857000000000010e+01	5.365981e+00
1.858000000000010e+01	5.366327e+00
1.859000000000011e+01	5.366673e+00
1.860000000000011e+01	5.367020e+00
1.861000000000011e+01	5.367366e+00
1.862000000000011e+01	5.367712e+00
1.863000000000011e+01	5.368059e+00
1.864000000000011e+01	5.368405e+00
1.865000000000012e+01	5.368752e+00
1.866000000000012e+01	5.369098e+00
1.867000000000012e+01	5.369444e+00
1.868000000000012e+01	5.369791e+00
1.869000000000012e+01	5.370138e+00
1.870000000000012e+01	5.370484e+00
1.871000000000013e+01	5.370831e+00
1.872000000000013e+01	5.371177e+00
1.873000000000013e+01	5.371524e+00
1.874000000000013e+01	5.371871e+00
1.875000000000013e+01	5.372218e+00
1.876000000000013e+01	5.372564e+00
1.877000000000013e+01	5.372911e+00
1.878000000000014e+01	5.373258e+00
1.879000000000014e+01	5.373605e+00
1.880000000000014e+01	5.373951e+00
1.881000000000014e+01	5.374299e+00
1.882000000000014e+01	5.374646e+00
1.883000000000014e+01	5.374992e+00
1.884000000000015e+01	5.375340e+00
1.885000000000015e+01	5.375687e+00
1.886000000000015e+01	5.376034e+00
1.887000000000015e+01	5.376381e+00
1.888000000000015e+01	5.376728e+00
1.889000000000015e+01	5.377075e+00
1.890000000000015e+01	5.377422e+00
1.891000000000016e+01	5.377769e+00
1.892000000000016e+01	5.378117e+00
1.893000000000016e+01	5.378464e+00
1.894000000000016e+01	5.378811e+00
1.895000000000016e+01	5.379159e+00
1.896000000000016e+01	5.379506e+00
1.897000000000017e+01	5.379854e+00
1.898000000000017e+01	5.380201e+00
1.899000000000017e+01	5.380548e+00
1.900000000000017e+01	5.380896e+00
1.901000000000017e+01	5.381244e+00
1.902000000000017e+01	5.381591e+00
1.903000000000018e+01	5.381939e+00
1.904000000000018e+01	5.382287e+00
1.905000000000018e+01	5.382634e+00
1.906000000000018e+01	5.382982e+00
1.907000000000018e+01	5.383330e+00
1.908000000000018e+01	5.383677e+00
1.909000000000018e+01	5.384026e+00
1.910000000000019e+01	5.384373e+00
1.911000000000019e+01	5.384721e+00
1.912000000000019e+01	5.385069e+00
1.913000000000019e+01	5.385417e+00
1.914000000000019e+01	5.385765e+00
1.915000000000019e+01	5.386113e+00
1.916000000000020e+01	5.386461e+00
1.917000000000020e+01	5.386809e+00
1.918000000000020e+01	5.387157e+00
1.919000000000020e+01	5.387506e+00
1.920000000000020e+01	5.387854e+00
1.921000000000020e+01	5.388202e+00
1.922000000000020e+01	5.388550e+00
1.923000000000021e+01	5.388898e+00
1.924000000000021e+01	5.389246e+00
1.925000000000021e+01	5.389595e+00
1.926000000000021e+01	5.389943e+00
1.927000000000021e+01	5.390292e+00
1.928000000000021e+01	5.390640e+00
1.929000000000022e+01	5.390989e+00
1.930000000000022e+01	5.391337e+00
1.931000000000022e+01	5.391685e+00
1.932000000000022e+01	5.392034e+00
1.933000000000022e+01	5.392383e+00
1.934000000000022e+01	5.392732e+00
1.935000000000023e+01	5.393080e+00
1.936000000000023e+01	5.393429e+00
1.937000000000023e+01	5.393777e+00
1.938000000000023e+01	5.394126e+00
1.939000000000023e+01	5.394475e+00
1.940000000000023e+01	5.394824e+00
1.941000000000023e+01	5.395173e+00
1.942000000000024e+01	5.395522e+00
1.943000000000024e+01	5.395871e+00
1.944000000000024e+01	5.396220e+00
1.945000000000024e+01	5.396569e+00
1.946000000000024e+01	5.396918e+00
1.947000000000024e+01	5.397267e+00
1.948000000000025e+01	5.397616e+00
1.949000000000025e+01	5.397965e+00
1.950000000000025e+01	5.398314e+00
1.951000000000025e+01	5.398664e+00
1.952000000000025e+01	5.399013e+00
1.953000000000025e+01	5.399362e+00
1.954000000000025e+01	5.399711e+00
1.955000000000026e+01	5.400061e+00
1.956000000000026e+01	5.400410e+00
1.957000000000026e+01	5.400759e+00
1.958000000000026e+01	5.401109e+00
1.959000000000026e+01	5.401458e+00
1.960000000000026e+01	5.401808e+00
1.961000000000027e+01	5.402157e+00
1.962000000000027e+01	5.402507e+00
1.963000000000027e+01	5.402856e+00
1.964000000000027e+01	5.403206e+00
1.965000000000027e+01	5.403556e+00
1.966000000000027e+01	5.403905e+00
1.967000000000028e+01	5.404255e+00
1.968000000000028e+01	5.404605e+00
1.969000000000028e+01	5.404955e+00
1.970000000000028e+01	5.405304e+00
1.971000000000028e+01	5.405654e+00
1.972000000000028e+01	5.406004e+00
1.973000000000028e+01	5.406354e+00
1.974000000000029e+01	5.406704e+00
1.975000000000029e+01	5.407054e+00
1.976000000000029e+01	5.407404e+00
1.977000000000029e+01	5.407754e+00
1.978000000000029e+01	5.408104e+00
1.979000000000029e+01	5.408455e+00
1.980000000000030e+01	5.408805e+00
1.981000000000030e+01	5.409155e+00
1.982000000000030e+01	5.409505e+00
1.983000000000030e+01	5.409856e+00
1.984000000000030e+01	5.410206e+00
1.985000000000030e+01	5.410556e+00
1.986000000000030e+01	5.410907e+00
1.987000000000031e+01	5.411257e+00
1.988000000000031e+01	5.411608e+00
1.989000000000031e+01	5.411958e+00
1.990000000000031e+01	5.412309e+00
1.991000000000031e+01	5.412659e+00
1.992000000000031e+01	5.413010e+00
1.993000000000032e+01	5.413360e+00
1.994000000000032e+01	5.413711e+00
1.995000000000032e+01	5.414062e+00
1.996000000000032e+01	5.414412e+00
1.997000000000032e+01	5.414763e+00
1.998000000000032e+01	5.415114e+00
1.999000000000033e+01	5.415465e+00
2.000000000000033e+01	5.415816e+00
2.001000000000033e+01	5.416167e+00
2.002000000000033e+01	5.416518e+00
2.003000000000033e+01	5.416869e+00
2.004000000000033e+01	5.417220e+00
2.005000000000033e+01	5.417571e+00
2.006000000000034e+01	5.417922e+00
2.007000000000034e+01	5.418273e+00
2.008000000000034e+01	5.418624e+00
2.009000000000034e+01	5.418975e+00
2.010000000000034e+01	5.419326e+00
2.011000000000034e+01	5.419678e+00
2.012000000000035e+01	5.420029e+00
2.013000000000035e+01	5.420380e+00
2.014000000000035e+01	5.420732e+00
2.015000000000035e+01	5.421083e+00
2.016000000000035e+01	5.421434e+00
2.017000000000035e+01	5.421786e+00
2.018000000000035e+01	5.422137e+00
2.019000000000036e+01	5.422489e+00
2.020000000000036e+01	5.422841e+00
2.021000000000036e+01	5.423192e+00
2.022000000000036e+01	5.423543e+00
2.023000000000036e+01	5.423895e+00
2.024000000000036e+01	5.424247e+00
2.025000000000037e+01	5.424599e+00
2.026000000000037e+01	5.424951e+00
2.027000000000037e+01	5.425303e+00
2.028000000000037e+01	5.425654e+00
2.029000000000037e+01	5.426006e+00
2.030000000000037e+01	5.426358e+00
2.031000000000038e+01	5.426710e+00
2.032000000000038e+01	5.427062e+00
2.033000000000038e+01	5.427414e+00
2.034000000000038e+01	5.427766e+00
2.035000000000038e+01	5.428118e+00
2.036000000000038e+01	5.428470e+00
2.037000000000038e+01	5.428823e+00
2.038000000000039e+01	5.429174e+00
2.039000000000039e+01	5.429527e+00
2.040000000000039e+01	5.429879e+00
2.041000000000039e+01	5.430232e+00
2.042000000000039e+01	5.430584e+00
2.043000000000039e+01	5.430936e+00
2.044000000000040e+01	5.431289e+00
2.045000000000040e+01	5.431641e+00
2.046000000000040e+01	5.431993e+00
2.047000000000040e+01	5.432346e+00
2.048000000000040e+01	5.432699e+00
2.049000000000040e+01	5.433051e+00
2.050000000000041e+01	5.433404e+00
2.051000000000041e+01	5.433756e+00
2.052000000000041e+01	5.434109e+00
2.053000000000041e+01	5.434462e+00
2.054000000000041e+01	5.434814e+00
2.055000000000041e+01	5.435167e+00
2.056000000000041e+01	5.435520e+00
2.057000000000042e+01	5.435873e+00
2.058000000000042e+01	5.436226e+00
2.059000000000042e+01	5.436579e+00
2.060000000000042e+01	5.436932e+00
2.061000000000042e+01	5.437285e+00
2.062000000000042e+01	5.437638e+00
2.063000000000043e+01	5.437991e+00
2.064000000000043e+01	5.438344e+00
2.065000000000043e+01	5.438697e+00
2.066000000000043e+01	5.439051e+00
2.067000000000043e+01	5.439404e+00
2.068000000000043e+01	5.439757e+00
2.069000000000043e+01	5.440110e+00
2.070000000000044e+01	5.440464e+00
2.071000000000044e+01	5.440817e+00
2.072000000000044e+01	5.441171e+00
2.073000000000044e+01	5.441524e+00
2.074000000000044e+01	5.441877e+00
2.075000000000044e+01	5.442231e+00
2.076000000000045e+01	5.442585e+00
2.077000000000045e+01	5.442938e+00
2.078000000000045e+01	5.443292e+00
2.079000000000045e+01	5.443645e+00
2.080000000000045e+01	5.443999e+00
2.081000000000045e+01	5.444353e+00
2.082000000000046e+01	5.444706e+00
2.083000000000046e+01	5.445060e+00
2.084000000000046e+01	5.445415e+00
2.085000000000046e+01	5.445768e+00
2.086000000000046e+01	5.446122e+00
2.087000000000046e+01	5.446476e+00
2.088000000000046e+01	5.446830e+00
2.089000000000047e+01	5.447184e+00
2.090000000000047e+01	5.447538e+00
2.091000000000047e+01	5.447892e+00
2.092000000000047e+01	5.448246e+00
2.093000000000047e+01	5.448601e+00
2.094000000000047e+01	5.448955e+00
2.095000000000048e+01	5.449309e+00
2.096000000000048e+01	5.449663e+00
2.097000000000048e+01	5.450017e+00
2.098000000000048e+01	5.450372e+00
2.099000000000048e+01	5.450727e+00
2.100000000000048e+01	5.451081e+00
2.101000000000048e+01	5.451435e+00
2.102000000000049e+01	5.451790e+00
2.103000000000049e+01	5.452144e+00
2.104000000000049e+01	5.452499e+00
2.105000000000049e+01	5.452854e+00
2.106000000000049e+01	5.453208e+00
2.107000000000049e+01	5.453563e+00
2.108000000000050e+01	5.453918e+00
2.109000000000050e+01	5.454272e+00
2.110000000000050e+01	5.454627e+00
2.111000000000050e+01	5.454982e+00
2.112000000000050e+01	5.455337e+00
2.113000000000050e+01	5.455692e+00
2.114000000000051e+01	5.456047e+00
2.115000000000051e+01	5.456402e+00
2.116000000000051e+01	5.456757e+00
2.117000000000051e+01	5.457112e+00
2.118000000000051e+01	5.457467e+00
2.119000000000051e+01	5.457822e+00
2.120000000000051e+01	5.458177e+00
2.121000000000052e+01	5.458532e+00
2.122000000000052e+01	5.458888e+00
2.123000000000052e+01	5.459243e+00
2.124000000000052e+01	5.459598e+00
2.125000000000052e+01	5.459953e+00
2.126000000000052e+01	5.460309e+00
2.127000000000053e+01	5.460664e+00
2.128000000000053e+01	5.461020e+00
2.129000000000053e+01	5.461375e+00
2.130000000000053e+01	5.461731e+00
2.131000000000053e+01	5.462086e+00
2.132000000000053e+01	5.462442e+00
2.133000000000053e+01	5.462798e+00
2.134000000000054e+01	5.463153e+00
2.135000000000054e+01	5.463509e+00
2.136000000000054e+01	5.463865e+00
2.137000000000054e+01	5.464221e+00
2.138000000000054e+01	5.464576e+00
2.139000000000054e+01	5.464932e+00
2.140000000000055e+01	5.465288e+00
2.141000000000055e+01	5.465644e+00
2.142000000000055e+01	5.466000e+00
2.143000000000055e+01	5.466356e+00
2.144000000000055e+01	5.466712e+00
2.145000000000055e+01	5.467068e+00
2.146000000000056e+01	5.467424e+00
2.147000000000056e+01	5.467781e+00
2.148000000000056e+01	5.468137e+00
2.149000000000056e+01	5.468493e+00
2.150000000000056e+01	5.468849e+00
2.151000000000056e+01	5.469206e+00
2.152000000000056e+01	5.469562e+00
2.153000000000057e+01	5.469918e+00
2.154000000000057e+01	5.470275e+00
2.155000000000057e+01	5.470631e+00
2.156000000000057e+01	5.470988e+00
2.157000000000057e+01	5.471344e+00
2.158000000000057e+01	5.471701e+00
2.159000000000058e+01	5.472057e+00
2.160000000000058e+01	5.472414e+00
2.161000000000058e+01	5.472771e+00
2.162000000000058e+01	5.473128e+00
2.163000000000058e+01	5.473485e+00
2.164000000000058e+01	5.473841e+00
2.165000000000058e+01	5.474198e+00
2.166000000000059e+01	5.474555e+00
2.167000000000059e+01	5.474912e+00
2.168000000000059e+01	5.475269e+00
2.169000000000059e+01	5.475626e+00
2.170000000000059e+01	5.475983e+00
2.171000000000059e+01	5.476340e+00
2.172000000000060e+01	5.476697e+00
2.173000000000060e+01	5.477054e+00
2.174000000000060e+01	5.477411e+00
2.175000000000060e+01	5.477768e+00
2.176000000000060e+01	5.478126e+00
2.177000000000060e+01	5.478483e+00
2.178000000000061e+01	5.478840e+00
2.179000000000061e+01	5.479198e+00
2.180000000000061e+01	5.479555e+00
2.181000000000061e+01	5.479913e+00
2.182000000000061e+01	5.480270e+00
2.183000000000061e+01	5.480628e+00
2.184000000000061e+01	5.480985e+00
2.185000000000062e+01	5.481343e+00
2.186000000000062e+01	5.481700e+00
2.187000000000062e+01	5.482058e+00
2.188000000000062e+01	5.482416e+00
2.189000000000062e+01	5.482774e+00
2.190000000000062e+01	5.483131e+00
2.191000000000063e+01	5.483489e+00
2.192000000000063e+01	5.483847e+00
2.193000000000063e+01	5.484205e+00
2.194000000000063e+01	5.484563e+00
2.195000000000063e+01	5.484921e+00
2.196000000000063e+01	5.485279e+00
2.197000000000063e+01	5.485637e+00
2.198000000000064e+01	5.485995e+00
2.199000000000064e+01	5.486353e+00
2.200000000000064e+01	5.486712e+00
2.201000000000064e+01	5.487070e+00
2.202000000000064e+01	5.487428e+00
2.203000000000064e+01	5.487786e+00
2.204000000000065e+01	5.488144e+00
2.205000000000065e+01	5.488503e+00
2.206000000000065e+01	5.488861e+00
2.207000000000065e+01	5.489220e+00
2.208000000000065e+01	5.489578e+00
2.209000000000065e+01	5.489936e+00
2.210000000000066e+01	5.490295e+00
2.211000000000066e+01	5.490654e+00
2.212000000000066e+01	5.491012e+00
2.213000000000066e+01	5.491371e+00
2.214000000000066e+01	5.491730e+00
2.215000000000066e+01	5.492088e+00
2.216000000000066e+01	5.492447e+00
2.217000000000067e+01	5.492806e+00
2.218000000000067e+01	5.493165e+00
2.219000000000067e+01	5.493524e+00
2.220000000000067e+01	5.493883e+00
2.221000000000067e+01	5.494242e+00
2.222000000000067e+01	5.494601e+00
2.223000000000068e+01	5.494960e+00
2.224000000000068e+01	5.495319e+00
2.225000000000068e+01	5.495678e+00
2.226000000000068e+01	5.496037e+00
2.227000000000068e+01	5.496396e+00
2.228000000000068e+01	5.496756e+00
2.229000000000068e+01	5.497115e+00
2.230000000000069e+01	5.497474e+00
2.231000000000069e+01	5.497833e+00
2.232000000000069e+01	5.498193e+00
2.233000000000069e+01	5.498552e+00
2.234000000000069e+01	5.498912e+00
2.235000000000069e+01	5.499271e+00
2.236000000000070e+01	5.499631e+00
2.237000000000070e+01	5.499990e+00
2.238000000000070e+01	5.500350e+00
2.239000000000070e+01	5.500710e+00
2.240000000000070e+01	5.501070e+00
2.241000000000070e+01	5.501429e+00
2.242000000000071e+01	5.501789e+00
2.243000000000071e+01	5.502149e+00
2.244000000000071e+01	5.502509e+00
2.245000000000071e+01	5.502869e+00
2.246000000000071e+01	5.503228e+00
2.247000000000071e+01	5.503588e+00
2.248000000000071e+01	5.503948e+00
2.249000000000072e+01	5.504308e+00
2.250000000000072e+01	5.504669e+00
2.251000000000072e+01	5.505029e+00
2.252000000000072e+01	5.505389e+00
2.253000000000072e+01	5.505749e+00
2.254000000000072e+01	5.506109e+00
2.255000000000073e+01	5.506470e+00
2.256000000000073e+01	5.506830e+00
2.257000000000073e+01	5.507190e+00
2.258000000000073e+01	5.507551e+00
2.259000000000073e+01	5.507911e+00
2.260000000000073e+01	5.508272e+00
2.261000000000073e+01	5.508632e+00
2.262000000000074e+01	5.508993e+00
2.263000000000074e+01	5.509353e+00
2.264000000000074e+01	5.509714e+00
2.265000000000074e+01	5.510075e+00
2.266000000000074e+01	5.510435e+00
2.267000000000074e+01	5.510796e+00
2.268000000000075e+01	5.511157e+00
2.269000000000075e+01	5.511518e+00
2.270000000000075e+01	5.511878e+00
2.271000000000075e+01	5.512239e+00
2.272000000000075e+01	5.512600e+00
2.273000000000075e+01	5.512961e+00
2.274000000000076e+01	5.513322e+00
2.275000000000076e+01	5.513683e+00
2.276000000000076e+01	5.514044e+00
2.277000000000076e+01	5.514406e+00
2.278000000000076e+01	5.514767e+00
2.279000000000076e+01	5.515128e+00
2.280000000000076e+01	5.515489e+00
2.281000000000077e+01	5.515851e+00
2.282000000000077e+01	5.516212e+00
2.283000000000077e+01	5.516573e+00
2.284000000000077e+01	5.516935e+00
2.285000000000077e+01	5.517296e+00
2.286000000000077e+01	5.517658e+00
2.287000000000078e+01	5.518019e+00
2.288000000000078e+01	5.518381e+00
2.289000000000078e+01	5.518743e+00
2.290000000000078e+01	5.519104e+00
2.291000000000078e+01	5.519466e+00
2.292000000000078e+01	5.519827e+00
2.293000000000078e+01	5.520189e+00
2.294000000000079e+01	5.520551e+00
2.295000000000079e+01	5.520913e+00
2.296000000000079e+01	5.521275e+00
2.297000000000079e+01	5.521636e+00
2.298000000000079e+01	5.521999e+00
2.299000000000079e+01	5.522361e+00
2.300000000000080e+01	5.522723e+00
2.301000000000080e+01	5.523085e+00
2.302000000000080e+01	5.523447e+00
2.303000000000080e+01	5.523809e+00
2.304000000000080e+01	5.524171e+00
2.305000000000080e+01	5.524533e+00
2.306000000000081e+01	5.524896e+00
2.307000000000081e+01	5.525258e+00
2.308000000000081e+01	5.525620e+00
2.309000000000081e+01	5.525983e+00
2.310000000000081e+01	5.526345e+00
2.311000000000081e+01	5.526708e+00
2.312000000000081e+01	5.527070e+00
2.313000000000082e+01	5.527433e+00
2.314000000000082e+01	5.527795e+00
2.315000000000082e+01	5.528158e+00
2.316000000000082e+01	5.528521e+00
2.317000000000082e+01	5.528883e+00
2.318000000000082e+01	5.529246e+00
2.319000000000083e+01	5.529609e+00
2.320000000000083e+01	5.529972e+00
2.321000000000083e+01	5.530334e+00
2.322000000000083e+01	5.530698e+00
2.323000000000083e+01	5.531061e+00
2.324000000000083e+01	5.531424e+00
2.325000000000083e+01	5.531786e+00
2.326000000000084e+01	5.532150e+00
2.327000000000084e+01	5.532513e+00
2.328000000000084e+01	5.532876e+00
2.329000000000084e+01	5.533239e+00
2.330000000000084e+01	5.533602e+00
2.331000000000084e+01	5.533966e+00
2.332000000000085e+01	5.534329e+00
2.333000000000085e+01	5.534692e+00
2.334000000000085e+01	5.535056e+00
2.335000000000085e+01	5.535419e+00
2.336000000000085e+01	5.535782e+00
2.337000000000085e+01	5.536146e+00
2.338000000000086e+01	5.536510e+00
2.339000000000086e+01	5.536873e+00
2.340000000000086e+01	5.537237e+00
2.341000000000086e+01	5.537601e+00
2.342000000000086e+01	5.537964e+00
2.343000000000086e+01	5.538328e+00
2.344000000000086e+01	5.538692e+00
2.345000000000087e+01	5.539055e+00
2.346000000000087e+01	5.539419e+00
2.347000000000087e+01	5.539783e+00
2.348000000000087e+01	5.540147e+00
2.349000000000087e+01	5.540511e+00
2.350000000000087e+01	5.540875e+00
2.351000000000088e+01	5.541239e+00
2.352000000000088e+01	5.541604e+00
2.353000000000088e+01	5.541967e+00
2.354000000000088e+01	5.542332e+00
2.355000000000088e+01	5.542696e+00
2.356000000000088e+01	5.543060e+00
2.357000000000088e+01	5.543425e+00
2.358000000000089e+01	5.543789e+00
2.359000000000089e+01	5.544153e+00
2.360000000000089e+01	5.544518e+00
2.361000000000089e+01	5.544882e+00
2.362000000000089e+01	5.545247e+00
2.363000000000089e+01	5.545611e+00
2.364000000000090e+01	5.545976e+00
2.365000000000090e+01	5.546340e+00
2.366000000000090e+01	5.546705e+00
2.367000000000090e+01	5.547070e+00
2.368000000000090e+01	5.547434e+00
2.369000000000090e+01	5.547799e+00
2.370000000000091e+01	5.548164e+00
2.371000000000091e+01	5.548529e+00
2.372000000000091e+01	5.548894e+00
2.373000000000091e+01	5.549259e+00
2.374000000000091e+01	5.549623e+00
2.375000000000091e+01	5.549989e+00
2.376000000000091e+01	5.550354e+00
2.377000000000092e+01	5.550719e+00
2.378000000000092e+01	5.551084e+00
2.379000000000092e+01	5.551449e+00
2.380000000000092e+01	5.551815e+00
2.381000000000092e+01	5.552180e+00
2.382000000000092e+01	5.552545e+00
2.383000000000093e+01	5.552910e+00
2.384000000000093e+01	5.553276e+00
2.385000000000093e+01	5.553641e+00
2.386000000000093e+01	5.554007e+00
2.387000000000093e+01	5.554372e+00
2.388000000000093e+01	5.554738e+00
2.389000000000093e+01	5.555103e+00
2.390000000000094e+01	5.555469e+00
2.391000000000094e+01	5.555835e+00
2.392000000000094e+01	5.556200e+00
2.393000000000094e+01	5.556566e+00
2.394000000000094e+01	5.556932e+00
2.395000000000094e+01	5.557298e+00
2.396000000000095e+01	5.557663e+00
2.397000000000095e+01	5.558029e+00
2.398000000000095e+01	5.558395e+00
2.399000000000095e+01	5.558761e+00
2.400000000000000e+01	5.559127e+00
