vreg	V(vo)
0.000000000000000e+00	5.293157e-12
1.000000000000000e-02	6.508691e-09
2.000000000000000e-02	1.429636e-08
3.000000000000000e-02	2.362688e-08
4.000000000000000e-02	3.481292e-08
5.000000000000000e-02	4.823334e-08
6.000000000000000e-02	6.434837e-08
7.000000000000001e-02	8.371864e-08
8.000000000000000e-02	1.070293e-07
9.000000000000000e-02	1.351205e-07
9.999999999999999e-02	1.690270e-07
1.100000000000000e-01	2.100289e-07
1.200000000000000e-01	2.597172e-07
1.300000000000000e-01	3.200808e-07
1.400000000000000e-01	3.936200e-07
1.500000000000000e-01	4.834976e-07
1.600000000000000e-01	5.937407e-07
1.700000000000000e-01	7.295113e-07
1.800000000000000e-01	8.974720e-07
1.900000000000000e-01	1.106281e-06
2.000000000000000e-01	1.367267e-06
2.100000000000000e-01	1.695350e-06
2.200000000000001e-01	2.110301e-06
2.300000000000001e-01	2.638478e-06
2.400000000000001e-01	3.315197e-06
2.500000000000001e-01	4.188009e-06
2.600000000000001e-01	5.321190e-06
2.700000000000001e-01	6.801915e-06
2.800000000000001e-01	8.748715e-06
2.900000000000001e-01	1.132304e-05
3.000000000000001e-01	1.474497e-05
3.100000000000001e-01	1.931455e-05
3.200000000000001e-01	2.544032e-05
3.300000000000001e-01	3.367754e-05
3.400000000000001e-01	4.477832e-05
3.500000000000001e-01	5.975686e-05
3.600000000000002e-01	7.997273e-05
3.700000000000002e-01	1.072347e-04
3.800000000000002e-01	1.439267e-04
3.900000000000002e-01	1.931549e-04
4.000000000000002e-01	2.589113e-04
4.100000000000002e-01	3.462428e-04
4.200000000000002e-01	4.614076e-04
4.300000000000002e-01	6.119938e-04
4.400000000000002e-01	8.069654e-04
4.500000000000002e-01	1.056604e-03
4.600000000000002e-01	1.372311e-03
4.700000000000003e-01	1.766271e-03
4.800000000000003e-01	2.250969e-03
4.900000000000003e-01	2.838624e-03
5.000000000000002e-01	3.540589e-03
5.100000000000002e-01	4.366806e-03
5.200000000000002e-01	5.325373e-03
5.300000000000002e-01	6.422284e-03
5.400000000000003e-01	7.661329e-03
5.500000000000003e-01	9.044176e-03
5.600000000000003e-01	1.057056e-02
5.700000000000003e-01	1.223855e-02
5.800000000000003e-01	1.404489e-02
5.900000000000003e-01	1.598525e-02
6.000000000000003e-01	1.805460e-02
6.100000000000003e-01	2.024736e-02
6.200000000000003e-01	2.255773e-02
6.300000000000003e-01	2.497973e-02
6.400000000000003e-01	2.750742e-02
6.500000000000004e-01	3.013499e-02
6.600000000000004e-01	3.285675e-02
6.700000000000004e-01	3.566729e-02
6.800000000000004e-01	3.856142e-02
6.900000000000004e-01	4.153421e-02
7.000000000000004e-01	4.458102e-02
7.100000000000004e-01	4.769748e-02
7.200000000000004e-01	5.087946e-02
7.300000000000004e-01	5.412313e-02
7.400000000000004e-01	5.742487e-02
7.500000000000004e-01	6.078128e-02
7.600000000000005e-01	6.418923e-02
7.700000000000005e-01	6.764574e-02
7.800000000000005e-01	7.114804e-02
7.900000000000005e-01	7.469355e-02
8.000000000000005e-01	7.827986e-02
8.100000000000005e-01	8.190467e-02
8.200000000000005e-01	8.556588e-02
8.300000000000005e-01	8.926149e-02
8.400000000000005e-01	9.298962e-02
8.500000000000005e-01	9.674853e-02
8.600000000000005e-01	1.005366e-01
8.700000000000006e-01	1.043522e-01
8.800000000000006e-01	1.081939e-01
8.900000000000006e-01	1.120604e-01
9.000000000000006e-01	1.159503e-01
9.100000000000006e-01	1.198624e-01
9.200000000000006e-01	1.237956e-01
9.300000000000006e-01	1.277489e-01
9.400000000000006e-01	1.317210e-01
9.500000000000006e-01	1.357112e-01
9.600000000000006e-01	1.397185e-01
9.700000000000006e-01	1.437419e-01
9.800000000000006e-01	1.477808e-01
9.900000000000007e-01	1.518342e-01
1.000000000000001e+00	1.559015e-01
1.010000000000001e+00	1.599819e-01
1.020000000000001e+00	1.640748e-01
1.030000000000001e+00	1.681795e-01
1.040000000000001e+00	1.722955e-01
1.050000000000001e+00	1.764221e-01
1.060000000000001e+00	1.805589e-01
1.070000000000001e+00	1.847052e-01
1.080000000000001e+00	1.888606e-01
1.090000000000001e+00	1.930246e-01
1.100000000000001e+00	1.971967e-01
1.110000000000001e+00	2.013766e-01
1.120000000000001e+00	2.055638e-01
1.130000000000001e+00	2.097578e-01
1.140000000000001e+00	2.139584e-01
1.150000000000001e+00	2.181652e-01
1.160000000000001e+00	2.223778e-01
1.170000000000001e+00	2.265958e-01
1.180000000000001e+00	2.308190e-01
1.190000000000001e+00	2.350471e-01
1.200000000000001e+00	2.392797e-01
1.210000000000001e+00	2.435167e-01
1.220000000000001e+00	2.477576e-01
1.230000000000001e+00	2.520023e-01
1.240000000000001e+00	2.562505e-01
1.250000000000001e+00	2.605020e-01
1.260000000000001e+00	2.647565e-01
1.270000000000001e+00	2.690138e-01
1.280000000000001e+00	2.732738e-01
1.290000000000001e+00	2.775361e-01
1.300000000000001e+00	2.818007e-01
1.310000000000001e+00	2.860673e-01
1.320000000000001e+00	2.903357e-01
1.330000000000001e+00	2.946058e-01
1.340000000000001e+00	2.988774e-01
1.350000000000001e+00	3.031503e-01
1.360000000000001e+00	3.074244e-01
1.370000000000001e+00	3.116996e-01
1.380000000000001e+00	3.159756e-01
1.390000000000001e+00	3.202524e-01
1.400000000000001e+00	3.245298e-01
1.410000000000001e+00	3.288077e-01
1.420000000000001e+00	3.330860e-01
1.430000000000001e+00	3.373645e-01
1.440000000000001e+00	3.416431e-01
1.450000000000001e+00	3.459217e-01
1.460000000000001e+00	3.502002e-01
1.470000000000001e+00	3.544786e-01
1.480000000000001e+00	3.587566e-01
1.490000000000001e+00	3.630343e-01
1.500000000000001e+00	3.673114e-01
1.510000000000001e+00	3.715880e-01
1.520000000000001e+00	3.758639e-01
1.530000000000001e+00	3.801391e-01
1.540000000000001e+00	3.844134e-01
1.550000000000001e+00	3.886868e-01
1.560000000000001e+00	3.929592e-01
1.570000000000001e+00	3.972306e-01
1.580000000000001e+00	4.015008e-01
1.590000000000001e+00	4.057698e-01
1.600000000000001e+00	4.100376e-01
1.610000000000001e+00	4.143040e-01
1.620000000000001e+00	4.185690e-01
1.630000000000001e+00	4.228326e-01
1.640000000000001e+00	4.270946e-01
1.650000000000001e+00	4.313551e-01
1.660000000000001e+00	4.356140e-01
1.670000000000001e+00	4.398712e-01
1.680000000000001e+00	4.441266e-01
1.690000000000001e+00	4.483803e-01
1.700000000000001e+00	4.526322e-01
1.710000000000001e+00	4.568821e-01
1.720000000000001e+00	4.611302e-01
1.730000000000001e+00	4.653763e-01
1.740000000000001e+00	4.696205e-01
1.750000000000001e+00	4.738626e-01
1.760000000000001e+00	4.781026e-01
1.770000000000001e+00	4.823405e-01
1.780000000000001e+00	4.865763e-01
1.790000000000001e+00	4.908098e-01
1.800000000000001e+00	4.950412e-01
1.810000000000001e+00	4.992703e-01
1.820000000000001e+00	5.034971e-01
1.830000000000001e+00	5.077217e-01
1.840000000000001e+00	5.119438e-01
1.850000000000001e+00	5.161636e-01
1.860000000000001e+00	5.203810e-01
1.870000000000001e+00	5.245960e-01
1.880000000000001e+00	5.288086e-01
1.890000000000001e+00	5.330186e-01
1.900000000000001e+00	5.372262e-01
1.910000000000001e+00	5.414312e-01
1.920000000000001e+00	5.456338e-01
1.930000000000001e+00	5.498337e-01
1.940000000000002e+00	5.540311e-01
1.950000000000002e+00	5.582259e-01
1.960000000000002e+00	5.624180e-01
1.970000000000002e+00	5.666075e-01
1.980000000000002e+00	5.707943e-01
1.990000000000002e+00	5.749785e-01
2.000000000000001e+00	5.791599e-01
2.010000000000001e+00	5.833387e-01
2.020000000000001e+00	5.875148e-01
2.030000000000001e+00	5.916880e-01
2.040000000000000e+00	5.958586e-01
2.050000000000000e+00	6.000264e-01
2.060000000000000e+00	6.041914e-01
2.070000000000000e+00	6.083536e-01
2.080000000000000e+00	6.125129e-01
2.089999999999999e+00	6.166695e-01
2.099999999999999e+00	6.208233e-01
2.109999999999999e+00	6.249742e-01
2.119999999999999e+00	6.291223e-01
2.129999999999999e+00	6.332675e-01
2.139999999999998e+00	6.374099e-01
2.149999999999998e+00	6.415493e-01
2.159999999999998e+00	6.456859e-01
2.169999999999998e+00	6.498196e-01
2.179999999999997e+00	6.539504e-01
2.189999999999997e+00	6.580783e-01
2.199999999999997e+00	6.622033e-01
2.209999999999997e+00	6.663253e-01
2.219999999999997e+00	6.704445e-01
2.229999999999996e+00	6.745607e-01
2.239999999999996e+00	6.786739e-01
2.249999999999996e+00	6.827843e-01
2.259999999999996e+00	6.868916e-01
2.269999999999996e+00	6.909960e-01
2.279999999999995e+00	6.950974e-01
2.289999999999995e+00	6.991960e-01
2.299999999999995e+00	7.032915e-01
2.309999999999995e+00	7.073840e-01
2.319999999999995e+00	7.114736e-01
2.329999999999994e+00	7.155602e-01
2.339999999999994e+00	7.196438e-01
2.349999999999994e+00	7.237245e-01
2.359999999999994e+00	7.278022e-01
2.369999999999993e+00	7.318768e-01
2.379999999999993e+00	7.359485e-01
2.389999999999993e+00	7.400172e-01
2.399999999999993e+00	7.440829e-01
2.409999999999993e+00	7.481456e-01
2.419999999999992e+00	7.522053e-01
2.429999999999992e+00	7.562620e-01
2.439999999999992e+00	7.603157e-01
2.449999999999992e+00	7.643664e-01
2.459999999999992e+00	7.684141e-01
2.469999999999991e+00	7.724589e-01
2.479999999999991e+00	7.765006e-01
2.489999999999991e+00	7.805393e-01
2.499999999999991e+00	7.845750e-01
2.509999999999990e+00	7.886078e-01
2.519999999999990e+00	7.926375e-01
2.529999999999990e+00	7.966643e-01
2.539999999999990e+00	8.006880e-01
2.549999999999990e+00	8.047088e-01
2.559999999999989e+00	8.087265e-01
2.569999999999989e+00	8.127413e-01
2.579999999999989e+00	8.167531e-01
2.589999999999989e+00	8.207619e-01
2.599999999999989e+00	8.247676e-01
2.609999999999988e+00	8.287705e-01
2.619999999999988e+00	8.327703e-01
2.629999999999988e+00	8.367672e-01
2.639999999999988e+00	8.407611e-01
2.649999999999987e+00	8.447520e-01
2.659999999999987e+00	8.487399e-01
2.669999999999987e+00	8.527248e-01
2.679999999999987e+00	8.567068e-01
2.689999999999987e+00	8.606858e-01
2.699999999999986e+00	8.646618e-01
2.709999999999986e+00	8.686349e-01
2.719999999999986e+00	8.726050e-01
2.729999999999986e+00	8.765722e-01
2.739999999999986e+00	8.805364e-01
2.749999999999985e+00	8.844976e-01
2.759999999999985e+00	8.884559e-01
2.769999999999985e+00	8.924113e-01
2.779999999999985e+00	8.963637e-01
2.789999999999984e+00	9.003132e-01
2.799999999999984e+00	9.042597e-01
2.809999999999984e+00	9.082034e-01
2.819999999999984e+00	9.121441e-01
2.829999999999984e+00	9.160818e-01
2.839999999999983e+00	9.200167e-01
2.849999999999983e+00	9.239486e-01
2.859999999999983e+00	9.278777e-01
2.869999999999983e+00	9.318038e-01
2.879999999999983e+00	9.357269e-01
2.889999999999982e+00	9.396473e-01
2.899999999999982e+00	9.435647e-01
2.909999999999982e+00	9.474792e-01
2.919999999999982e+00	9.513909e-01
2.929999999999982e+00	9.552996e-01
2.939999999999981e+00	9.592054e-01
2.949999999999981e+00	9.631084e-01
2.959999999999981e+00	9.670085e-01
2.969999999999981e+00	9.709058e-01
2.979999999999980e+00	9.748002e-01
2.989999999999980e+00	9.786918e-01
2.999999999999980e+00	9.825804e-01
3.009999999999980e+00	9.864662e-01
3.019999999999980e+00	9.903492e-01
3.029999999999979e+00	9.942294e-01
3.039999999999979e+00	9.981067e-01
3.049999999999979e+00	1.001981e+00
3.059999999999979e+00	1.005853e+00
3.069999999999979e+00	1.009722e+00
3.079999999999978e+00	1.013588e+00
3.089999999999978e+00	1.017451e+00
3.099999999999978e+00	1.021311e+00
3.109999999999978e+00	1.025169e+00
3.119999999999977e+00	1.029024e+00
3.129999999999977e+00	1.032876e+00
3.139999999999977e+00	1.036725e+00
3.149999999999977e+00	1.040571e+00
3.159999999999977e+00	1.044415e+00
3.169999999999976e+00	1.048256e+00
3.179999999999976e+00	1.052094e+00
3.189999999999976e+00	1.055929e+00
3.199999999999976e+00	1.059762e+00
3.209999999999976e+00	1.063592e+00
3.219999999999975e+00	1.067419e+00
3.229999999999975e+00	1.071243e+00
3.239999999999975e+00	1.075065e+00
3.249999999999975e+00	1.078884e+00
3.259999999999974e+00	1.082700e+00
3.269999999999974e+00	1.086513e+00
3.279999999999974e+00	1.090324e+00
3.289999999999974e+00	1.094132e+00
3.299999999999974e+00	1.097937e+00
3.309999999999973e+00	1.101740e+00
3.319999999999973e+00	1.105540e+00
3.329999999999973e+00	1.109337e+00
3.339999999999973e+00	1.113132e+00
3.349999999999973e+00	1.116923e+00
3.359999999999972e+00	1.120713e+00
3.369999999999972e+00	1.124499e+00
3.379999999999972e+00	1.128283e+00
3.389999999999972e+00	1.132064e+00
3.399999999999971e+00	1.135843e+00
3.409999999999971e+00	1.139619e+00
3.419999999999971e+00	1.143392e+00
3.429999999999971e+00	1.147162e+00
3.439999999999971e+00	1.150930e+00
3.449999999999970e+00	1.154696e+00
3.459999999999970e+00	1.158458e+00
3.469999999999970e+00	1.162219e+00
3.479999999999970e+00	1.165976e+00
3.489999999999970e+00	1.169731e+00
3.499999999999969e+00	1.173483e+00
3.509999999999969e+00	1.177233e+00
3.519999999999969e+00	1.180980e+00
3.529999999999969e+00	1.184724e+00
3.539999999999969e+00	1.188466e+00
3.549999999999968e+00	1.192206e+00
3.559999999999968e+00	1.195943e+00
3.569999999999968e+00	1.199677e+00
3.579999999999968e+00	1.203408e+00
3.589999999999967e+00	1.207138e+00
3.599999999999967e+00	1.210864e+00
3.609999999999967e+00	1.214588e+00
3.619999999999967e+00	1.218310e+00
3.629999999999967e+00	1.222028e+00
3.639999999999966e+00	1.225745e+00
3.649999999999966e+00	1.229459e+00
3.659999999999966e+00	1.233170e+00
3.669999999999966e+00	1.236879e+00
3.679999999999966e+00	1.240585e+00
3.689999999999965e+00	1.244289e+00
3.699999999999965e+00	1.247991e+00
3.709999999999965e+00	1.251690e+00
3.719999999999965e+00	1.255386e+00
3.729999999999964e+00	1.259080e+00
3.739999999999964e+00	1.262771e+00
3.749999999999964e+00	1.266460e+00
3.759999999999964e+00	1.270147e+00
3.769999999999964e+00	1.273831e+00
3.779999999999963e+00	1.277513e+00
3.789999999999963e+00	1.281192e+00
3.799999999999963e+00	1.284868e+00
3.809999999999963e+00	1.288543e+00
3.819999999999963e+00	1.292215e+00
3.829999999999962e+00	1.295884e+00
3.839999999999962e+00	1.299551e+00
3.849999999999962e+00	1.303216e+00
3.859999999999962e+00	1.306878e+00
3.869999999999961e+00	1.310538e+00
3.879999999999961e+00	1.314195e+00
3.889999999999961e+00	1.317850e+00
3.899999999999961e+00	1.321502e+00
3.909999999999961e+00	1.325153e+00
3.919999999999960e+00	1.328801e+00
3.929999999999960e+00	1.332446e+00
3.939999999999960e+00	1.336089e+00
3.949999999999960e+00	1.339730e+00
3.959999999999960e+00	1.343368e+00
3.969999999999959e+00	1.347004e+00
3.979999999999959e+00	1.350638e+00
3.989999999999959e+00	1.354269e+00
3.999999999999959e+00	1.357898e+00
4.009999999999959e+00	1.361525e+00
4.019999999999959e+00	1.365149e+00
4.029999999999959e+00	1.368771e+00
4.039999999999958e+00	1.372391e+00
4.049999999999958e+00	1.376008e+00
4.059999999999958e+00	1.379623e+00
4.069999999999958e+00	1.383236e+00
4.079999999999957e+00	1.386846e+00
4.089999999999957e+00	1.390454e+00
4.099999999999957e+00	1.394060e+00
4.109999999999957e+00	1.397664e+00
4.119999999999957e+00	1.401265e+00
4.129999999999956e+00	1.404864e+00
4.139999999999956e+00	1.408461e+00
4.149999999999956e+00	1.412055e+00
4.159999999999956e+00	1.415648e+00
4.169999999999956e+00	1.419238e+00
4.179999999999955e+00	1.422825e+00
4.189999999999955e+00	1.426411e+00
4.199999999999955e+00	1.429994e+00
4.209999999999955e+00	1.433575e+00
4.219999999999954e+00	1.437154e+00
4.229999999999954e+00	1.440731e+00
4.239999999999954e+00	1.444305e+00
4.249999999999954e+00	1.447877e+00
4.259999999999954e+00	1.451447e+00
4.269999999999953e+00	1.455015e+00
4.279999999999953e+00	1.458580e+00
4.289999999999953e+00	1.462144e+00
4.299999999999953e+00	1.465705e+00
4.309999999999953e+00	1.469264e+00
4.319999999999952e+00	1.472821e+00
4.329999999999952e+00	1.476375e+00
4.339999999999952e+00	1.479928e+00
4.349999999999952e+00	1.483478e+00
4.359999999999951e+00	1.487026e+00
4.369999999999951e+00	1.490572e+00
4.379999999999951e+00	1.494116e+00
4.389999999999951e+00	1.497658e+00
4.399999999999951e+00	1.501197e+00
4.409999999999950e+00	1.504735e+00
4.419999999999950e+00	1.508270e+00
4.429999999999950e+00	1.511803e+00
4.439999999999950e+00	1.515334e+00
4.449999999999950e+00	1.518863e+00
4.459999999999949e+00	1.522390e+00
4.469999999999949e+00	1.525914e+00
4.479999999999949e+00	1.529437e+00
4.489999999999949e+00	1.532957e+00
4.499999999999948e+00	1.536476e+00
4.509999999999948e+00	1.539992e+00
4.519999999999948e+00	1.543506e+00
4.529999999999948e+00	1.547018e+00
4.539999999999948e+00	1.550528e+00
4.549999999999947e+00	1.554036e+00
4.559999999999947e+00	1.557542e+00
4.569999999999947e+00	1.561046e+00
4.579999999999947e+00	1.564548e+00
4.589999999999947e+00	1.568048e+00
4.599999999999946e+00	1.571545e+00
4.609999999999946e+00	1.575041e+00
4.619999999999946e+00	1.578534e+00
4.629999999999946e+00	1.582026e+00
4.639999999999946e+00	1.585515e+00
4.649999999999945e+00	1.589003e+00
4.659999999999945e+00	1.592488e+00
4.669999999999945e+00	1.595972e+00
4.679999999999945e+00	1.599453e+00
4.689999999999944e+00	1.602933e+00
4.699999999999944e+00	1.606410e+00
4.709999999999944e+00	1.609886e+00
4.719999999999944e+00	1.613359e+00
4.729999999999944e+00	1.616830e+00
4.739999999999943e+00	1.620300e+00
4.749999999999943e+00	1.623767e+00
4.759999999999943e+00	1.627233e+00
4.769999999999943e+00	1.630696e+00
4.779999999999943e+00	1.634158e+00
4.789999999999942e+00	1.637617e+00
4.799999999999942e+00	1.641075e+00
4.809999999999942e+00	1.644531e+00
4.819999999999942e+00	1.647984e+00
4.829999999999941e+00	1.651436e+00
4.839999999999941e+00	1.654886e+00
4.849999999999941e+00	1.658334e+00
4.859999999999941e+00	1.661780e+00
4.869999999999941e+00	1.665224e+00
4.879999999999940e+00	1.668666e+00
4.889999999999940e+00	1.672106e+00
4.899999999999940e+00	1.675544e+00
4.909999999999940e+00	1.678980e+00
4.919999999999940e+00	1.682415e+00
4.929999999999939e+00	1.685847e+00
4.939999999999939e+00	1.689278e+00
4.949999999999939e+00	1.692707e+00
4.959999999999939e+00	1.696133e+00
4.969999999999938e+00	1.699558e+00
4.979999999999938e+00	1.702981e+00
4.989999999999938e+00	1.706403e+00
4.999999999999938e+00	1.709822e+00
5.009999999999938e+00	1.713239e+00
5.019999999999937e+00	1.716655e+00
5.029999999999937e+00	1.720068e+00
5.039999999999937e+00	1.723480e+00
5.049999999999937e+00	1.726890e+00
5.059999999999937e+00	1.730298e+00
5.069999999999936e+00	1.733704e+00
5.079999999999936e+00	1.737109e+00
5.089999999999936e+00	1.740511e+00
5.099999999999936e+00	1.743912e+00
5.109999999999935e+00	1.747311e+00
5.119999999999935e+00	1.750708e+00
5.129999999999935e+00	1.754103e+00
5.139999999999935e+00	1.757496e+00
5.149999999999935e+00	1.760888e+00
5.159999999999934e+00	1.764278e+00
5.169999999999934e+00	1.767666e+00
5.179999999999934e+00	1.771052e+00
5.189999999999934e+00	1.774436e+00
5.199999999999934e+00	1.777819e+00
5.209999999999933e+00	1.781199e+00
5.219999999999933e+00	1.784578e+00
5.229999999999933e+00	1.787956e+00
5.239999999999933e+00	1.791331e+00
5.249999999999932e+00	1.794704e+00
5.259999999999932e+00	1.798076e+00
5.269999999999932e+00	1.801446e+00
5.279999999999932e+00	1.804815e+00
5.289999999999932e+00	1.808181e+00
5.299999999999931e+00	1.811546e+00
5.309999999999931e+00	1.814909e+00
5.319999999999931e+00	1.818270e+00
5.329999999999931e+00	1.821630e+00
5.339999999999931e+00	1.824987e+00
5.349999999999930e+00	1.828343e+00
5.359999999999930e+00	1.831697e+00
5.369999999999930e+00	1.835050e+00
5.379999999999930e+00	1.838401e+00
5.389999999999930e+00	1.841750e+00
5.399999999999929e+00	1.845097e+00
5.409999999999929e+00	1.848443e+00
5.419999999999929e+00	1.851787e+00
5.429999999999929e+00	1.855129e+00
5.439999999999928e+00	1.858469e+00
5.449999999999928e+00	1.861808e+00
5.459999999999928e+00	1.865145e+00
5.469999999999928e+00	1.868480e+00
5.479999999999928e+00	1.871814e+00
5.489999999999927e+00	1.875146e+00
5.499999999999927e+00	1.878476e+00
5.509999999999927e+00	1.881805e+00
5.519999999999927e+00	1.885132e+00
5.529999999999927e+00	1.888457e+00
5.539999999999926e+00	1.891781e+00
5.549999999999926e+00	1.895103e+00
5.559999999999926e+00	1.898423e+00
5.569999999999926e+00	1.901741e+00
5.579999999999925e+00	1.905058e+00
5.589999999999925e+00	1.908373e+00
5.599999999999925e+00	1.911687e+00
5.609999999999925e+00	1.914999e+00
5.619999999999925e+00	1.918309e+00
5.629999999999924e+00	1.921618e+00
5.639999999999924e+00	1.924925e+00
5.649999999999924e+00	1.928230e+00
5.659999999999924e+00	1.931534e+00
5.669999999999924e+00	1.934836e+00
5.679999999999923e+00	1.938137e+00
5.689999999999923e+00	1.941435e+00
5.699999999999923e+00	1.944733e+00
5.709999999999923e+00	1.948028e+00
5.719999999999922e+00	1.951322e+00
5.729999999999922e+00	1.954615e+00
5.739999999999922e+00	1.957906e+00
5.749999999999922e+00	1.961195e+00
5.759999999999922e+00	1.964482e+00
5.769999999999921e+00	1.967768e+00
5.779999999999921e+00	1.971053e+00
5.789999999999921e+00	1.974336e+00
5.799999999999921e+00	1.977617e+00
5.809999999999921e+00	1.980896e+00
5.819999999999920e+00	1.984174e+00
5.829999999999920e+00	1.987451e+00
5.839999999999920e+00	1.990726e+00
5.849999999999920e+00	1.993999e+00
5.859999999999919e+00	1.997271e+00
5.869999999999919e+00	2.000541e+00
5.879999999999919e+00	2.003810e+00
5.889999999999919e+00	2.007077e+00
5.899999999999919e+00	2.010342e+00
5.909999999999918e+00	2.013607e+00
5.919999999999918e+00	2.016869e+00
5.929999999999918e+00	2.020130e+00
5.939999999999918e+00	2.023389e+00
5.949999999999918e+00	2.026647e+00
5.959999999999917e+00	2.029903e+00
5.969999999999917e+00	2.033158e+00
5.979999999999917e+00	2.036411e+00
5.989999999999917e+00	2.039663e+00
5.999999999999917e+00	2.042913e+00
6.009999999999916e+00	2.046162e+00
6.019999999999916e+00	2.049409e+00
6.029999999999916e+00	2.052654e+00
6.039999999999916e+00	2.055898e+00
6.049999999999915e+00	2.059141e+00
6.059999999999915e+00	2.062382e+00
6.069999999999915e+00	2.065622e+00
6.079999999999915e+00	2.068860e+00
6.089999999999915e+00	2.072096e+00
6.099999999999914e+00	2.075331e+00
6.109999999999914e+00	2.078565e+00
6.119999999999914e+00	2.081797e+00
6.129999999999914e+00	2.085028e+00
6.139999999999914e+00	2.088257e+00
6.149999999999913e+00	2.091485e+00
6.159999999999913e+00	2.094711e+00
6.169999999999913e+00	2.097936e+00
6.179999999999913e+00	2.101159e+00
6.189999999999912e+00	2.104381e+00
6.199999999999912e+00	2.107601e+00
6.209999999999912e+00	2.110820e+00
6.219999999999912e+00	2.114037e+00
6.229999999999912e+00	2.117253e+00
6.239999999999911e+00	2.120468e+00
6.249999999999911e+00	2.123681e+00
6.259999999999911e+00	2.126893e+00
6.269999999999911e+00	2.130103e+00
6.279999999999911e+00	2.133312e+00
6.289999999999910e+00	2.136519e+00
6.299999999999910e+00	2.139725e+00
6.309999999999910e+00	2.142929e+00
6.319999999999910e+00	2.146132e+00
6.329999999999909e+00	2.149334e+00
6.339999999999909e+00	2.152534e+00
6.349999999999909e+00	2.155733e+00
6.359999999999909e+00	2.158930e+00
6.369999999999909e+00	2.162126e+00
6.379999999999908e+00	2.165320e+00
6.389999999999908e+00	2.168513e+00
6.399999999999908e+00	2.171705e+00
6.409999999999908e+00	2.174895e+00
6.419999999999908e+00	2.178084e+00
6.429999999999907e+00	2.181272e+00
6.439999999999907e+00	2.184458e+00
6.449999999999907e+00	2.187642e+00
6.459999999999907e+00	2.190826e+00
6.469999999999906e+00	2.194008e+00
6.479999999999906e+00	2.197188e+00
6.489999999999906e+00	2.200367e+00
6.499999999999906e+00	2.203545e+00
6.509999999999906e+00	2.206722e+00
6.519999999999905e+00	2.209897e+00
6.529999999999905e+00	2.213070e+00
6.539999999999905e+00	2.216243e+00
6.549999999999905e+00	2.219413e+00
6.559999999999905e+00	2.222583e+00
6.569999999999904e+00	2.225751e+00
6.579999999999904e+00	2.228918e+00
6.589999999999904e+00	2.232084e+00
6.599999999999904e+00	2.235248e+00
6.609999999999904e+00	2.238410e+00
6.619999999999903e+00	2.241572e+00
6.629999999999903e+00	2.244732e+00
6.639999999999903e+00	2.247891e+00
6.649999999999903e+00	2.251048e+00
6.659999999999902e+00	2.254204e+00
6.669999999999902e+00	2.257359e+00
6.679999999999902e+00	2.260512e+00
6.689999999999902e+00	2.263664e+00
6.699999999999902e+00	2.266815e+00
6.709999999999901e+00	2.269964e+00
6.719999999999901e+00	2.273113e+00
6.729999999999901e+00	2.276259e+00
6.739999999999901e+00	2.279405e+00
6.749999999999901e+00	2.282549e+00
6.759999999999900e+00	2.285692e+00
6.769999999999900e+00	2.288834e+00
6.779999999999900e+00	2.291974e+00
6.789999999999900e+00	2.295113e+00
6.799999999999899e+00	2.298250e+00
6.809999999999899e+00	2.301387e+00
6.819999999999899e+00	2.304522e+00
6.829999999999899e+00	2.307655e+00
6.839999999999899e+00	2.310788e+00
6.849999999999898e+00	2.313919e+00
6.859999999999898e+00	2.317049e+00
6.869999999999898e+00	2.320178e+00
6.879999999999898e+00	2.323305e+00
6.889999999999898e+00	2.326431e+00
6.899999999999897e+00	2.329556e+00
6.909999999999897e+00	2.332679e+00
6.919999999999897e+00	2.335801e+00
6.929999999999897e+00	2.338922e+00
6.939999999999896e+00	2.342042e+00
6.949999999999896e+00	2.345160e+00
6.959999999999896e+00	2.348278e+00
6.969999999999896e+00	2.351393e+00
6.979999999999896e+00	2.354508e+00
6.989999999999895e+00	2.357621e+00
6.999999999999895e+00	2.360734e+00
7.009999999999895e+00	2.363844e+00
7.019999999999895e+00	2.366954e+00
7.029999999999895e+00	2.370063e+00
7.039999999999894e+00	2.373170e+00
7.049999999999894e+00	2.376276e+00
7.059999999999894e+00	2.379380e+00
7.069999999999894e+00	2.382484e+00
7.079999999999893e+00	2.385586e+00
7.089999999999893e+00	2.388687e+00
7.099999999999893e+00	2.391787e+00
7.109999999999893e+00	2.394885e+00
7.119999999999893e+00	2.397982e+00
7.129999999999892e+00	2.401078e+00
7.139999999999892e+00	2.404173e+00
7.149999999999892e+00	2.407267e+00
7.159999999999892e+00	2.410359e+00
7.169999999999892e+00	2.413450e+00
7.179999999999891e+00	2.416541e+00
7.189999999999891e+00	2.419629e+00
7.199999999999891e+00	2.422717e+00
7.209999999999891e+00	2.425803e+00
7.219999999999891e+00	2.428889e+00
7.229999999999890e+00	2.431973e+00
7.239999999999890e+00	2.435055e+00
7.249999999999890e+00	2.438137e+00
7.259999999999890e+00	2.441217e+00
7.269999999999889e+00	2.444296e+00
7.279999999999889e+00	2.447374e+00
7.289999999999889e+00	2.450451e+00
7.299999999999889e+00	2.453527e+00
7.309999999999889e+00	2.456601e+00
7.319999999999888e+00	2.459675e+00
7.329999999999888e+00	2.462747e+00
7.339999999999888e+00	2.465818e+00
7.349999999999888e+00	2.468887e+00
7.359999999999888e+00	2.471956e+00
7.369999999999887e+00	2.475023e+00
7.379999999999887e+00	2.478090e+00
7.389999999999887e+00	2.481155e+00
7.399999999999887e+00	2.484219e+00
7.409999999999886e+00	2.487281e+00
7.419999999999886e+00	2.490343e+00
7.429999999999886e+00	2.493403e+00
7.439999999999886e+00	2.496463e+00
7.449999999999886e+00	2.499521e+00
7.459999999999885e+00	2.502578e+00
7.469999999999885e+00	2.505634e+00
7.479999999999885e+00	2.508688e+00
7.489999999999885e+00	2.511742e+00
7.499999999999885e+00	2.514794e+00
7.509999999999884e+00	2.517846e+00
7.519999999999884e+00	2.520896e+00
7.529999999999884e+00	2.523945e+00
7.539999999999884e+00	2.526993e+00
7.549999999999883e+00	2.530039e+00
7.559999999999883e+00	2.533085e+00
7.569999999999883e+00	2.536129e+00
7.579999999999883e+00	2.539173e+00
7.589999999999883e+00	2.542215e+00
7.599999999999882e+00	2.545256e+00
7.609999999999882e+00	2.548296e+00
7.619999999999882e+00	2.551335e+00
7.629999999999882e+00	2.554373e+00
7.639999999999882e+00	2.557409e+00
7.649999999999881e+00	2.560445e+00
7.659999999999881e+00	2.563479e+00
7.669999999999881e+00	2.566513e+00
7.679999999999881e+00	2.569545e+00
7.689999999999880e+00	2.572576e+00
7.699999999999880e+00	2.575606e+00
7.709999999999880e+00	2.578635e+00
7.719999999999880e+00	2.581663e+00
7.729999999999880e+00	2.584690e+00
7.739999999999879e+00	2.587715e+00
7.749999999999879e+00	2.590740e+00
7.759999999999879e+00	2.593763e+00
7.769999999999879e+00	2.596786e+00
7.779999999999879e+00	2.599807e+00
7.789999999999878e+00	2.602827e+00
7.799999999999878e+00	2.605846e+00
7.809999999999878e+00	2.608864e+00
7.819999999999878e+00	2.611881e+00
7.829999999999878e+00	2.614897e+00
7.839999999999877e+00	2.617912e+00
7.849999999999877e+00	2.620926e+00
7.859999999999877e+00	2.623938e+00
7.869999999999877e+00	2.626950e+00
7.879999999999876e+00	2.629960e+00
7.889999999999876e+00	2.632970e+00
7.899999999999876e+00	2.635978e+00
7.909999999999876e+00	2.638986e+00
7.919999999999876e+00	2.641992e+00
7.929999999999875e+00	2.644997e+00
7.939999999999875e+00	2.648001e+00
7.949999999999875e+00	2.651005e+00
7.959999999999875e+00	2.654006e+00
7.969999999999875e+00	2.657008e+00
7.979999999999874e+00	2.660008e+00
7.989999999999874e+00	2.663007e+00
7.999999999999874e+00	2.666004e+00
8.009999999999874e+00	2.669001e+00
8.019999999999873e+00	2.671997e+00
8.029999999999873e+00	2.674992e+00
8.039999999999873e+00	2.677986e+00
8.049999999999873e+00	2.680978e+00
8.059999999999873e+00	2.683970e+00
8.069999999999872e+00	2.686961e+00
8.079999999999872e+00	2.689950e+00
8.089999999999872e+00	2.692939e+00
8.099999999999872e+00	2.695926e+00
8.109999999999872e+00	2.698913e+00
8.119999999999871e+00	2.701899e+00
8.129999999999871e+00	2.704883e+00
8.139999999999871e+00	2.707866e+00
8.149999999999871e+00	2.710849e+00
8.159999999999870e+00	2.713830e+00
8.169999999999870e+00	2.716811e+00
8.179999999999870e+00	2.719790e+00
8.189999999999870e+00	2.722769e+00
8.199999999999870e+00	2.725746e+00
8.209999999999869e+00	2.728723e+00
8.219999999999869e+00	2.731698e+00
8.229999999999869e+00	2.734672e+00
8.239999999999869e+00	2.737646e+00
8.249999999999869e+00	2.740618e+00
8.259999999999868e+00	2.743589e+00
8.269999999999868e+00	2.746560e+00
8.279999999999868e+00	2.749529e+00
8.289999999999868e+00	2.752498e+00
8.299999999999867e+00	2.755465e+00
8.309999999999867e+00	2.758432e+00
8.319999999999867e+00	2.761397e+00
8.329999999999867e+00	2.764362e+00
8.339999999999867e+00	2.767325e+00
8.349999999999866e+00	2.770288e+00
8.359999999999866e+00	2.773249e+00
8.369999999999866e+00	2.776210e+00
8.379999999999866e+00	2.779169e+00
8.389999999999866e+00	2.782128e+00
8.399999999999865e+00	2.785085e+00
8.409999999999865e+00	2.788042e+00
8.419999999999865e+00	2.790998e+00
8.429999999999865e+00	2.793952e+00
8.439999999999864e+00	2.796906e+00
8.449999999999864e+00	2.799859e+00
8.459999999999864e+00	2.802811e+00
8.469999999999864e+00	2.805762e+00
8.479999999999864e+00	2.808712e+00
8.489999999999863e+00	2.811661e+00
8.499999999999863e+00	2.814609e+00
8.509999999999863e+00	2.817555e+00
8.519999999999863e+00	2.820502e+00
8.529999999999863e+00	2.823447e+00
8.539999999999862e+00	2.826391e+00
8.549999999999862e+00	2.829334e+00
8.559999999999862e+00	2.832276e+00
8.569999999999862e+00	2.835218e+00
8.579999999999862e+00	2.838158e+00
8.589999999999861e+00	2.841098e+00
8.599999999999861e+00	2.844036e+00
8.609999999999861e+00	2.846974e+00
8.619999999999861e+00	2.849910e+00
8.629999999999860e+00	2.852846e+00
8.639999999999860e+00	2.855781e+00
8.649999999999860e+00	2.858715e+00
8.659999999999860e+00	2.861647e+00
8.669999999999860e+00	2.864579e+00
8.679999999999859e+00	2.867511e+00
8.689999999999859e+00	2.870440e+00
8.699999999999859e+00	2.873370e+00
8.709999999999859e+00	2.876298e+00
8.719999999999859e+00	2.879225e+00
8.729999999999858e+00	2.882152e+00
8.739999999999858e+00	2.885077e+00
8.749999999999858e+00	2.888002e+00
8.759999999999858e+00	2.890926e+00
8.769999999999857e+00	2.893848e+00
8.779999999999857e+00	2.896770e+00
8.789999999999857e+00	2.899691e+00
8.799999999999857e+00	2.902611e+00
8.809999999999857e+00	2.905530e+00
8.819999999999856e+00	2.908448e+00
8.829999999999856e+00	2.911366e+00
8.839999999999856e+00	2.914282e+00
8.849999999999856e+00	2.917198e+00
8.859999999999856e+00	2.920112e+00
8.869999999999855e+00	2.923026e+00
8.879999999999855e+00	2.925939e+00
8.889999999999855e+00	2.928851e+00
8.899999999999855e+00	2.931762e+00
8.909999999999854e+00	2.934672e+00
8.919999999999854e+00	2.937581e+00
8.929999999999854e+00	2.940489e+00
8.939999999999854e+00	2.943397e+00
8.949999999999854e+00	2.946303e+00
8.959999999999853e+00	2.949209e+00
8.969999999999853e+00	2.952114e+00
8.979999999999853e+00	2.955018e+00
8.989999999999853e+00	2.957921e+00
8.999999999999853e+00	2.960823e+00
9.009999999999852e+00	2.963724e+00
9.019999999999852e+00	2.966624e+00
9.029999999999852e+00	2.969524e+00
9.039999999999852e+00	2.972423e+00
9.049999999999851e+00	2.975321e+00
9.059999999999851e+00	2.978217e+00
9.069999999999851e+00	2.981113e+00
9.079999999999851e+00	2.984009e+00
9.089999999999851e+00	2.986903e+00
9.099999999999850e+00	2.989796e+00
9.109999999999850e+00	2.992689e+00
9.119999999999850e+00	2.995581e+00
9.129999999999850e+00	2.998471e+00
9.139999999999850e+00	3.001361e+00
9.149999999999849e+00	3.004251e+00
9.159999999999849e+00	3.007139e+00
9.169999999999849e+00	3.010026e+00
9.179999999999849e+00	3.012913e+00
9.189999999999849e+00	3.015799e+00
9.199999999999848e+00	3.018683e+00
9.209999999999848e+00	3.021567e+00
9.219999999999848e+00	3.024451e+00
9.229999999999848e+00	3.027333e+00
9.239999999999847e+00	3.030214e+00
9.249999999999847e+00	3.033095e+00
9.259999999999847e+00	3.035975e+00
9.269999999999847e+00	3.038854e+00
9.279999999999847e+00	3.041732e+00
9.289999999999846e+00	3.044609e+00
9.299999999999846e+00	3.047486e+00
9.309999999999846e+00	3.050361e+00
9.319999999999846e+00	3.053236e+00
9.329999999999846e+00	3.056110e+00
9.339999999999845e+00	3.058983e+00
9.349999999999845e+00	3.061855e+00
9.359999999999845e+00	3.064727e+00
9.369999999999845e+00	3.067597e+00
9.379999999999844e+00	3.070467e+00
9.389999999999844e+00	3.073336e+00
9.399999999999844e+00	3.076204e+00
9.409999999999844e+00	3.079071e+00
9.419999999999844e+00	3.081938e+00
9.429999999999843e+00	3.084803e+00
9.439999999999843e+00	3.087668e+00
9.449999999999843e+00	3.090532e+00
9.459999999999843e+00	3.093395e+00
9.469999999999843e+00	3.096258e+00
9.479999999999842e+00	3.099119e+00
9.489999999999842e+00	3.101980e+00
9.499999999999842e+00	3.104840e+00
9.509999999999842e+00	3.107699e+00
9.519999999999841e+00	3.110558e+00
9.529999999999841e+00	3.113415e+00
9.539999999999841e+00	3.116272e+00
9.549999999999841e+00	3.119128e+00
9.559999999999841e+00	3.121983e+00
9.569999999999840e+00	3.124837e+00
9.579999999999840e+00	3.127691e+00
9.589999999999840e+00	3.130543e+00
9.599999999999840e+00	3.133395e+00
9.609999999999840e+00	3.136246e+00
9.619999999999839e+00	3.139097e+00
9.629999999999839e+00	3.141946e+00
9.639999999999839e+00	3.144795e+00
9.649999999999839e+00	3.147643e+00
9.659999999999838e+00	3.150490e+00
9.669999999999838e+00	3.153337e+00
9.679999999999838e+00	3.156182e+00
9.689999999999838e+00	3.159027e+00
9.699999999999838e+00	3.161871e+00
9.709999999999837e+00	3.164714e+00
9.719999999999837e+00	3.167557e+00
9.729999999999837e+00	3.170398e+00
9.739999999999837e+00	3.173239e+00
9.749999999999837e+00	3.176079e+00
9.759999999999836e+00	3.178918e+00
9.769999999999836e+00	3.181757e+00
9.779999999999836e+00	3.184595e+00
9.789999999999836e+00	3.187432e+00
9.799999999999836e+00	3.190268e+00
9.809999999999835e+00	3.193103e+00
9.819999999999835e+00	3.195938e+00
9.829999999999835e+00	3.198772e+00
9.839999999999835e+00	3.201605e+00
9.849999999999834e+00	3.204437e+00
9.859999999999834e+00	3.207269e+00
9.869999999999834e+00	3.210100e+00
9.879999999999834e+00	3.212930e+00
9.889999999999834e+00	3.215759e+00
9.899999999999833e+00	3.218588e+00
9.909999999999833e+00	3.221416e+00
9.919999999999833e+00	3.224243e+00
9.929999999999833e+00	3.227069e+00
9.939999999999833e+00	3.229894e+00
9.949999999999832e+00	3.232719e+00
9.959999999999832e+00	3.235543e+00
9.969999999999832e+00	3.238367e+00
9.979999999999832e+00	3.241189e+00
9.989999999999831e+00	3.244011e+00
9.999999999999831e+00	3.246832e+00
1.000999999999983e+01	3.249652e+00
1.001999999999983e+01	3.252472e+00
1.002999999999983e+01	3.255290e+00
1.003999999999983e+01	3.258108e+00
1.004999999999983e+01	3.260926e+00
1.005999999999983e+01	3.263742e+00
1.006999999999983e+01	3.266558e+00
1.007999999999983e+01	3.269373e+00
1.008999999999983e+01	3.272187e+00
1.009999999999983e+01	3.275001e+00
1.010999999999983e+01	3.277814e+00
1.011999999999983e+01	3.280626e+00
1.012999999999983e+01	3.283437e+00
1.013999999999983e+01	3.286248e+00
1.014999999999983e+01	3.289058e+00
1.015999999999983e+01	3.291867e+00
1.016999999999983e+01	3.294675e+00
1.017999999999983e+01	3.297483e+00
1.018999999999983e+01	3.300290e+00
1.019999999999983e+01	3.303096e+00
1.020999999999983e+01	3.305902e+00
1.021999999999983e+01	3.308707e+00
1.022999999999983e+01	3.311511e+00
1.023999999999983e+01	3.314314e+00
1.024999999999983e+01	3.317117e+00
1.025999999999983e+01	3.319919e+00
1.026999999999983e+01	3.322720e+00
1.027999999999983e+01	3.325521e+00
1.028999999999983e+01	3.328320e+00
1.029999999999982e+01	3.331119e+00
1.030999999999982e+01	3.333918e+00
1.031999999999982e+01	3.336715e+00
1.032999999999982e+01	3.339512e+00
1.033999999999982e+01	3.342309e+00
1.034999999999982e+01	3.345104e+00
1.035999999999982e+01	3.347899e+00
1.036999999999982e+01	3.350693e+00
1.037999999999982e+01	3.353486e+00
1.038999999999982e+01	3.356279e+00
1.039999999999982e+01	3.359071e+00
1.040999999999982e+01	3.361862e+00
1.041999999999982e+01	3.364653e+00
1.042999999999982e+01	3.367442e+00
1.043999999999982e+01	3.370232e+00
1.044999999999982e+01	3.373020e+00
1.045999999999982e+01	3.375808e+00
1.046999999999982e+01	3.378595e+00
1.047999999999982e+01	3.381381e+00
1.048999999999982e+01	3.384167e+00
1.049999999999982e+01	3.386952e+00
1.050999999999982e+01	3.389736e+00
1.051999999999982e+01	3.392520e+00
1.052999999999982e+01	3.395303e+00
1.053999999999982e+01	3.398085e+00
1.054999999999982e+01	3.400867e+00
1.055999999999982e+01	3.403647e+00
1.056999999999982e+01	3.406427e+00
1.057999999999982e+01	3.409207e+00
1.058999999999982e+01	3.411986e+00
1.059999999999982e+01	3.414764e+00
1.060999999999982e+01	3.417541e+00
1.061999999999982e+01	3.420318e+00
1.062999999999982e+01	3.423094e+00
1.063999999999982e+01	3.425869e+00
1.064999999999982e+01	3.428644e+00
1.065999999999982e+01	3.431418e+00
1.066999999999982e+01	3.434191e+00
1.067999999999982e+01	3.436964e+00
1.068999999999982e+01	3.439736e+00
1.069999999999982e+01	3.442508e+00
1.070999999999982e+01	3.445278e+00
1.071999999999982e+01	3.448048e+00
1.072999999999982e+01	3.450817e+00
1.073999999999982e+01	3.453586e+00
1.074999999999982e+01	3.456354e+00
1.075999999999982e+01	3.459121e+00
1.076999999999981e+01	3.461888e+00
1.077999999999981e+01	3.464654e+00
1.078999999999981e+01	3.467419e+00
1.079999999999981e+01	3.470184e+00
1.080999999999981e+01	3.472948e+00
1.081999999999981e+01	3.475711e+00
1.082999999999981e+01	3.478474e+00
1.083999999999981e+01	3.481236e+00
1.084999999999981e+01	3.483997e+00
1.085999999999981e+01	3.486758e+00
1.086999999999981e+01	3.489518e+00
1.087999999999981e+01	3.492277e+00
1.088999999999981e+01	3.495036e+00
1.089999999999981e+01	3.497794e+00
1.090999999999981e+01	3.500551e+00
1.091999999999981e+01	3.503308e+00
1.092999999999981e+01	3.506064e+00
1.093999999999981e+01	3.508820e+00
1.094999999999981e+01	3.511575e+00
1.095999999999981e+01	3.514329e+00
1.096999999999981e+01	3.517082e+00
1.097999999999981e+01	3.519835e+00
1.098999999999981e+01	3.522587e+00
1.099999999999981e+01	3.525339e+00
1.100999999999981e+01	3.528090e+00
1.101999999999981e+01	3.530840e+00
1.102999999999981e+01	3.533590e+00
1.103999999999981e+01	3.536339e+00
1.104999999999981e+01	3.539087e+00
1.105999999999981e+01	3.541835e+00
1.106999999999981e+01	3.544582e+00
1.107999999999981e+01	3.547328e+00
1.108999999999981e+01	3.550074e+00
1.109999999999981e+01	3.552819e+00
1.110999999999981e+01	3.555564e+00
1.111999999999981e+01	3.558308e+00
1.112999999999981e+01	3.561051e+00
1.113999999999981e+01	3.563794e+00
1.114999999999981e+01	3.566536e+00
1.115999999999981e+01	3.569278e+00
1.116999999999981e+01	3.572018e+00
1.117999999999981e+01	3.574758e+00
1.118999999999981e+01	3.577498e+00
1.119999999999981e+01	3.580237e+00
1.120999999999981e+01	3.582975e+00
1.121999999999981e+01	3.585713e+00
1.122999999999981e+01	3.588450e+00
1.123999999999980e+01	3.591186e+00
1.124999999999980e+01	3.593922e+00
1.125999999999980e+01	3.596657e+00
1.126999999999980e+01	3.599392e+00
1.127999999999980e+01	3.602126e+00
1.128999999999980e+01	3.604859e+00
1.129999999999980e+01	3.607592e+00
1.130999999999980e+01	3.610324e+00
1.131999999999980e+01	3.613055e+00
1.132999999999980e+01	3.615786e+00
1.133999999999980e+01	3.618516e+00
1.134999999999980e+01	3.621246e+00
1.135999999999980e+01	3.623975e+00
1.136999999999980e+01	3.626703e+00
1.137999999999980e+01	3.629431e+00
1.138999999999980e+01	3.632158e+00
1.139999999999980e+01	3.634885e+00
1.140999999999980e+01	3.637611e+00
1.141999999999980e+01	3.640336e+00
1.142999999999980e+01	3.643061e+00
1.143999999999980e+01	3.645785e+00
1.144999999999980e+01	3.648509e+00
1.145999999999980e+01	3.651232e+00
1.146999999999980e+01	3.653954e+00
1.147999999999980e+01	3.656676e+00
1.148999999999980e+01	3.659397e+00
1.149999999999980e+01	3.662118e+00
1.150999999999980e+01	3.664838e+00
1.151999999999980e+01	3.667557e+00
1.152999999999980e+01	3.670276e+00
1.153999999999980e+01	3.672994e+00
1.154999999999980e+01	3.675711e+00
1.155999999999980e+01	3.678428e+00
1.156999999999980e+01	3.681145e+00
1.157999999999980e+01	3.683861e+00
1.158999999999980e+01	3.686576e+00
1.159999999999980e+01	3.689291e+00
1.160999999999980e+01	3.692005e+00
1.161999999999980e+01	3.694718e+00
1.162999999999980e+01	3.697431e+00
1.163999999999980e+01	3.700143e+00
1.164999999999980e+01	3.702855e+00
1.165999999999980e+01	3.705566e+00
1.166999999999980e+01	3.708277e+00
1.167999999999980e+01	3.710986e+00
1.168999999999980e+01	3.713696e+00
1.169999999999980e+01	3.716404e+00
1.170999999999979e+01	3.719113e+00
1.171999999999979e+01	3.721820e+00
1.172999999999979e+01	3.724527e+00
1.173999999999979e+01	3.727234e+00
1.174999999999979e+01	3.729940e+00
1.175999999999979e+01	3.732645e+00
1.176999999999979e+01	3.735350e+00
1.177999999999979e+01	3.738054e+00
1.178999999999979e+01	3.740757e+00
1.179999999999979e+01	3.743460e+00
1.180999999999979e+01	3.746163e+00
1.181999999999979e+01	3.748865e+00
1.182999999999979e+01	3.751566e+00
1.183999999999979e+01	3.754267e+00
1.184999999999979e+01	3.756967e+00
1.185999999999979e+01	3.759666e+00
1.186999999999979e+01	3.762365e+00
1.187999999999979e+01	3.765064e+00
1.188999999999979e+01	3.767762e+00
1.189999999999979e+01	3.770459e+00
1.190999999999979e+01	3.773156e+00
1.191999999999979e+01	3.775852e+00
1.192999999999979e+01	3.778548e+00
1.193999999999979e+01	3.781243e+00
1.194999999999979e+01	3.783937e+00
1.195999999999979e+01	3.786631e+00
1.196999999999979e+01	3.789325e+00
1.197999999999979e+01	3.792017e+00
1.198999999999979e+01	3.794709e+00
1.199999999999979e+01	3.797401e+00
1.200999999999979e+01	3.800092e+00
1.201999999999979e+01	3.802783e+00
1.202999999999979e+01	3.805473e+00
1.203999999999979e+01	3.808162e+00
1.204999999999979e+01	3.810851e+00
1.205999999999979e+01	3.813540e+00
1.206999999999979e+01	3.816228e+00
1.207999999999979e+01	3.818915e+00
1.208999999999979e+01	3.821602e+00
1.209999999999979e+01	3.824288e+00
1.210999999999979e+01	3.826973e+00
1.211999999999979e+01	3.829659e+00
1.212999999999979e+01	3.832343e+00
1.213999999999979e+01	3.835027e+00
1.214999999999979e+01	3.837710e+00
1.215999999999979e+01	3.840393e+00
1.216999999999978e+01	3.843076e+00
1.217999999999978e+01	3.845757e+00
1.218999999999978e+01	3.848439e+00
1.219999999999978e+01	3.851120e+00
1.220999999999978e+01	3.853800e+00
1.221999999999978e+01	3.856479e+00
1.222999999999978e+01	3.859158e+00
1.223999999999978e+01	3.861837e+00
1.224999999999978e+01	3.864515e+00
1.225999999999978e+01	3.867192e+00
1.226999999999978e+01	3.869869e+00
1.227999999999978e+01	3.872546e+00
1.228999999999978e+01	3.875221e+00
1.229999999999978e+01	3.877897e+00
1.230999999999978e+01	3.880572e+00
1.231999999999978e+01	3.883246e+00
1.232999999999978e+01	3.885920e+00
1.233999999999978e+01	3.888593e+00
1.234999999999978e+01	3.891266e+00
1.235999999999978e+01	3.893938e+00
1.236999999999978e+01	3.896609e+00
1.237999999999978e+01	3.899281e+00
1.238999999999978e+01	3.901951e+00
1.239999999999978e+01	3.904621e+00
1.240999999999978e+01	3.907290e+00
1.241999999999978e+01	3.909960e+00
1.242999999999978e+01	3.912628e+00
1.243999999999978e+01	3.915296e+00
1.244999999999978e+01	3.917963e+00
1.245999999999978e+01	3.920630e+00
1.246999999999978e+01	3.923297e+00
1.247999999999978e+01	3.925962e+00
1.248999999999978e+01	3.928628e+00
1.249999999999978e+01	3.931293e+00
1.250999999999978e+01	3.933957e+00
1.251999999999978e+01	3.936620e+00
1.252999999999978e+01	3.939284e+00
1.253999999999978e+01	3.941947e+00
1.254999999999978e+01	3.944609e+00
1.255999999999978e+01	3.947270e+00
1.256999999999978e+01	3.949932e+00
1.257999999999978e+01	3.952592e+00
1.258999999999978e+01	3.955252e+00
1.259999999999978e+01	3.957912e+00
1.260999999999978e+01	3.960571e+00
1.261999999999978e+01	3.963230e+00
1.262999999999978e+01	3.965888e+00
1.263999999999977e+01	3.968545e+00
1.264999999999977e+01	3.971203e+00
1.265999999999977e+01	3.973859e+00
1.266999999999977e+01	3.976515e+00
1.267999999999977e+01	3.979171e+00
1.268999999999977e+01	3.981826e+00
1.269999999999977e+01	3.984480e+00
1.270999999999977e+01	3.987134e+00
1.271999999999977e+01	3.989788e+00
1.272999999999977e+01	3.992441e+00
1.273999999999977e+01	3.995094e+00
1.274999999999977e+01	3.997746e+00
1.275999999999977e+01	4.000397e+00
1.276999999999977e+01	4.003048e+00
1.277999999999977e+01	4.005699e+00
1.278999999999977e+01	4.008349e+00
1.279999999999977e+01	4.010998e+00
1.280999999999977e+01	4.013647e+00
1.281999999999977e+01	4.016296e+00
1.282999999999977e+01	4.018944e+00
1.283999999999977e+01	4.021591e+00
1.284999999999977e+01	4.024239e+00
1.285999999999977e+01	4.026885e+00
1.286999999999977e+01	4.029531e+00
1.287999999999977e+01	4.032176e+00
1.288999999999977e+01	4.034822e+00
1.289999999999977e+01	4.037466e+00
1.290999999999977e+01	4.040110e+00
1.291999999999977e+01	4.042754e+00
1.292999999999977e+01	4.045397e+00
1.293999999999977e+01	4.048039e+00
1.294999999999977e+01	4.050682e+00
1.295999999999977e+01	4.053323e+00
1.296999999999977e+01	4.055964e+00
1.297999999999977e+01	4.058605e+00
1.298999999999977e+01	4.061245e+00
1.299999999999977e+01	4.063885e+00
1.300999999999977e+01	4.066525e+00
1.301999999999977e+01	4.069163e+00
1.302999999999977e+01	4.071801e+00
1.303999999999977e+01	4.074439e+00
1.304999999999977e+01	4.077076e+00
1.305999999999977e+01	4.079713e+00
1.306999999999977e+01	4.082349e+00
1.307999999999977e+01	4.084985e+00
1.308999999999977e+01	4.087621e+00
1.309999999999977e+01	4.090255e+00
1.310999999999976e+01	4.092890e+00
1.311999999999976e+01	4.095524e+00
1.312999999999976e+01	4.098157e+00
1.313999999999976e+01	4.100790e+00
1.314999999999976e+01	4.103423e+00
1.315999999999976e+01	4.106055e+00
1.316999999999976e+01	4.108686e+00
1.317999999999976e+01	4.111317e+00
1.318999999999976e+01	4.113948e+00
1.319999999999976e+01	4.116578e+00
1.320999999999976e+01	4.119207e+00
1.321999999999976e+01	4.121837e+00
1.322999999999976e+01	4.124465e+00
1.323999999999976e+01	4.127094e+00
1.324999999999976e+01	4.129721e+00
1.325999999999976e+01	4.132349e+00
1.326999999999976e+01	4.134975e+00
1.327999999999976e+01	4.137602e+00
1.328999999999976e+01	4.140228e+00
1.329999999999976e+01	4.142853e+00
1.330999999999976e+01	4.145478e+00
1.331999999999976e+01	4.148103e+00
1.332999999999976e+01	4.150726e+00
1.333999999999976e+01	4.153350e+00
1.334999999999976e+01	4.155973e+00
1.335999999999976e+01	4.158596e+00
1.336999999999976e+01	4.161218e+00
1.337999999999976e+01	4.163840e+00
1.338999999999976e+01	4.166461e+00
1.339999999999976e+01	4.169082e+00
1.340999999999976e+01	4.171702e+00
1.341999999999976e+01	4.174322e+00
1.342999999999976e+01	4.176941e+00
1.343999999999976e+01	4.179560e+00
1.344999999999976e+01	4.182179e+00
1.345999999999976e+01	4.184797e+00
1.346999999999976e+01	4.187414e+00
1.347999999999976e+01	4.190032e+00
1.348999999999976e+01	4.192648e+00
1.349999999999976e+01	4.195264e+00
1.350999999999976e+01	4.197880e+00
1.351999999999976e+01	4.200495e+00
1.352999999999976e+01	4.203110e+00
1.353999999999976e+01	4.205725e+00
1.354999999999976e+01	4.208339e+00
1.355999999999976e+01	4.210952e+00
1.356999999999976e+01	4.213565e+00
1.357999999999975e+01	4.216178e+00
1.358999999999975e+01	4.218790e+00
1.359999999999975e+01	4.221402e+00
1.360999999999975e+01	4.224013e+00
1.361999999999975e+01	4.226624e+00
1.362999999999975e+01	4.229234e+00
1.363999999999975e+01	4.231844e+00
1.364999999999975e+01	4.234454e+00
1.365999999999975e+01	4.237062e+00
1.366999999999975e+01	4.239671e+00
1.367999999999975e+01	4.242279e+00
1.368999999999975e+01	4.244887e+00
1.369999999999975e+01	4.247494e+00
1.370999999999975e+01	4.250101e+00
1.371999999999975e+01	4.252707e+00
1.372999999999975e+01	4.255313e+00
1.373999999999975e+01	4.257919e+00
1.374999999999975e+01	4.260524e+00
1.375999999999975e+01	4.263128e+00
1.376999999999975e+01	4.265733e+00
1.377999999999975e+01	4.268336e+00
1.378999999999975e+01	4.270940e+00
1.379999999999975e+01	4.273542e+00
1.380999999999975e+01	4.276145e+00
1.381999999999975e+01	4.278747e+00
1.382999999999975e+01	4.281348e+00
1.383999999999975e+01	4.283949e+00
1.384999999999975e+01	4.286550e+00
1.385999999999975e+01	4.289150e+00
1.386999999999975e+01	4.291750e+00
1.387999999999975e+01	4.294350e+00
1.388999999999975e+01	4.296948e+00
1.389999999999975e+01	4.299547e+00
1.390999999999975e+01	4.302145e+00
1.391999999999975e+01	4.304743e+00
1.392999999999975e+01	4.307340e+00
1.393999999999975e+01	4.309937e+00
1.394999999999975e+01	4.312533e+00
1.395999999999975e+01	4.315129e+00
1.396999999999975e+01	4.317725e+00
1.397999999999975e+01	4.320320e+00
1.398999999999975e+01	4.322915e+00
1.399999999999975e+01	4.325509e+00
1.400999999999975e+01	4.328103e+00
1.401999999999975e+01	4.330696e+00
1.402999999999975e+01	4.333289e+00
1.403999999999975e+01	4.335881e+00
1.404999999999974e+01	4.338473e+00
1.405999999999974e+01	4.341065e+00
1.406999999999974e+01	4.343657e+00
1.407999999999974e+01	4.346247e+00
1.408999999999974e+01	4.348838e+00
1.409999999999974e+01	4.351428e+00
1.410999999999974e+01	4.354017e+00
1.411999999999974e+01	4.356606e+00
1.412999999999974e+01	4.359195e+00
1.413999999999974e+01	4.361784e+00
1.414999999999974e+01	4.364371e+00
1.415999999999974e+01	4.366959e+00
1.416999999999974e+01	4.369546e+00
1.417999999999974e+01	4.372132e+00
1.418999999999974e+01	4.374719e+00
1.419999999999974e+01	4.377305e+00
1.420999999999974e+01	4.379890e+00
1.421999999999974e+01	4.382475e+00
1.422999999999974e+01	4.385059e+00
1.423999999999974e+01	4.387643e+00
1.424999999999974e+01	4.390227e+00
1.425999999999974e+01	4.392810e+00
1.426999999999974e+01	4.395393e+00
1.427999999999974e+01	4.397976e+00
1.428999999999974e+01	4.400558e+00
1.429999999999974e+01	4.403140e+00
1.430999999999974e+01	4.405721e+00
1.431999999999974e+01	4.408302e+00
1.432999999999974e+01	4.410882e+00
1.433999999999974e+01	4.413462e+00
1.434999999999974e+01	4.416042e+00
1.435999999999974e+01	4.418621e+00
1.436999999999974e+01	4.421200e+00
1.437999999999974e+01	4.423778e+00
1.438999999999974e+01	4.426356e+00
1.439999999999974e+01	4.428934e+00
1.440999999999974e+01	4.431510e+00
1.441999999999974e+01	4.434087e+00
1.442999999999974e+01	4.436664e+00
1.443999999999974e+01	4.439240e+00
1.444999999999974e+01	4.441815e+00
1.445999999999974e+01	4.444390e+00
1.446999999999974e+01	4.446964e+00
1.447999999999974e+01	4.449539e+00
1.448999999999974e+01	4.452112e+00
1.449999999999974e+01	4.454686e+00
1.450999999999974e+01	4.457259e+00
1.451999999999973e+01	4.459831e+00
1.452999999999973e+01	4.462403e+00
1.453999999999973e+01	4.464975e+00
1.454999999999973e+01	4.467546e+00
1.455999999999973e+01	4.470117e+00
1.456999999999973e+01	4.472688e+00
1.457999999999973e+01	4.475258e+00
1.458999999999973e+01	4.477828e+00
1.459999999999973e+01	4.480396e+00
1.460999999999973e+01	4.482965e+00
1.461999999999973e+01	4.485534e+00
1.462999999999973e+01	4.488101e+00
1.463999999999973e+01	4.490669e+00
1.464999999999973e+01	4.493236e+00
1.465999999999973e+01	4.495802e+00
1.466999999999973e+01	4.498369e+00
1.467999999999973e+01	4.500934e+00
1.468999999999973e+01	4.503500e+00
1.469999999999973e+01	4.506064e+00
1.470999999999973e+01	4.508629e+00
1.471999999999973e+01	4.511193e+00
1.472999999999973e+01	4.513756e+00
1.473999999999973e+01	4.516319e+00
1.474999999999973e+01	4.518882e+00
1.475999999999973e+01	4.521444e+00
1.476999999999973e+01	4.524005e+00
1.477999999999973e+01	4.526567e+00
1.478999999999973e+01	4.529127e+00
1.479999999999973e+01	4.531687e+00
1.480999999999973e+01	4.534246e+00
1.481999999999973e+01	4.536806e+00
1.482999999999973e+01	4.539364e+00
1.483999999999973e+01	4.541923e+00
1.484999999999973e+01	4.544480e+00
1.485999999999973e+01	4.547037e+00
1.486999999999973e+01	4.549593e+00
1.487999999999973e+01	4.552149e+00
1.488999999999973e+01	4.554705e+00
1.489999999999973e+01	4.557259e+00
1.490999999999973e+01	4.559813e+00
1.491999999999973e+01	4.562367e+00
1.492999999999973e+01	4.564920e+00
1.493999999999973e+01	4.567472e+00
1.494999999999973e+01	4.570024e+00
1.495999999999973e+01	4.572575e+00
1.496999999999973e+01	4.575125e+00
1.497999999999973e+01	4.577674e+00
1.498999999999972e+01	4.580223e+00
1.499999999999972e+01	4.582771e+00
1.500999999999972e+01	4.585319e+00
1.501999999999972e+01	4.587865e+00
1.502999999999972e+01	4.590411e+00
1.503999999999972e+01	4.592956e+00
1.504999999999972e+01	4.595500e+00
1.505999999999972e+01	4.598042e+00
1.506999999999972e+01	4.600585e+00
1.507999999999972e+01	4.603126e+00
1.508999999999972e+01	4.605666e+00
1.509999999999972e+01	4.608205e+00
1.510999999999972e+01	4.610743e+00
1.511999999999972e+01	4.613279e+00
1.512999999999972e+01	4.615815e+00
1.513999999999972e+01	4.618349e+00
1.514999999999972e+01	4.620882e+00
1.515999999999972e+01	4.623414e+00
1.516999999999972e+01	4.625944e+00
1.517999999999972e+01	4.628472e+00
1.518999999999972e+01	4.631000e+00
1.519999999999972e+01	4.633525e+00
1.520999999999972e+01	4.636049e+00
1.521999999999972e+01	4.638571e+00
1.522999999999972e+01	4.641091e+00
1.523999999999972e+01	4.643609e+00
1.524999999999972e+01	4.646125e+00
1.525999999999972e+01	4.648639e+00
1.526999999999972e+01	4.651150e+00
1.527999999999972e+01	4.653659e+00
1.528999999999972e+01	4.656166e+00
1.529999999999972e+01	4.658670e+00
1.530999999999972e+01	4.661171e+00
1.531999999999972e+01	4.663670e+00
1.532999999999972e+01	4.666165e+00
1.533999999999972e+01	4.668657e+00
1.534999999999972e+01	4.671145e+00
1.535999999999972e+01	4.673631e+00
1.536999999999972e+01	4.676112e+00
1.537999999999972e+01	4.678589e+00
1.538999999999972e+01	4.681062e+00
1.539999999999972e+01	4.683531e+00
1.540999999999972e+01	4.685995e+00
1.541999999999972e+01	4.688455e+00
1.542999999999972e+01	4.690908e+00
1.543999999999972e+01	4.693357e+00
1.544999999999972e+01	4.695801e+00
1.545999999999971e+01	4.698238e+00
1.546999999999971e+01	4.700670e+00
1.547999999999971e+01	4.703094e+00
1.548999999999971e+01	4.705513e+00
1.549999999999971e+01	4.707923e+00
1.550999999999971e+01	4.710327e+00
1.551999999999971e+01	4.712722e+00
1.552999999999971e+01	4.715110e+00
1.553999999999971e+01	4.717489e+00
1.554999999999971e+01	4.719859e+00
1.555999999999971e+01	4.722220e+00
1.556999999999971e+01	4.724571e+00
1.557999999999971e+01	4.726912e+00
1.558999999999971e+01	4.729243e+00
1.559999999999971e+01	4.731563e+00
1.560999999999971e+01	4.733871e+00
1.561999999999971e+01	4.736167e+00
1.562999999999971e+01	4.738451e+00
1.563999999999971e+01	4.740723e+00
1.564999999999971e+01	4.742981e+00
1.565999999999971e+01	4.745226e+00
1.566999999999971e+01	4.747457e+00
1.567999999999971e+01	4.749672e+00
1.568999999999971e+01	4.751874e+00
1.569999999999971e+01	4.754060e+00
1.570999999999971e+01	4.756230e+00
1.571999999999971e+01	4.758383e+00
1.572999999999971e+01	4.760520e+00
1.573999999999971e+01	4.762641e+00
1.574999999999971e+01	4.764743e+00
1.575999999999971e+01	4.766829e+00
1.576999999999971e+01	4.768895e+00
1.577999999999971e+01	4.770943e+00
1.578999999999971e+01	4.772973e+00
1.579999999999971e+01	4.774983e+00
1.580999999999971e+01	4.776974e+00
1.581999999999971e+01	4.778945e+00
1.582999999999971e+01	4.780896e+00
1.583999999999971e+01	4.782827e+00
1.584999999999971e+01	4.784738e+00
1.585999999999971e+01	4.786629e+00
1.586999999999971e+01	4.788498e+00
1.587999999999971e+01	4.790348e+00
1.588999999999971e+01	4.792176e+00
1.589999999999971e+01	4.793983e+00
1.590999999999971e+01	4.795770e+00
1.591999999999971e+01	4.797535e+00
1.592999999999970e+01	4.799281e+00
1.593999999999970e+01	4.801004e+00
1.594999999999970e+01	4.802708e+00
1.595999999999970e+01	4.804390e+00
1.596999999999970e+01	4.806052e+00
1.597999999999970e+01	4.807693e+00
1.598999999999970e+01	4.809314e+00
1.599999999999970e+01	4.810915e+00
1.600999999999970e+01	4.812495e+00
1.601999999999970e+01	4.814056e+00
1.602999999999971e+01	4.815597e+00
1.603999999999971e+01	4.817119e+00
1.604999999999971e+01	4.818621e+00
1.605999999999971e+01	4.820105e+00
1.606999999999971e+01	4.821569e+00
1.607999999999971e+01	4.823016e+00
1.608999999999972e+01	4.824443e+00
1.609999999999972e+01	4.825853e+00
1.610999999999972e+01	4.827246e+00
1.611999999999972e+01	4.828620e+00
1.612999999999972e+01	4.829978e+00
1.613999999999972e+01	4.831319e+00
1.614999999999973e+01	4.832643e+00
1.615999999999973e+01	4.833951e+00
1.616999999999973e+01	4.835242e+00
1.617999999999973e+01	4.836518e+00
1.618999999999973e+01	4.837779e+00
1.619999999999973e+01	4.839024e+00
1.620999999999973e+01	4.840255e+00
1.621999999999974e+01	4.841470e+00
1.622999999999974e+01	4.842672e+00
1.623999999999974e+01	4.843859e+00
1.624999999999974e+01	4.845033e+00
1.625999999999974e+01	4.846193e+00
1.626999999999974e+01	4.847340e+00
1.627999999999975e+01	4.848474e+00
1.628999999999975e+01	4.849595e+00
1.629999999999975e+01	4.850703e+00
1.630999999999975e+01	4.851800e+00
1.631999999999975e+01	4.852884e+00
1.632999999999975e+01	4.853957e+00
1.633999999999975e+01	4.855018e+00
1.634999999999976e+01	4.856068e+00
1.635999999999976e+01	4.857107e+00
1.636999999999976e+01	4.858135e+00
1.637999999999976e+01	4.859153e+00
1.638999999999976e+01	4.860160e+00
1.639999999999976e+01	4.861157e+00
1.640999999999977e+01	4.862144e+00
1.641999999999977e+01	4.863122e+00
1.642999999999977e+01	4.864089e+00
1.643999999999977e+01	4.865048e+00
1.644999999999977e+01	4.865997e+00
1.645999999999977e+01	4.866938e+00
1.646999999999978e+01	4.867869e+00
1.647999999999978e+01	4.868792e+00
1.648999999999978e+01	4.869707e+00
1.649999999999978e+01	4.870613e+00
1.650999999999978e+01	4.871511e+00
1.651999999999978e+01	4.872401e+00
1.652999999999978e+01	4.873284e+00
1.653999999999979e+01	4.874159e+00
1.654999999999979e+01	4.875026e+00
1.655999999999979e+01	4.875886e+00
1.656999999999979e+01	4.876739e+00
1.657999999999979e+01	4.877585e+00
1.658999999999979e+01	4.878424e+00
1.659999999999980e+01	4.879256e+00
1.660999999999980e+01	4.880082e+00
1.661999999999980e+01	4.880901e+00
1.662999999999980e+01	4.881714e+00
1.663999999999980e+01	4.882520e+00
1.664999999999980e+01	4.883321e+00
1.665999999999980e+01	4.884115e+00
1.666999999999981e+01	4.884903e+00
1.667999999999981e+01	4.885686e+00
1.668999999999981e+01	4.886463e+00
1.669999999999981e+01	4.887234e+00
1.670999999999981e+01	4.888000e+00
1.671999999999981e+01	4.888761e+00
1.672999999999982e+01	4.889516e+00
1.673999999999982e+01	4.890266e+00
1.674999999999982e+01	4.891011e+00
1.675999999999982e+01	4.891751e+00
1.676999999999982e+01	4.892486e+00
1.677999999999982e+01	4.893216e+00
1.678999999999983e+01	4.893941e+00
1.679999999999983e+01	4.894662e+00
1.680999999999983e+01	4.895379e+00
1.681999999999983e+01	4.896091e+00
1.682999999999983e+01	4.896798e+00
1.683999999999983e+01	4.897501e+00
1.684999999999983e+01	4.898200e+00
1.685999999999984e+01	4.898894e+00
1.686999999999984e+01	4.899585e+00
1.687999999999984e+01	4.900271e+00
1.688999999999984e+01	4.900954e+00
1.689999999999984e+01	4.901632e+00
1.690999999999984e+01	4.902307e+00
1.691999999999985e+01	4.902978e+00
1.692999999999985e+01	4.903645e+00
1.693999999999985e+01	4.904308e+00
1.694999999999985e+01	4.904968e+00
1.695999999999985e+01	4.905625e+00
1.696999999999985e+01	4.906278e+00
1.697999999999985e+01	4.906927e+00
1.698999999999986e+01	4.907573e+00
1.699999999999986e+01	4.908216e+00
1.700999999999986e+01	4.908856e+00
1.701999999999986e+01	4.909492e+00
1.702999999999986e+01	4.910125e+00
1.703999999999986e+01	4.910755e+00
1.704999999999987e+01	4.911382e+00
1.705999999999987e+01	4.912006e+00
1.706999999999987e+01	4.912627e+00
1.707999999999987e+01	4.913245e+00
1.708999999999987e+01	4.913860e+00
1.709999999999987e+01	4.914473e+00
1.710999999999988e+01	4.915082e+00
1.711999999999988e+01	4.915689e+00
1.712999999999988e+01	4.916293e+00
1.713999999999988e+01	4.916894e+00
1.714999999999988e+01	4.917492e+00
1.715999999999988e+01	4.918089e+00
1.716999999999988e+01	4.918682e+00
1.717999999999989e+01	4.919273e+00
1.718999999999989e+01	4.919862e+00
1.719999999999989e+01	4.920448e+00
1.720999999999989e+01	4.921031e+00
1.721999999999989e+01	4.921613e+00
1.722999999999989e+01	4.922192e+00
1.723999999999990e+01	4.922768e+00
1.724999999999990e+01	4.923342e+00
1.725999999999990e+01	4.923914e+00
1.726999999999990e+01	4.924484e+00
1.727999999999990e+01	4.925052e+00
1.728999999999990e+01	4.925617e+00
1.729999999999990e+01	4.926180e+00
1.730999999999991e+01	4.926742e+00
1.731999999999991e+01	4.927301e+00
1.732999999999991e+01	4.927858e+00
1.733999999999991e+01	4.928413e+00
1.734999999999991e+01	4.928966e+00
1.735999999999991e+01	4.929517e+00
1.736999999999992e+01	4.930066e+00
1.737999999999992e+01	4.930613e+00
1.738999999999992e+01	4.931159e+00
1.739999999999992e+01	4.931702e+00
1.740999999999992e+01	4.932243e+00
1.741999999999992e+01	4.932783e+00
1.742999999999993e+01	4.933321e+00
1.743999999999993e+01	4.933857e+00
1.744999999999993e+01	4.934392e+00
1.745999999999993e+01	4.934925e+00
1.746999999999993e+01	4.935455e+00
1.747999999999993e+01	4.935985e+00
1.748999999999993e+01	4.936512e+00
1.749999999999994e+01	4.937038e+00
1.750999999999994e+01	4.937562e+00
1.751999999999994e+01	4.938086e+00
1.752999999999994e+01	4.938607e+00
1.753999999999994e+01	4.939126e+00
1.754999999999994e+01	4.939644e+00
1.755999999999995e+01	4.940161e+00
1.756999999999995e+01	4.940676e+00
1.757999999999995e+01	4.941189e+00
1.758999999999995e+01	4.941701e+00
1.759999999999995e+01	4.942212e+00
1.760999999999995e+01	4.942721e+00
1.761999999999995e+01	4.943228e+00
1.762999999999996e+01	4.943735e+00
1.763999999999996e+01	4.944240e+00
1.764999999999996e+01	4.944743e+00
1.765999999999996e+01	4.945245e+00
1.766999999999996e+01	4.945746e+00
1.767999999999996e+01	4.946245e+00
1.768999999999997e+01	4.946743e+00
1.769999999999997e+01	4.947240e+00
1.770999999999997e+01	4.947736e+00
1.771999999999997e+01	4.948230e+00
1.772999999999997e+01	4.948723e+00
1.773999999999997e+01	4.949214e+00
1.774999999999998e+01	4.949705e+00
1.775999999999998e+01	4.950194e+00
1.776999999999998e+01	4.950683e+00
1.777999999999998e+01	4.951169e+00
1.778999999999998e+01	4.951655e+00
1.779999999999998e+01	4.952140e+00
1.780999999999998e+01	4.952623e+00
1.781999999999999e+01	4.953105e+00
1.782999999999999e+01	4.953587e+00
1.783999999999999e+01	4.954066e+00
1.784999999999999e+01	4.954545e+00
1.785999999999999e+01	4.955023e+00
1.786999999999999e+01	4.955500e+00
1.788000000000000e+01	4.955976e+00
1.789000000000000e+01	4.956450e+00
1.790000000000000e+01	4.956923e+00
1.791000000000000e+01	4.957396e+00
1.792000000000000e+01	4.957868e+00
1.793000000000000e+01	4.958338e+00
1.794000000000000e+01	4.958807e+00
1.795000000000001e+01	4.959276e+00
1.796000000000001e+01	4.959743e+00
1.797000000000001e+01	4.960210e+00
1.798000000000001e+01	4.960675e+00
1.799000000000001e+01	4.961140e+00
1.800000000000001e+01	4.961604e+00
1.801000000000002e+01	4.962066e+00
1.802000000000002e+01	4.962528e+00
1.803000000000002e+01	4.962989e+00
1.804000000000002e+01	4.963449e+00
1.805000000000002e+01	4.963908e+00
1.806000000000002e+01	4.964366e+00
1.807000000000003e+01	4.964823e+00
1.808000000000003e+01	4.965280e+00
1.809000000000003e+01	4.965735e+00
1.810000000000003e+01	4.966190e+00
1.811000000000003e+01	4.966644e+00
1.812000000000003e+01	4.967096e+00
1.813000000000003e+01	4.967549e+00
1.814000000000004e+01	4.968000e+00
1.815000000000004e+01	4.968451e+00
1.816000000000004e+01	4.968900e+00
1.817000000000004e+01	4.969349e+00
1.818000000000004e+01	4.969797e+00
1.819000000000004e+01	4.970244e+00
1.820000000000005e+01	4.970691e+00
1.821000000000005e+01	4.971137e+00
1.822000000000005e+01	4.971581e+00
1.823000000000005e+01	4.972026e+00
1.824000000000005e+01	4.972469e+00
1.825000000000005e+01	4.972912e+00
1.826000000000005e+01	4.973354e+00
1.827000000000006e+01	4.973795e+00
1.828000000000006e+01	4.974236e+00
1.829000000000006e+01	4.974675e+00
1.830000000000006e+01	4.975114e+00
1.831000000000006e+01	4.975553e+00
1.832000000000006e+01	4.975990e+00
1.833000000000007e+01	4.976428e+00
1.834000000000007e+01	4.976864e+00
1.835000000000007e+01	4.977299e+00
1.836000000000007e+01	4.977735e+00
1.837000000000007e+01	4.978168e+00
1.838000000000007e+01	4.978602e+00
1.839000000000008e+01	4.979035e+00
1.840000000000008e+01	4.979467e+00
1.841000000000008e+01	4.979899e+00
1.842000000000008e+01	4.980330e+00
1.843000000000008e+01	4.980761e+00
1.844000000000008e+01	4.981190e+00
1.845000000000008e+01	4.981619e+00
1.846000000000009e+01	4.982048e+00
1.847000000000009e+01	4.982476e+00
1.848000000000009e+01	4.982903e+00
1.849000000000009e+01	4.983330e+00
1.850000000000009e+01	4.983756e+00
1.851000000000009e+01	4.984181e+00
1.852000000000010e+01	4.984606e+00
1.853000000000010e+01	4.985031e+00
1.854000000000010e+01	4.985455e+00
1.855000000000010e+01	4.985878e+00
1.856000000000010e+01	4.986300e+00
1.857000000000010e+01	4.986722e+00
1.858000000000010e+01	4.987144e+00
1.859000000000011e+01	4.987565e+00
1.860000000000011e+01	4.987985e+00
1.861000000000011e+01	4.988405e+00
1.862000000000011e+01	4.988824e+00
1.863000000000011e+01	4.989243e+00
1.864000000000011e+01	4.989661e+00
1.865000000000012e+01	4.990079e+00
1.866000000000012e+01	4.990496e+00
1.867000000000012e+01	4.990912e+00
1.868000000000012e+01	4.991329e+00
1.869000000000012e+01	4.991745e+00
1.870000000000012e+01	4.992159e+00
1.871000000000013e+01	4.992574e+00
1.872000000000013e+01	4.992988e+00
1.873000000000013e+01	4.993402e+00
1.874000000000013e+01	4.993815e+00
1.875000000000013e+01	4.994228e+00
1.876000000000013e+01	4.994640e+00
1.877000000000013e+01	4.995051e+00
1.878000000000014e+01	4.995463e+00
1.879000000000014e+01	4.995873e+00
1.880000000000014e+01	4.996284e+00
1.881000000000014e+01	4.996694e+00
1.882000000000014e+01	4.997103e+00
1.883000000000014e+01	4.997512e+00
1.884000000000015e+01	4.997921e+00
1.885000000000015e+01	4.998328e+00
1.886000000000015e+01	4.998736e+00
1.887000000000015e+01	4.999143e+00
1.888000000000015e+01	4.999550e+00
1.889000000000015e+01	4.999956e+00
1.890000000000015e+01	5.000362e+00
1.891000000000016e+01	5.000767e+00
1.892000000000016e+01	5.001172e+00
1.893000000000016e+01	5.001576e+00
1.894000000000016e+01	5.001981e+00
1.895000000000016e+01	5.002384e+00
1.896000000000016e+01	5.002788e+00
1.897000000000017e+01	5.003191e+00
1.898000000000017e+01	5.003593e+00
1.899000000000017e+01	5.003995e+00
1.900000000000017e+01	5.004396e+00
1.901000000000017e+01	5.004798e+00
1.902000000000017e+01	5.005199e+00
1.903000000000018e+01	5.005599e+00
1.904000000000018e+01	5.005999e+00
1.905000000000018e+01	5.006399e+00
1.906000000000018e+01	5.006798e+00
1.907000000000018e+01	5.007197e+00
1.908000000000018e+01	5.007596e+00
1.909000000000018e+01	5.007994e+00
1.910000000000019e+01	5.008392e+00
1.911000000000019e+01	5.008789e+00
1.912000000000019e+01	5.009186e+00
1.913000000000019e+01	5.009583e+00
1.914000000000019e+01	5.009979e+00
1.915000000000019e+01	5.010375e+00
1.916000000000020e+01	5.010771e+00
1.917000000000020e+01	5.011166e+00
1.918000000000020e+01	5.011561e+00
1.919000000000020e+01	5.011956e+00
1.920000000000020e+01	5.012350e+00
1.921000000000020e+01	5.012744e+00
1.922000000000020e+01	5.013137e+00
1.923000000000021e+01	5.013531e+00
1.924000000000021e+01	5.013923e+00
1.925000000000021e+01	5.014316e+00
1.926000000000021e+01	5.014708e+00
1.927000000000021e+01	5.015100e+00
1.928000000000021e+01	5.015491e+00
1.929000000000022e+01	5.015882e+00
1.930000000000022e+01	5.016273e+00
1.931000000000022e+01	5.016664e+00
1.932000000000022e+01	5.017055e+00
1.933000000000022e+01	5.017445e+00
1.934000000000022e+01	5.017834e+00
1.935000000000023e+01	5.018223e+00
1.936000000000023e+01	5.018612e+00
1.937000000000023e+01	5.019001e+00
1.938000000000023e+01	5.019390e+00
1.939000000000023e+01	5.019777e+00
1.940000000000023e+01	5.020165e+00
1.941000000000023e+01	5.020553e+00
1.942000000000024e+01	5.020940e+00
1.943000000000024e+01	5.021327e+00
1.944000000000024e+01	5.021714e+00
1.945000000000024e+01	5.022100e+00
1.946000000000024e+01	5.022486e+00
1.947000000000024e+01	5.022871e+00
1.948000000000025e+01	5.023257e+00
1.949000000000025e+01	5.023642e+00
1.950000000000025e+01	5.024027e+00
1.951000000000025e+01	5.024412e+00
1.952000000000025e+01	5.024796e+00
1.953000000000025e+01	5.025180e+00
1.954000000000025e+01	5.025564e+00
1.955000000000026e+01	5.025948e+00
1.956000000000026e+01	5.026331e+00
1.957000000000026e+01	5.026714e+00
1.958000000000026e+01	5.027096e+00
1.959000000000026e+01	5.027479e+00
1.960000000000026e+01	5.027861e+00
1.961000000000027e+01	5.028243e+00
1.962000000000027e+01	5.028625e+00
1.963000000000027e+01	5.029006e+00
1.964000000000027e+01	5.029387e+00
1.965000000000027e+01	5.029768e+00
1.966000000000027e+01	5.030149e+00
1.967000000000028e+01	5.030529e+00
1.968000000000028e+01	5.030910e+00
1.969000000000028e+01	5.031289e+00
1.970000000000028e+01	5.031669e+00
1.971000000000028e+01	5.032048e+00
1.972000000000028e+01	5.032427e+00
1.973000000000028e+01	5.032806e+00
1.974000000000029e+01	5.033185e+00
1.975000000000029e+01	5.033564e+00
1.976000000000029e+01	5.033942e+00
1.977000000000029e+01	5.034320e+00
1.978000000000029e+01	5.034698e+00
1.979000000000029e+01	5.035075e+00
1.980000000000030e+01	5.035452e+00
1.981000000000030e+01	5.035830e+00
1.982000000000030e+01	5.036206e+00
1.983000000000030e+01	5.036583e+00
1.984000000000030e+01	5.036959e+00
1.985000000000030e+01	5.037335e+00
1.986000000000030e+01	5.037712e+00
1.987000000000031e+01	5.038087e+00
1.988000000000031e+01	5.038463e+00
1.989000000000031e+01	5.038838e+00
1.990000000000031e+01	5.039213e+00
1.991000000000031e+01	5.039588e+00
1.992000000000031e+01	5.039963e+00
1.993000000000032e+01	5.040337e+00
1.994000000000032e+01	5.040711e+00
1.995000000000032e+01	5.041085e+00
1.996000000000032e+01	5.041459e+00
1.997000000000032e+01	5.041832e+00
1.998000000000032e+01	5.042206e+00
1.999000000000033e+01	5.042579e+00
2.000000000000033e+01	5.042952e+00
2.001000000000033e+01	5.043325e+00
2.002000000000033e+01	5.043698e+00
2.003000000000033e+01	5.044070e+00
2.004000000000033e+01	5.044442e+00
2.005000000000033e+01	5.044814e+00
2.006000000000034e+01	5.045186e+00
2.007000000000034e+01	5.045557e+00
2.008000000000034e+01	5.045929e+00
2.009000000000034e+01	5.046300e+00
2.010000000000034e+01	5.046671e+00
2.011000000000034e+01	5.047042e+00
2.012000000000035e+01	5.047413e+00
2.013000000000035e+01	5.047783e+00
2.014000000000035e+01	5.048154e+00
2.015000000000035e+01	5.048524e+00
2.016000000000035e+01	5.048894e+00
2.017000000000035e+01	5.049263e+00
2.018000000000035e+01	5.049633e+00
2.019000000000036e+01	5.050003e+00
2.020000000000036e+01	5.050372e+00
2.021000000000036e+01	5.050741e+00
2.022000000000036e+01	5.051110e+00
2.023000000000036e+01	5.051478e+00
2.024000000000036e+01	5.051847e+00
2.025000000000037e+01	5.052215e+00
2.026000000000037e+01	5.052583e+00
2.027000000000037e+01	5.052951e+00
2.028000000000037e+01	5.053319e+00
2.029000000000037e+01	5.053687e+00
2.030000000000037e+01	5.054054e+00
2.031000000000038e+01	5.054421e+00
2.032000000000038e+01	5.054789e+00
2.033000000000038e+01	5.055156e+00
2.034000000000038e+01	5.055522e+00
2.035000000000038e+01	5.055889e+00
2.036000000000038e+01	5.056256e+00
2.037000000000038e+01	5.056622e+00
2.038000000000039e+01	5.056988e+00
2.039000000000039e+01	5.057354e+00
2.040000000000039e+01	5.057720e+00
2.041000000000039e+01	5.058086e+00
2.042000000000039e+01	5.058452e+00
2.043000000000039e+01	5.058817e+00
2.044000000000040e+01	5.059182e+00
2.045000000000040e+01	5.059547e+00
2.046000000000040e+01	5.059912e+00
2.047000000000040e+01	5.060277e+00
2.048000000000040e+01	5.060642e+00
2.049000000000040e+01	5.061006e+00
2.050000000000041e+01	5.061370e+00
2.051000000000041e+01	5.061735e+00
2.052000000000041e+01	5.062099e+00
2.053000000000041e+01	5.062463e+00
2.054000000000041e+01	5.062827e+00
2.055000000000041e+01	5.063190e+00
2.056000000000041e+01	5.063554e+00
2.057000000000042e+01	5.063917e+00
2.058000000000042e+01	5.064280e+00
2.059000000000042e+01	5.064643e+00
2.060000000000042e+01	5.065006e+00
2.061000000000042e+01	5.065369e+00
2.062000000000042e+01	5.065732e+00
2.063000000000043e+01	5.066094e+00
2.064000000000043e+01	5.066456e+00
2.065000000000043e+01	5.066819e+00
2.066000000000043e+01	5.067181e+00
2.067000000000043e+01	5.067543e+00
2.068000000000043e+01	5.067904e+00
2.069000000000043e+01	5.068266e+00
2.070000000000044e+01	5.068628e+00
2.071000000000044e+01	5.068989e+00
2.072000000000044e+01	5.069351e+00
2.073000000000044e+01	5.069712e+00
2.074000000000044e+01	5.070073e+00
2.075000000000044e+01	5.070434e+00
2.076000000000045e+01	5.070795e+00
2.077000000000045e+01	5.071156e+00
2.078000000000045e+01	5.071516e+00
2.079000000000045e+01	5.071877e+00
2.080000000000045e+01	5.072237e+00
2.081000000000045e+01	5.072597e+00
2.082000000000046e+01	5.072957e+00
2.083000000000046e+01	5.073317e+00
2.084000000000046e+01	5.073677e+00
2.085000000000046e+01	5.074036e+00
2.086000000000046e+01	5.074396e+00
2.087000000000046e+01	5.074755e+00
2.088000000000046e+01	5.075115e+00
2.089000000000047e+01	5.075474e+00
2.090000000000047e+01	5.075833e+00
2.091000000000047e+01	5.076192e+00
2.092000000000047e+01	5.076551e+00
2.093000000000047e+01	5.076910e+00
2.094000000000047e+01	5.077269e+00
2.095000000000048e+01	5.077627e+00
2.096000000000048e+01	5.077985e+00
2.097000000000048e+01	5.078344e+00
2.098000000000048e+01	5.078702e+00
2.099000000000048e+01	5.079060e+00
2.100000000000048e+01	5.079418e+00
2.101000000000048e+01	5.079776e+00
2.102000000000049e+01	5.080133e+00
2.103000000000049e+01	5.080492e+00
2.104000000000049e+01	5.080849e+00
2.105000000000049e+01	5.081206e+00
2.106000000000049e+01	5.081563e+00
2.107000000000049e+01	5.081921e+00
2.108000000000050e+01	5.082278e+00
2.109000000000050e+01	5.082635e+00
2.110000000000050e+01	5.082992e+00
2.111000000000050e+01	5.083349e+00
2.112000000000050e+01	5.083705e+00
2.113000000000050e+01	5.084062e+00
2.114000000000051e+01	5.084419e+00
2.115000000000051e+01	5.084775e+00
2.116000000000051e+01	5.085132e+00
2.117000000000051e+01	5.085488e+00
2.118000000000051e+01	5.085844e+00
2.119000000000051e+01	5.086200e+00
2.120000000000051e+01	5.086556e+00
2.121000000000052e+01	5.086912e+00
2.122000000000052e+01	5.087267e+00
2.123000000000052e+01	5.087623e+00
2.124000000000052e+01	5.087979e+00
2.125000000000052e+01	5.088334e+00
2.126000000000052e+01	5.088689e+00
2.127000000000053e+01	5.089045e+00
2.128000000000053e+01	5.089400e+00
2.129000000000053e+01	5.089755e+00
2.130000000000053e+01	5.090110e+00
2.131000000000053e+01	5.090465e+00
2.132000000000053e+01	5.090820e+00
2.133000000000053e+01	5.091175e+00
2.134000000000054e+01	5.091529e+00
2.135000000000054e+01	5.091884e+00
2.136000000000054e+01	5.092238e+00
2.137000000000054e+01	5.092593e+00
2.138000000000054e+01	5.092947e+00
2.139000000000054e+01	5.093301e+00
2.140000000000055e+01	5.093655e+00
2.141000000000055e+01	5.094009e+00
2.142000000000055e+01	5.094363e+00
2.143000000000055e+01	5.094717e+00
2.144000000000055e+01	5.095071e+00
2.145000000000055e+01	5.095424e+00
2.146000000000056e+01	5.095778e+00
2.147000000000056e+01	5.096131e+00
2.148000000000056e+01	5.096485e+00
2.149000000000056e+01	5.096838e+00
2.150000000000056e+01	5.097192e+00
2.151000000000056e+01	5.097545e+00
2.152000000000056e+01	5.097898e+00
2.153000000000057e+01	5.098251e+00
2.154000000000057e+01	5.098604e+00
2.155000000000057e+01	5.098957e+00
2.156000000000057e+01	5.099310e+00
2.157000000000057e+01	5.099662e+00
2.158000000000057e+01	5.100015e+00
2.159000000000058e+01	5.100368e+00
2.160000000000058e+01	5.100720e+00
2.161000000000058e+01	5.101073e+00
2.162000000000058e+01	5.101425e+00
2.163000000000058e+01	5.101777e+00
2.164000000000058e+01	5.102129e+00
2.165000000000058e+01	5.102481e+00
2.166000000000059e+01	5.102834e+00
2.167000000000059e+01	5.103186e+00
2.168000000000059e+01	5.103538e+00
2.169000000000059e+01	5.103889e+00
2.170000000000059e+01	5.104241e+00
2.171000000000059e+01	5.104593e+00
2.172000000000060e+01	5.104944e+00
2.173000000000060e+01	5.105296e+00
2.174000000000060e+01	5.105648e+00
2.175000000000060e+01	5.105999e+00
2.176000000000060e+01	5.106350e+00
2.177000000000060e+01	5.106701e+00
2.178000000000061e+01	5.107053e+00
2.179000000000061e+01	5.107404e+00
2.180000000000061e+01	5.107755e+00
2.181000000000061e+01	5.108106e+00
2.182000000000061e+01	5.108457e+00
2.183000000000061e+01	5.108808e+00
2.184000000000061e+01	5.109159e+00
2.185000000000062e+01	5.109509e+00
2.186000000000062e+01	5.109860e+00
2.187000000000062e+01	5.110210e+00
2.188000000000062e+01	5.110561e+00
2.189000000000062e+01	5.110912e+00
2.190000000000062e+01	5.111262e+00
2.191000000000063e+01	5.111612e+00
2.192000000000063e+01	5.111963e+00
2.193000000000063e+01	5.112313e+00
2.194000000000063e+01	5.112663e+00
2.195000000000063e+01	5.113013e+00
2.196000000000063e+01	5.113363e+00
2.197000000000063e+01	5.113713e+00
2.198000000000064e+01	5.114063e+00
2.199000000000064e+01	5.114413e+00
2.200000000000064e+01	5.114763e+00
2.201000000000064e+01	5.115113e+00
2.202000000000064e+01	5.115462e+00
2.203000000000064e+01	5.115812e+00
2.204000000000065e+01	5.116162e+00
2.205000000000065e+01	5.116511e+00
2.206000000000065e+01	5.116861e+00
2.207000000000065e+01	5.117210e+00
2.208000000000065e+01	5.117559e+00
2.209000000000065e+01	5.117909e+00
2.210000000000066e+01	5.118258e+00
2.211000000000066e+01	5.118607e+00
2.212000000000066e+01	5.118956e+00
2.213000000000066e+01	5.119306e+00
2.214000000000066e+01	5.119654e+00
2.215000000000066e+01	5.120003e+00
2.216000000000066e+01	5.120352e+00
2.217000000000067e+01	5.120701e+00
2.218000000000067e+01	5.121050e+00
2.219000000000067e+01	5.121399e+00
2.220000000000067e+01	5.121747e+00
2.221000000000067e+01	5.122096e+00
2.222000000000067e+01	5.122445e+00
2.223000000000068e+01	5.122793e+00
2.224000000000068e+01	5.123142e+00
2.225000000000068e+01	5.123490e+00
2.226000000000068e+01	5.123838e+00
2.227000000000068e+01	5.124187e+00
2.228000000000068e+01	5.124535e+00
2.229000000000068e+01	5.124884e+00
2.230000000000069e+01	5.125232e+00
2.231000000000069e+01	5.125580e+00
2.232000000000069e+01	5.125928e+00
2.233000000000069e+01	5.126276e+00
2.234000000000069e+01	5.126624e+00
2.235000000000069e+01	5.126972e+00
2.236000000000070e+01	5.127320e+00
2.237000000000070e+01	5.127668e+00
2.238000000000070e+01	5.128016e+00
2.239000000000070e+01	5.128364e+00
2.240000000000070e+01	5.128711e+00
2.241000000000070e+01	5.129059e+00
2.242000000000071e+01	5.129406e+00
2.243000000000071e+01	5.129754e+00
2.244000000000071e+01	5.130102e+00
2.245000000000071e+01	5.130449e+00
2.246000000000071e+01	5.130796e+00
2.247000000000071e+01	5.131144e+00
2.248000000000071e+01	5.131492e+00
2.249000000000072e+01	5.131839e+00
2.250000000000072e+01	5.132186e+00
2.251000000000072e+01	5.132534e+00
2.252000000000072e+01	5.132881e+00
2.253000000000072e+01	5.133228e+00
2.254000000000072e+01	5.133575e+00
2.255000000000073e+01	5.133922e+00
2.256000000000073e+01	5.134269e+00
2.257000000000073e+01	5.134616e+00
2.258000000000073e+01	5.134963e+00
2.259000000000073e+01	5.135310e+00
2.260000000000073e+01	5.135657e+00
2.261000000000073e+01	5.136003e+00
2.262000000000074e+01	5.136351e+00
2.263000000000074e+01	5.136697e+00
2.264000000000074e+01	5.137044e+00
2.265000000000074e+01	5.137391e+00
2.266000000000074e+01	5.137737e+00
2.267000000000074e+01	5.138084e+00
2.268000000000075e+01	5.138431e+00
2.269000000000075e+01	5.138777e+00
2.270000000000075e+01	5.139123e+00
2.271000000000075e+01	5.139470e+00
2.272000000000075e+01	5.139816e+00
2.273000000000075e+01	5.140163e+00
2.274000000000076e+01	5.140509e+00
2.275000000000076e+01	5.140855e+00
2.276000000000076e+01	5.141202e+00
2.277000000000076e+01	5.141548e+00
2.278000000000076e+01	5.141894e+00
2.279000000000076e+01	5.142241e+00
2.280000000000076e+01	5.142587e+00
2.281000000000077e+01	5.142933e+00
2.282000000000077e+01	5.143279e+00
2.283000000000077e+01	5.143625e+00
2.284000000000077e+01	5.143971e+00
2.285000000000077e+01	5.144317e+00
2.286000000000077e+01	5.144663e+00
2.287000000000078e+01	5.145009e+00
2.288000000000078e+01	5.145355e+00
2.289000000000078e+01	5.145700e+00
2.290000000000078e+01	5.146046e+00
2.291000000000078e+01	5.146392e+00
2.292000000000078e+01	5.146738e+00
2.293000000000078e+01	5.147084e+00
2.294000000000079e+01	5.147429e+00
2.295000000000079e+01	5.147775e+00
2.296000000000079e+01	5.148120e+00
2.297000000000079e+01	5.148466e+00
2.298000000000079e+01	5.148812e+00
2.299000000000079e+01	5.149158e+00
2.300000000000080e+01	5.149503e+00
2.301000000000080e+01	5.149848e+00
2.302000000000080e+01	5.150194e+00
2.303000000000080e+01	5.150539e+00
2.304000000000080e+01	5.150885e+00
2.305000000000080e+01	5.151230e+00
2.306000000000081e+01	5.151576e+00
2.307000000000081e+01	5.151921e+00
2.308000000000081e+01	5.152266e+00
2.309000000000081e+01	5.152611e+00
2.310000000000081e+01	5.152956e+00
2.311000000000081e+01	5.153302e+00
2.312000000000081e+01	5.153647e+00
2.313000000000082e+01	5.153992e+00
2.314000000000082e+01	5.154337e+00
2.315000000000082e+01	5.154682e+00
2.316000000000082e+01	5.155027e+00
2.317000000000082e+01	5.155373e+00
2.318000000000082e+01	5.155717e+00
2.319000000000083e+01	5.156063e+00
2.320000000000083e+01	5.156407e+00
2.321000000000083e+01	5.156753e+00
2.322000000000083e+01	5.157097e+00
2.323000000000083e+01	5.157442e+00
2.324000000000083e+01	5.157787e+00
2.325000000000083e+01	5.158132e+00
2.326000000000084e+01	5.158477e+00
2.327000000000084e+01	5.158822e+00
2.328000000000084e+01	5.159166e+00
2.329000000000084e+01	5.159511e+00
2.330000000000084e+01	5.159856e+00
2.331000000000084e+01	5.160201e+00
2.332000000000085e+01	5.160545e+00
2.333000000000085e+01	5.160890e+00
2.334000000000085e+01	5.161234e+00
2.335000000000085e+01	5.161579e+00
2.336000000000085e+01	5.161924e+00
2.337000000000085e+01	5.162269e+00
2.338000000000086e+01	5.162613e+00
2.339000000000086e+01	5.162958e+00
2.340000000000086e+01	5.163302e+00
2.341000000000086e+01	5.163647e+00
2.342000000000086e+01	5.163991e+00
2.343000000000086e+01	5.164336e+00
2.344000000000086e+01	5.164680e+00
2.345000000000087e+01	5.165024e+00
2.346000000000087e+01	5.165369e+00
2.347000000000087e+01	5.165713e+00
2.348000000000087e+01	5.166058e+00
2.349000000000087e+01	5.166402e+00
2.350000000000087e+01	5.166746e+00
2.351000000000088e+01	5.167090e+00
2.352000000000088e+01	5.167435e+00
2.353000000000088e+01	5.167779e+00
2.354000000000088e+01	5.168123e+00
2.355000000000088e+01	5.168468e+00
2.356000000000088e+01	5.168812e+00
2.357000000000088e+01	5.169156e+00
2.358000000000089e+01	5.169500e+00
2.359000000000089e+01	5.169844e+00
2.360000000000089e+01	5.170188e+00
2.361000000000089e+01	5.170533e+00
2.362000000000089e+01	5.170877e+00
2.363000000000089e+01	5.171221e+00
2.364000000000090e+01	5.171565e+00
2.365000000000090e+01	5.171909e+00
2.366000000000090e+01	5.172253e+00
2.367000000000090e+01	5.172597e+00
2.368000000000090e+01	5.172941e+00
2.369000000000090e+01	5.173285e+00
2.370000000000091e+01	5.173629e+00
2.371000000000091e+01	5.173973e+00
2.372000000000091e+01	5.174317e+00
2.373000000000091e+01	5.174661e+00
2.374000000000091e+01	5.175005e+00
2.375000000000091e+01	5.175349e+00
2.376000000000091e+01	5.175693e+00
2.377000000000092e+01	5.176037e+00
2.378000000000092e+01	5.176381e+00
2.379000000000092e+01	5.176724e+00
2.380000000000092e+01	5.177068e+00
2.381000000000092e+01	5.177412e+00
2.382000000000092e+01	5.177756e+00
2.383000000000093e+01	5.178100e+00
2.384000000000093e+01	5.178443e+00
2.385000000000093e+01	5.178787e+00
2.386000000000093e+01	5.179131e+00
2.387000000000093e+01	5.179475e+00
2.388000000000093e+01	5.179819e+00
2.389000000000093e+01	5.180162e+00
2.390000000000094e+01	5.180506e+00
2.391000000000094e+01	5.180850e+00
2.392000000000094e+01	5.181193e+00
2.393000000000094e+01	5.181537e+00
2.394000000000094e+01	5.181881e+00
2.395000000000094e+01	5.182224e+00
2.396000000000095e+01	5.182568e+00
2.397000000000095e+01	5.182912e+00
2.398000000000095e+01	5.183255e+00
2.399000000000095e+01	5.183599e+00
2.400000000000000e+01	5.183943e+00
