vreg	V(vo)
0.000000000000000e+00	1.090466e-11
1.000000000000000e-02	1.340883e-08
2.000000000000000e-02	2.945253e-08
3.000000000000000e-02	4.867472e-08
4.000000000000000e-02	7.171953e-08
5.000000000000000e-02	9.936746e-08
6.000000000000000e-02	1.325667e-07
7.000000000000001e-02	1.724721e-07
8.000000000000000e-02	2.204951e-07
9.000000000000000e-02	2.783667e-07
9.999999999999999e-02	3.482186e-07
1.100000000000000e-01	4.326876e-07
1.200000000000000e-01	5.350517e-07
1.300000000000000e-01	6.594079e-07
1.400000000000000e-01	8.109068e-07
1.500000000000000e-01	9.960640e-07
1.600000000000000e-01	1.223175e-06
1.700000000000000e-01	1.502874e-06
1.800000000000000e-01	1.848885e-06
1.900000000000000e-01	2.279042e-06
2.000000000000000e-01	2.816680e-06
2.100000000000000e-01	3.492528e-06
2.200000000000001e-01	4.347309e-06
2.300000000000001e-01	5.435301e-06
2.400000000000001e-01	6.829229e-06
2.500000000000001e-01	8.626996e-06
2.600000000000001e-01	1.096092e-05
2.700000000000001e-01	1.401041e-05
2.800000000000001e-01	1.801935e-05
2.900000000000001e-01	2.331978e-05
3.000000000000001e-01	3.036410e-05
3.100000000000001e-01	3.976854e-05
3.200000000000001e-01	5.237146e-05
3.300000000000001e-01	6.931063e-05
3.400000000000001e-01	9.212441e-05
3.500000000000001e-01	1.228821e-04
3.600000000000002e-01	1.643482e-04
3.700000000000002e-01	2.201842e-04
3.800000000000002e-01	2.951863e-04
3.900000000000002e-01	3.955538e-04
4.000000000000002e-01	5.291684e-04
4.100000000000002e-01	7.058551e-04
4.200000000000002e-01	9.375762e-04
4.300000000000002e-01	1.238498e-03
4.400000000000002e-01	1.624863e-03
4.500000000000002e-01	2.114611e-03
4.600000000000002e-01	2.726732e-03
4.700000000000003e-01	3.480376e-03
4.800000000000003e-01	4.393819e-03
4.900000000000003e-01	5.483420e-03
5.000000000000002e-01	6.762726e-03
5.100000000000002e-01	8.241861e-03
5.200000000000002e-01	9.927238e-03
5.300000000000002e-01	1.182162e-02
5.400000000000003e-01	1.392443e-02
5.500000000000003e-01	1.623227e-02
5.600000000000003e-01	1.873949e-02
5.700000000000003e-01	2.143877e-02
5.800000000000003e-01	2.432166e-02
5.900000000000003e-01	2.737904e-02
6.000000000000003e-01	3.060145e-02
6.100000000000003e-01	3.397942e-02
6.200000000000003e-01	3.750366e-02
6.300000000000003e-01	4.116518e-02
6.400000000000003e-01	4.495539e-02
6.500000000000004e-01	4.886618e-02
6.600000000000004e-01	5.288990e-02
6.700000000000004e-01	5.701941e-02
6.800000000000004e-01	6.124804e-02
6.900000000000004e-01	6.556961e-02
7.000000000000004e-01	6.997835e-02
7.100000000000004e-01	7.446893e-02
7.200000000000004e-01	7.903640e-02
7.300000000000004e-01	8.367618e-02
7.400000000000004e-01	8.838402e-02
7.500000000000004e-01	9.315597e-02
7.600000000000005e-01	9.798839e-02
7.700000000000005e-01	1.028779e-01
7.800000000000005e-01	1.078213e-01
7.900000000000005e-01	1.128156e-01
8.000000000000005e-01	1.178583e-01
8.100000000000005e-01	1.229466e-01
8.200000000000005e-01	1.280782e-01
8.300000000000005e-01	1.332510e-01
8.400000000000005e-01	1.384628e-01
8.500000000000005e-01	1.437117e-01
8.600000000000005e-01	1.489959e-01
8.700000000000006e-01	1.543136e-01
8.800000000000006e-01	1.596634e-01
8.900000000000006e-01	1.650436e-01
9.000000000000006e-01	1.704528e-01
9.100000000000006e-01	1.758898e-01
9.200000000000006e-01	1.813533e-01
9.300000000000006e-01	1.868421e-01
9.400000000000006e-01	1.923550e-01
9.500000000000006e-01	1.978910e-01
9.600000000000006e-01	2.034491e-01
9.700000000000006e-01	2.090284e-01
9.800000000000006e-01	2.146280e-01
9.900000000000007e-01	2.202470e-01
1.000000000000001e+00	2.258846e-01
1.010000000000001e+00	2.315400e-01
1.020000000000001e+00	2.372125e-01
1.030000000000001e+00	2.429014e-01
1.040000000000001e+00	2.486061e-01
1.050000000000001e+00	2.543259e-01
1.060000000000001e+00	2.600602e-01
1.070000000000001e+00	2.658084e-01
1.080000000000001e+00	2.715701e-01
1.090000000000001e+00	2.773446e-01
1.100000000000001e+00	2.831315e-01
1.110000000000001e+00	2.889302e-01
1.120000000000001e+00	2.947404e-01
1.130000000000001e+00	3.005616e-01
1.140000000000001e+00	3.063934e-01
1.150000000000001e+00	3.122354e-01
1.160000000000001e+00	3.180871e-01
1.170000000000001e+00	3.239482e-01
1.180000000000001e+00	3.298185e-01
1.190000000000001e+00	3.356974e-01
1.200000000000001e+00	3.415847e-01
1.210000000000001e+00	3.474801e-01
1.220000000000001e+00	3.533832e-01
1.230000000000001e+00	3.592938e-01
1.240000000000001e+00	3.652116e-01
1.250000000000001e+00	3.711363e-01
1.260000000000001e+00	3.770677e-01
1.270000000000001e+00	3.830055e-01
1.280000000000001e+00	3.889495e-01
1.290000000000001e+00	3.948994e-01
1.300000000000001e+00	4.008550e-01
1.310000000000001e+00	4.068160e-01
1.320000000000001e+00	4.127824e-01
1.330000000000001e+00	4.187538e-01
1.340000000000001e+00	4.247301e-01
1.350000000000001e+00	4.307111e-01
1.360000000000001e+00	4.366966e-01
1.370000000000001e+00	4.426863e-01
1.380000000000001e+00	4.486803e-01
1.390000000000001e+00	4.546782e-01
1.400000000000001e+00	4.606799e-01
1.410000000000001e+00	4.666853e-01
1.420000000000001e+00	4.726942e-01
1.430000000000001e+00	4.787065e-01
1.440000000000001e+00	4.847220e-01
1.450000000000001e+00	4.907406e-01
1.460000000000001e+00	4.967621e-01
1.470000000000001e+00	5.027865e-01
1.480000000000001e+00	5.088134e-01
1.490000000000001e+00	5.148430e-01
1.500000000000001e+00	5.208752e-01
1.510000000000001e+00	5.269095e-01
1.520000000000001e+00	5.329462e-01
1.530000000000001e+00	5.389849e-01
1.540000000000001e+00	5.450256e-01
1.550000000000001e+00	5.510683e-01
1.560000000000001e+00	5.571128e-01
1.570000000000001e+00	5.631589e-01
1.580000000000001e+00	5.692067e-01
1.590000000000001e+00	5.752560e-01
1.600000000000001e+00	5.813068e-01
1.610000000000001e+00	5.873589e-01
1.620000000000001e+00	5.934123e-01
1.630000000000001e+00	5.994669e-01
1.640000000000001e+00	6.055225e-01
1.650000000000001e+00	6.115792e-01
1.660000000000001e+00	6.176368e-01
1.670000000000001e+00	6.236953e-01
1.680000000000001e+00	6.297547e-01
1.690000000000001e+00	6.358147e-01
1.700000000000001e+00	6.418754e-01
1.710000000000001e+00	6.479368e-01
1.720000000000001e+00	6.539986e-01
1.730000000000001e+00	6.600609e-01
1.740000000000001e+00	6.661236e-01
1.750000000000001e+00	6.721867e-01
1.760000000000001e+00	6.782501e-01
1.770000000000001e+00	6.843137e-01
1.780000000000001e+00	6.903775e-01
1.790000000000001e+00	6.964414e-01
1.800000000000001e+00	7.025054e-01
1.810000000000001e+00	7.085694e-01
1.820000000000001e+00	7.146333e-01
1.830000000000001e+00	7.206973e-01
1.840000000000001e+00	7.267610e-01
1.850000000000001e+00	7.328246e-01
1.860000000000001e+00	7.388880e-01
1.870000000000001e+00	7.449511e-01
1.880000000000001e+00	7.510139e-01
1.890000000000001e+00	7.570763e-01
1.900000000000001e+00	7.631384e-01
1.910000000000001e+00	7.692000e-01
1.920000000000001e+00	7.752612e-01
1.930000000000001e+00	7.813218e-01
1.940000000000002e+00	7.873819e-01
1.950000000000002e+00	7.934414e-01
1.960000000000002e+00	7.995003e-01
1.970000000000002e+00	8.055586e-01
1.980000000000002e+00	8.116161e-01
1.990000000000002e+00	8.176729e-01
2.000000000000001e+00	8.237289e-01
2.010000000000001e+00	8.297842e-01
2.020000000000001e+00	8.358386e-01
2.030000000000001e+00	8.418922e-01
2.040000000000000e+00	8.479449e-01
2.050000000000000e+00	8.539967e-01
2.060000000000000e+00	8.600476e-01
2.070000000000000e+00	8.660975e-01
2.080000000000000e+00	8.721463e-01
2.089999999999999e+00	8.781942e-01
2.099999999999999e+00	8.842410e-01
2.109999999999999e+00	8.902867e-01
2.119999999999999e+00	8.963314e-01
2.129999999999999e+00	9.023749e-01
2.139999999999998e+00	9.084173e-01
2.149999999999998e+00	9.144585e-01
2.159999999999998e+00	9.204985e-01
2.169999999999998e+00	9.265373e-01
2.179999999999997e+00	9.325748e-01
2.189999999999997e+00	9.386111e-01
2.199999999999997e+00	9.446461e-01
2.209999999999997e+00	9.506798e-01
2.219999999999997e+00	9.567121e-01
2.229999999999996e+00	9.627432e-01
2.239999999999996e+00	9.687728e-01
2.249999999999996e+00	9.748011e-01
2.259999999999996e+00	9.808280e-01
2.269999999999996e+00	9.868535e-01
2.279999999999995e+00	9.928775e-01
2.289999999999995e+00	9.989001e-01
2.299999999999995e+00	1.004921e+00
2.309999999999995e+00	1.010941e+00
2.319999999999995e+00	1.016959e+00
2.329999999999994e+00	1.022976e+00
2.339999999999994e+00	1.028991e+00
2.349999999999994e+00	1.035004e+00
2.359999999999994e+00	1.041016e+00
2.369999999999993e+00	1.047027e+00
2.379999999999993e+00	1.053035e+00
2.389999999999993e+00	1.059043e+00
2.399999999999993e+00	1.065048e+00
2.409999999999993e+00	1.071052e+00
2.419999999999992e+00	1.077054e+00
2.429999999999992e+00	1.083055e+00
2.439999999999992e+00	1.089054e+00
2.449999999999992e+00	1.095051e+00
2.459999999999992e+00	1.101047e+00
2.469999999999991e+00	1.107041e+00
2.479999999999991e+00	1.113033e+00
2.489999999999991e+00	1.119023e+00
2.499999999999991e+00	1.125012e+00
2.509999999999990e+00	1.130999e+00
2.519999999999990e+00	1.136984e+00
2.529999999999990e+00	1.142968e+00
2.539999999999990e+00	1.148949e+00
2.549999999999990e+00	1.154929e+00
2.559999999999989e+00	1.160907e+00
2.569999999999989e+00	1.166883e+00
2.579999999999989e+00	1.172858e+00
2.589999999999989e+00	1.178830e+00
2.599999999999989e+00	1.184801e+00
2.609999999999988e+00	1.190770e+00
2.619999999999988e+00	1.196737e+00
2.629999999999988e+00	1.202702e+00
2.639999999999988e+00	1.208666e+00
2.649999999999987e+00	1.214627e+00
2.659999999999987e+00	1.220587e+00
2.669999999999987e+00	1.226544e+00
2.679999999999987e+00	1.232500e+00
2.689999999999987e+00	1.238454e+00
2.699999999999986e+00	1.244406e+00
2.709999999999986e+00	1.250356e+00
2.719999999999986e+00	1.256304e+00
2.729999999999986e+00	1.262250e+00
2.739999999999986e+00	1.268194e+00
2.749999999999985e+00	1.274137e+00
2.759999999999985e+00	1.280077e+00
2.769999999999985e+00	1.286015e+00
2.779999999999985e+00	1.291952e+00
2.789999999999984e+00	1.297886e+00
2.799999999999984e+00	1.303819e+00
2.809999999999984e+00	1.309749e+00
2.819999999999984e+00	1.315678e+00
2.829999999999984e+00	1.321604e+00
2.839999999999983e+00	1.327529e+00
2.849999999999983e+00	1.333451e+00
2.859999999999983e+00	1.339372e+00
2.869999999999983e+00	1.345290e+00
2.879999999999983e+00	1.351207e+00
2.889999999999982e+00	1.357121e+00
2.899999999999982e+00	1.363034e+00
2.909999999999982e+00	1.368944e+00
2.919999999999982e+00	1.374852e+00
2.929999999999982e+00	1.380759e+00
2.939999999999981e+00	1.386663e+00
2.949999999999981e+00	1.392565e+00
2.959999999999981e+00	1.398466e+00
2.969999999999981e+00	1.404364e+00
2.979999999999980e+00	1.410260e+00
2.989999999999980e+00	1.416154e+00
2.999999999999980e+00	1.422046e+00
3.009999999999980e+00	1.427936e+00
3.019999999999980e+00	1.433824e+00
3.029999999999979e+00	1.439710e+00
3.039999999999979e+00	1.445593e+00
3.049999999999979e+00	1.451475e+00
3.059999999999979e+00	1.457355e+00
3.069999999999979e+00	1.463232e+00
3.079999999999978e+00	1.469108e+00
3.089999999999978e+00	1.474981e+00
3.099999999999978e+00	1.480852e+00
3.109999999999978e+00	1.486722e+00
3.119999999999977e+00	1.492589e+00
3.129999999999977e+00	1.498454e+00
3.139999999999977e+00	1.504316e+00
3.149999999999977e+00	1.510177e+00
3.159999999999977e+00	1.516036e+00
3.169999999999976e+00	1.521893e+00
3.179999999999976e+00	1.527747e+00
3.189999999999976e+00	1.533599e+00
3.199999999999976e+00	1.539450e+00
3.209999999999976e+00	1.545298e+00
3.219999999999975e+00	1.551144e+00
3.229999999999975e+00	1.556988e+00
3.239999999999975e+00	1.562830e+00
3.249999999999975e+00	1.568670e+00
3.259999999999974e+00	1.574507e+00
3.269999999999974e+00	1.580343e+00
3.279999999999974e+00	1.586176e+00
3.289999999999974e+00	1.592008e+00
3.299999999999974e+00	1.597837e+00
3.309999999999973e+00	1.603664e+00
3.319999999999973e+00	1.609489e+00
3.329999999999973e+00	1.615312e+00
3.339999999999973e+00	1.621132e+00
3.349999999999973e+00	1.626951e+00
3.359999999999972e+00	1.632767e+00
3.369999999999972e+00	1.638582e+00
3.379999999999972e+00	1.644394e+00
3.389999999999972e+00	1.650204e+00
3.399999999999971e+00	1.656012e+00
3.409999999999971e+00	1.661818e+00
3.419999999999971e+00	1.667621e+00
3.429999999999971e+00	1.673423e+00
3.439999999999971e+00	1.679222e+00
3.449999999999970e+00	1.685020e+00
3.459999999999970e+00	1.690815e+00
3.469999999999970e+00	1.696608e+00
3.479999999999970e+00	1.702399e+00
3.489999999999970e+00	1.708188e+00
3.499999999999969e+00	1.713974e+00
3.509999999999969e+00	1.719759e+00
3.519999999999969e+00	1.725541e+00
3.529999999999969e+00	1.731321e+00
3.539999999999969e+00	1.737100e+00
3.549999999999968e+00	1.742876e+00
3.559999999999968e+00	1.748650e+00
3.569999999999968e+00	1.754421e+00
3.579999999999968e+00	1.760191e+00
3.589999999999967e+00	1.765959e+00
3.599999999999967e+00	1.771724e+00
3.609999999999967e+00	1.777487e+00
3.619999999999967e+00	1.783248e+00
3.629999999999967e+00	1.789007e+00
3.639999999999966e+00	1.794764e+00
3.649999999999966e+00	1.800519e+00
3.659999999999966e+00	1.806272e+00
3.669999999999966e+00	1.812022e+00
3.679999999999966e+00	1.817771e+00
3.689999999999965e+00	1.823517e+00
3.699999999999965e+00	1.829261e+00
3.709999999999965e+00	1.835003e+00
3.719999999999965e+00	1.840743e+00
3.729999999999964e+00	1.846481e+00
3.739999999999964e+00	1.852216e+00
3.749999999999964e+00	1.857950e+00
3.759999999999964e+00	1.863681e+00
3.769999999999964e+00	1.869411e+00
3.779999999999963e+00	1.875138e+00
3.789999999999963e+00	1.880863e+00
3.799999999999963e+00	1.886586e+00
3.809999999999963e+00	1.892307e+00
3.819999999999963e+00	1.898026e+00
3.829999999999962e+00	1.903742e+00
3.839999999999962e+00	1.909457e+00
3.849999999999962e+00	1.915169e+00
3.859999999999962e+00	1.920880e+00
3.869999999999961e+00	1.926588e+00
3.879999999999961e+00	1.932294e+00
3.889999999999961e+00	1.937998e+00
3.899999999999961e+00	1.943700e+00
3.909999999999961e+00	1.949400e+00
3.919999999999960e+00	1.955097e+00
3.929999999999960e+00	1.960793e+00
3.939999999999960e+00	1.966486e+00
3.949999999999960e+00	1.972178e+00
3.959999999999960e+00	1.977867e+00
3.969999999999959e+00	1.983554e+00
3.979999999999959e+00	1.989239e+00
3.989999999999959e+00	1.994922e+00
3.999999999999959e+00	2.000603e+00
4.009999999999959e+00	2.006282e+00
4.019999999999959e+00	2.011959e+00
4.029999999999959e+00	2.017634e+00
4.039999999999958e+00	2.023306e+00
4.049999999999958e+00	2.028977e+00
4.059999999999958e+00	2.034645e+00
4.069999999999958e+00	2.040311e+00
4.079999999999957e+00	2.045976e+00
4.089999999999957e+00	2.051638e+00
4.099999999999957e+00	2.057298e+00
4.109999999999957e+00	2.062956e+00
4.119999999999957e+00	2.068612e+00
4.129999999999956e+00	2.074266e+00
4.139999999999956e+00	2.079917e+00
4.149999999999956e+00	2.085567e+00
4.159999999999956e+00	2.091215e+00
4.169999999999956e+00	2.096860e+00
4.179999999999955e+00	2.102504e+00
4.189999999999955e+00	2.108145e+00
4.199999999999955e+00	2.113785e+00
4.209999999999955e+00	2.119422e+00
4.219999999999954e+00	2.125057e+00
4.229999999999954e+00	2.130691e+00
4.239999999999954e+00	2.136322e+00
4.249999999999954e+00	2.141951e+00
4.259999999999954e+00	2.147578e+00
4.269999999999953e+00	2.153203e+00
4.279999999999953e+00	2.158826e+00
4.289999999999953e+00	2.164447e+00
4.299999999999953e+00	2.170066e+00
4.309999999999953e+00	2.175683e+00
4.319999999999952e+00	2.181297e+00
4.329999999999952e+00	2.186910e+00
4.339999999999952e+00	2.192521e+00
4.349999999999952e+00	2.198129e+00
4.359999999999951e+00	2.203736e+00
4.369999999999951e+00	2.209341e+00
4.379999999999951e+00	2.214943e+00
4.389999999999951e+00	2.220544e+00
4.399999999999951e+00	2.226142e+00
4.409999999999950e+00	2.231739e+00
4.419999999999950e+00	2.237333e+00
4.429999999999950e+00	2.242926e+00
4.439999999999950e+00	2.248516e+00
4.449999999999950e+00	2.254105e+00
4.459999999999949e+00	2.259691e+00
4.469999999999949e+00	2.265275e+00
4.479999999999949e+00	2.270858e+00
4.489999999999949e+00	2.276438e+00
4.499999999999948e+00	2.282016e+00
4.509999999999948e+00	2.287593e+00
4.519999999999948e+00	2.293167e+00
4.529999999999948e+00	2.298739e+00
4.539999999999948e+00	2.304310e+00
4.549999999999947e+00	2.309878e+00
4.559999999999947e+00	2.315444e+00
4.569999999999947e+00	2.321009e+00
4.579999999999947e+00	2.326571e+00
4.589999999999947e+00	2.332131e+00
4.599999999999946e+00	2.337690e+00
4.609999999999946e+00	2.343246e+00
4.619999999999946e+00	2.348800e+00
4.629999999999946e+00	2.354353e+00
4.639999999999946e+00	2.359903e+00
4.649999999999945e+00	2.365452e+00
4.659999999999945e+00	2.370998e+00
4.669999999999945e+00	2.376543e+00
4.679999999999945e+00	2.382085e+00
4.689999999999944e+00	2.387626e+00
4.699999999999944e+00	2.393164e+00
4.709999999999944e+00	2.398701e+00
4.719999999999944e+00	2.404235e+00
4.729999999999944e+00	2.409768e+00
4.739999999999943e+00	2.415299e+00
4.749999999999943e+00	2.420828e+00
4.759999999999943e+00	2.426354e+00
4.769999999999943e+00	2.431879e+00
4.779999999999943e+00	2.437402e+00
4.789999999999942e+00	2.442923e+00
4.799999999999942e+00	2.448442e+00
4.809999999999942e+00	2.453959e+00
4.819999999999942e+00	2.459474e+00
4.829999999999941e+00	2.464987e+00
4.839999999999941e+00	2.470498e+00
4.849999999999941e+00	2.476008e+00
4.859999999999941e+00	2.481515e+00
4.869999999999941e+00	2.487020e+00
4.879999999999940e+00	2.492524e+00
4.889999999999940e+00	2.498025e+00
4.899999999999940e+00	2.503525e+00
4.909999999999940e+00	2.509023e+00
4.919999999999940e+00	2.514518e+00
4.929999999999939e+00	2.520012e+00
4.939999999999939e+00	2.525504e+00
4.949999999999939e+00	2.530994e+00
4.959999999999939e+00	2.536482e+00
4.969999999999938e+00	2.541969e+00
4.979999999999938e+00	2.547453e+00
4.989999999999938e+00	2.552935e+00
4.999999999999938e+00	2.558415e+00
5.009999999999938e+00	2.563894e+00
5.019999999999937e+00	2.569371e+00
5.029999999999937e+00	2.574845e+00
5.039999999999937e+00	2.580318e+00
5.049999999999937e+00	2.585789e+00
5.059999999999937e+00	2.591258e+00
5.069999999999936e+00	2.596725e+00
5.079999999999936e+00	2.602190e+00
5.089999999999936e+00	2.607654e+00
5.099999999999936e+00	2.613116e+00
5.109999999999935e+00	2.618575e+00
5.119999999999935e+00	2.624033e+00
5.129999999999935e+00	2.629489e+00
5.139999999999935e+00	2.634943e+00
5.149999999999935e+00	2.640395e+00
5.159999999999934e+00	2.645845e+00
5.169999999999934e+00	2.651293e+00
5.179999999999934e+00	2.656740e+00
5.189999999999934e+00	2.662184e+00
5.199999999999934e+00	2.667627e+00
5.209999999999933e+00	2.673068e+00
5.219999999999933e+00	2.678507e+00
5.229999999999933e+00	2.683944e+00
5.239999999999933e+00	2.689379e+00
5.249999999999932e+00	2.694813e+00
5.259999999999932e+00	2.700244e+00
5.269999999999932e+00	2.705674e+00
5.279999999999932e+00	2.711102e+00
5.289999999999932e+00	2.716528e+00
5.299999999999931e+00	2.721952e+00
5.309999999999931e+00	2.727375e+00
5.319999999999931e+00	2.732795e+00
5.329999999999931e+00	2.738214e+00
5.339999999999931e+00	2.743631e+00
5.349999999999930e+00	2.749046e+00
5.359999999999930e+00	2.754459e+00
5.369999999999930e+00	2.759870e+00
5.379999999999930e+00	2.765280e+00
5.389999999999930e+00	2.770688e+00
5.399999999999929e+00	2.776093e+00
5.409999999999929e+00	2.781498e+00
5.419999999999929e+00	2.786900e+00
5.429999999999929e+00	2.792300e+00
5.439999999999928e+00	2.797699e+00
5.449999999999928e+00	2.803096e+00
5.459999999999928e+00	2.808491e+00
5.469999999999928e+00	2.813884e+00
5.479999999999928e+00	2.819275e+00
5.489999999999927e+00	2.824665e+00
5.499999999999927e+00	2.830053e+00
5.509999999999927e+00	2.835439e+00
5.519999999999927e+00	2.840823e+00
5.529999999999927e+00	2.846205e+00
5.539999999999926e+00	2.851586e+00
5.549999999999926e+00	2.856965e+00
5.559999999999926e+00	2.862342e+00
5.569999999999926e+00	2.867717e+00
5.579999999999925e+00	2.873091e+00
5.589999999999925e+00	2.878462e+00
5.599999999999925e+00	2.883832e+00
5.609999999999925e+00	2.889200e+00
5.619999999999925e+00	2.894567e+00
5.629999999999924e+00	2.899931e+00
5.639999999999924e+00	2.905294e+00
5.649999999999924e+00	2.910655e+00
5.659999999999924e+00	2.916015e+00
5.669999999999924e+00	2.921372e+00
5.679999999999923e+00	2.926728e+00
5.689999999999923e+00	2.932082e+00
5.699999999999923e+00	2.937434e+00
5.709999999999923e+00	2.942785e+00
5.719999999999922e+00	2.948133e+00
5.729999999999922e+00	2.953480e+00
5.739999999999922e+00	2.958826e+00
5.749999999999922e+00	2.964169e+00
5.759999999999922e+00	2.969511e+00
5.769999999999921e+00	2.974851e+00
5.779999999999921e+00	2.980189e+00
5.789999999999921e+00	2.985526e+00
5.799999999999921e+00	2.990861e+00
5.809999999999921e+00	2.996194e+00
5.819999999999920e+00	3.001525e+00
5.829999999999920e+00	3.006855e+00
5.839999999999920e+00	3.012182e+00
5.849999999999920e+00	3.017509e+00
5.859999999999919e+00	3.022833e+00
5.869999999999919e+00	3.028156e+00
5.879999999999919e+00	3.033477e+00
5.889999999999919e+00	3.038796e+00
5.899999999999919e+00	3.044114e+00
5.909999999999918e+00	3.049429e+00
5.919999999999918e+00	3.054744e+00
5.929999999999918e+00	3.060056e+00
5.939999999999918e+00	3.065367e+00
5.949999999999918e+00	3.070676e+00
5.959999999999917e+00	3.075983e+00
5.969999999999917e+00	3.081289e+00
5.979999999999917e+00	3.086593e+00
5.989999999999917e+00	3.091895e+00
5.999999999999917e+00	3.097195e+00
6.009999999999916e+00	3.102494e+00
6.019999999999916e+00	3.107791e+00
6.029999999999916e+00	3.113087e+00
6.039999999999916e+00	3.118381e+00
6.049999999999915e+00	3.123673e+00
6.059999999999915e+00	3.128963e+00
6.069999999999915e+00	3.134252e+00
6.079999999999915e+00	3.139539e+00
6.089999999999915e+00	3.144825e+00
6.099999999999914e+00	3.150108e+00
6.109999999999914e+00	3.155390e+00
6.119999999999914e+00	3.160671e+00
6.129999999999914e+00	3.165949e+00
6.139999999999914e+00	3.171227e+00
6.149999999999913e+00	3.176502e+00
6.159999999999913e+00	3.181776e+00
6.169999999999913e+00	3.187048e+00
6.179999999999913e+00	3.192318e+00
6.189999999999912e+00	3.197587e+00
6.199999999999912e+00	3.202854e+00
6.209999999999912e+00	3.208119e+00
6.219999999999912e+00	3.213383e+00
6.229999999999912e+00	3.218645e+00
6.239999999999911e+00	3.223906e+00
6.249999999999911e+00	3.229165e+00
6.259999999999911e+00	3.234422e+00
6.269999999999911e+00	3.239678e+00
6.279999999999911e+00	3.244932e+00
6.289999999999910e+00	3.250184e+00
6.299999999999910e+00	3.255435e+00
6.309999999999910e+00	3.260684e+00
6.319999999999910e+00	3.265931e+00
6.329999999999909e+00	3.271177e+00
6.339999999999909e+00	3.276421e+00
6.349999999999909e+00	3.281664e+00
6.359999999999909e+00	3.286905e+00
6.369999999999909e+00	3.292144e+00
6.379999999999908e+00	3.297382e+00
6.389999999999908e+00	3.302618e+00
6.399999999999908e+00	3.307853e+00
6.409999999999908e+00	3.313085e+00
6.419999999999908e+00	3.318317e+00
6.429999999999907e+00	3.323546e+00
6.439999999999907e+00	3.328774e+00
6.449999999999907e+00	3.334001e+00
6.459999999999907e+00	3.339226e+00
6.469999999999906e+00	3.344449e+00
6.479999999999906e+00	3.349671e+00
6.489999999999906e+00	3.354891e+00
6.499999999999906e+00	3.360110e+00
6.509999999999906e+00	3.365326e+00
6.519999999999905e+00	3.370542e+00
6.529999999999905e+00	3.375756e+00
6.539999999999905e+00	3.380968e+00
6.549999999999905e+00	3.386178e+00
6.559999999999905e+00	3.391387e+00
6.569999999999904e+00	3.396595e+00
6.579999999999904e+00	3.401801e+00
6.589999999999904e+00	3.407005e+00
6.599999999999904e+00	3.412208e+00
6.609999999999904e+00	3.417409e+00
6.619999999999903e+00	3.422608e+00
6.629999999999903e+00	3.427806e+00
6.639999999999903e+00	3.433003e+00
6.649999999999903e+00	3.438198e+00
6.659999999999902e+00	3.443391e+00
6.669999999999902e+00	3.448583e+00
6.679999999999902e+00	3.453773e+00
6.689999999999902e+00	3.458962e+00
6.699999999999902e+00	3.464149e+00
6.709999999999901e+00	3.469334e+00
6.719999999999901e+00	3.474519e+00
6.729999999999901e+00	3.479701e+00
6.739999999999901e+00	3.484882e+00
6.749999999999901e+00	3.490061e+00
6.759999999999900e+00	3.495239e+00
6.769999999999900e+00	3.500416e+00
6.779999999999900e+00	3.505590e+00
6.789999999999900e+00	3.510764e+00
6.799999999999899e+00	3.515935e+00
6.809999999999899e+00	3.521106e+00
6.819999999999899e+00	3.526274e+00
6.829999999999899e+00	3.531441e+00
6.839999999999899e+00	3.536607e+00
6.849999999999898e+00	3.541771e+00
6.859999999999898e+00	3.546934e+00
6.869999999999898e+00	3.552095e+00
6.879999999999898e+00	3.557254e+00
6.889999999999898e+00	3.562412e+00
6.899999999999897e+00	3.567569e+00
6.909999999999897e+00	3.572724e+00
6.919999999999897e+00	3.577877e+00
6.929999999999897e+00	3.583029e+00
6.939999999999896e+00	3.588180e+00
6.949999999999896e+00	3.593329e+00
6.959999999999896e+00	3.598476e+00
6.969999999999896e+00	3.603622e+00
6.979999999999896e+00	3.608767e+00
6.989999999999895e+00	3.613909e+00
6.999999999999895e+00	3.619051e+00
7.009999999999895e+00	3.624191e+00
7.019999999999895e+00	3.629330e+00
7.029999999999895e+00	3.634467e+00
7.039999999999894e+00	3.639602e+00
7.049999999999894e+00	3.644736e+00
7.059999999999894e+00	3.649869e+00
7.069999999999894e+00	3.655000e+00
7.079999999999893e+00	3.660130e+00
7.089999999999893e+00	3.665258e+00
7.099999999999893e+00	3.670384e+00
7.109999999999893e+00	3.675509e+00
7.119999999999893e+00	3.680633e+00
7.129999999999892e+00	3.685755e+00
7.139999999999892e+00	3.690876e+00
7.149999999999892e+00	3.695996e+00
7.159999999999892e+00	3.701113e+00
7.169999999999892e+00	3.706230e+00
7.179999999999891e+00	3.711345e+00
7.189999999999891e+00	3.716458e+00
7.199999999999891e+00	3.721570e+00
7.209999999999891e+00	3.726681e+00
7.219999999999891e+00	3.731790e+00
7.229999999999890e+00	3.736898e+00
7.239999999999890e+00	3.742004e+00
7.249999999999890e+00	3.747109e+00
7.259999999999890e+00	3.752212e+00
7.269999999999889e+00	3.757314e+00
7.279999999999889e+00	3.762414e+00
7.289999999999889e+00	3.767513e+00
7.299999999999889e+00	3.772611e+00
7.309999999999889e+00	3.777707e+00
7.319999999999888e+00	3.782802e+00
7.329999999999888e+00	3.787895e+00
7.339999999999888e+00	3.792987e+00
7.349999999999888e+00	3.798077e+00
7.359999999999888e+00	3.803166e+00
7.369999999999887e+00	3.808254e+00
7.379999999999887e+00	3.813340e+00
7.389999999999887e+00	3.818425e+00
7.399999999999887e+00	3.823508e+00
7.409999999999886e+00	3.828590e+00
7.419999999999886e+00	3.833670e+00
7.429999999999886e+00	3.838749e+00
7.439999999999886e+00	3.843827e+00
7.449999999999886e+00	3.848903e+00
7.459999999999885e+00	3.853978e+00
7.469999999999885e+00	3.859051e+00
7.479999999999885e+00	3.864123e+00
7.489999999999885e+00	3.869194e+00
7.499999999999885e+00	3.874263e+00
7.509999999999884e+00	3.879331e+00
7.519999999999884e+00	3.884397e+00
7.529999999999884e+00	3.889462e+00
7.539999999999884e+00	3.894526e+00
7.549999999999883e+00	3.899588e+00
7.559999999999883e+00	3.904649e+00
7.569999999999883e+00	3.909708e+00
7.579999999999883e+00	3.914766e+00
7.589999999999883e+00	3.919823e+00
7.599999999999882e+00	3.924878e+00
7.609999999999882e+00	3.929932e+00
7.619999999999882e+00	3.934985e+00
7.629999999999882e+00	3.940036e+00
7.639999999999882e+00	3.945086e+00
7.649999999999881e+00	3.950134e+00
7.659999999999881e+00	3.955181e+00
7.669999999999881e+00	3.960227e+00
7.679999999999881e+00	3.965271e+00
7.689999999999880e+00	3.970314e+00
7.699999999999880e+00	3.975355e+00
7.709999999999880e+00	3.980395e+00
7.719999999999880e+00	3.985434e+00
7.729999999999880e+00	3.990471e+00
7.739999999999879e+00	3.995507e+00
7.749999999999879e+00	4.000542e+00
7.759999999999879e+00	4.005576e+00
7.769999999999879e+00	4.010608e+00
7.779999999999879e+00	4.015638e+00
7.789999999999878e+00	4.020668e+00
7.799999999999878e+00	4.025695e+00
7.809999999999878e+00	4.030722e+00
7.819999999999878e+00	4.035747e+00
7.829999999999878e+00	4.040771e+00
7.839999999999877e+00	4.045794e+00
7.849999999999877e+00	4.050815e+00
7.859999999999877e+00	4.055835e+00
7.869999999999877e+00	4.060853e+00
7.879999999999876e+00	4.065870e+00
7.889999999999876e+00	4.070886e+00
7.899999999999876e+00	4.075901e+00
7.909999999999876e+00	4.080914e+00
7.919999999999876e+00	4.085926e+00
7.929999999999875e+00	4.090937e+00
7.939999999999875e+00	4.095946e+00
7.949999999999875e+00	4.100954e+00
7.959999999999875e+00	4.105960e+00
7.969999999999875e+00	4.110965e+00
7.979999999999874e+00	4.115969e+00
7.989999999999874e+00	4.120972e+00
7.999999999999874e+00	4.125973e+00
8.009999999999874e+00	4.130973e+00
8.019999999999873e+00	4.135972e+00
8.029999999999873e+00	4.140969e+00
8.039999999999873e+00	4.145965e+00
8.049999999999873e+00	4.150960e+00
8.059999999999873e+00	4.155953e+00
8.069999999999872e+00	4.160945e+00
8.079999999999872e+00	4.165936e+00
8.089999999999872e+00	4.170926e+00
8.099999999999872e+00	4.175914e+00
8.109999999999872e+00	4.180901e+00
8.119999999999871e+00	4.185886e+00
8.129999999999871e+00	4.190871e+00
8.139999999999871e+00	4.195854e+00
8.149999999999871e+00	4.200835e+00
8.159999999999870e+00	4.205816e+00
8.169999999999870e+00	4.210795e+00
8.179999999999870e+00	4.215773e+00
8.189999999999870e+00	4.220749e+00
8.199999999999870e+00	4.225725e+00
8.209999999999869e+00	4.230699e+00
8.219999999999869e+00	4.235672e+00
8.229999999999869e+00	4.240643e+00
8.239999999999869e+00	4.245613e+00
8.249999999999869e+00	4.250582e+00
8.259999999999868e+00	4.255549e+00
8.269999999999868e+00	4.260516e+00
8.279999999999868e+00	4.265481e+00
8.289999999999868e+00	4.270444e+00
8.299999999999867e+00	4.275407e+00
8.309999999999867e+00	4.280368e+00
8.319999999999867e+00	4.285328e+00
8.329999999999867e+00	4.290287e+00
8.339999999999867e+00	4.295244e+00
8.349999999999866e+00	4.300200e+00
8.359999999999866e+00	4.305155e+00
8.369999999999866e+00	4.310109e+00
8.379999999999866e+00	4.315062e+00
8.389999999999866e+00	4.320013e+00
8.399999999999865e+00	4.324963e+00
8.409999999999865e+00	4.329911e+00
8.419999999999865e+00	4.334858e+00
8.429999999999865e+00	4.339805e+00
8.439999999999864e+00	4.344749e+00
8.449999999999864e+00	4.349693e+00
8.459999999999864e+00	4.354635e+00
8.469999999999864e+00	4.359577e+00
8.479999999999864e+00	4.364516e+00
8.489999999999863e+00	4.369455e+00
8.499999999999863e+00	4.374392e+00
8.509999999999863e+00	4.379328e+00
8.519999999999863e+00	4.384263e+00
8.529999999999863e+00	4.389197e+00
8.539999999999862e+00	4.394129e+00
8.549999999999862e+00	4.399060e+00
8.559999999999862e+00	4.403990e+00
8.569999999999862e+00	4.408918e+00
8.579999999999862e+00	4.413846e+00
8.589999999999861e+00	4.418771e+00
8.599999999999861e+00	4.423696e+00
8.609999999999861e+00	4.428619e+00
8.619999999999861e+00	4.433542e+00
8.629999999999860e+00	4.438462e+00
8.639999999999860e+00	4.443382e+00
8.649999999999860e+00	4.448300e+00
8.659999999999860e+00	4.453217e+00
8.669999999999860e+00	4.458132e+00
8.679999999999859e+00	4.463047e+00
8.689999999999859e+00	4.467959e+00
8.699999999999859e+00	4.472871e+00
8.709999999999859e+00	4.477781e+00
8.719999999999859e+00	4.482689e+00
8.729999999999858e+00	4.487597e+00
8.739999999999858e+00	4.492502e+00
8.749999999999858e+00	4.497406e+00
8.759999999999858e+00	4.502308e+00
8.769999999999857e+00	4.507209e+00
8.779999999999857e+00	4.512108e+00
8.789999999999857e+00	4.517005e+00
8.799999999999857e+00	4.521901e+00
8.809999999999857e+00	4.526795e+00
8.819999999999856e+00	4.531686e+00
8.829999999999856e+00	4.536576e+00
8.839999999999856e+00	4.541463e+00
8.849999999999856e+00	4.546349e+00
8.859999999999856e+00	4.551231e+00
8.869999999999855e+00	4.556111e+00
8.879999999999855e+00	4.560989e+00
8.889999999999855e+00	4.565863e+00
8.899999999999855e+00	4.570735e+00
8.909999999999854e+00	4.575602e+00
8.919999999999854e+00	4.580466e+00
8.929999999999854e+00	4.585326e+00
8.939999999999854e+00	4.590182e+00
8.949999999999854e+00	4.595033e+00
8.959999999999853e+00	4.599878e+00
8.969999999999853e+00	4.604718e+00
8.979999999999853e+00	4.609552e+00
8.989999999999853e+00	4.614378e+00
8.999999999999853e+00	4.619198e+00
9.009999999999852e+00	4.624009e+00
9.019999999999852e+00	4.628810e+00
9.029999999999852e+00	4.633602e+00
9.039999999999852e+00	4.638382e+00
9.049999999999851e+00	4.643150e+00
9.059999999999851e+00	4.647905e+00
9.069999999999851e+00	4.652644e+00
9.079999999999851e+00	4.657367e+00
9.089999999999851e+00	4.662072e+00
9.099999999999850e+00	4.666756e+00
9.109999999999850e+00	4.671419e+00
9.119999999999850e+00	4.676057e+00
9.129999999999850e+00	4.680669e+00
9.139999999999850e+00	4.685252e+00
9.149999999999849e+00	4.689803e+00
9.159999999999849e+00	4.694320e+00
9.169999999999849e+00	4.698799e+00
9.179999999999849e+00	4.703238e+00
9.189999999999849e+00	4.707632e+00
9.199999999999848e+00	4.711980e+00
9.209999999999848e+00	4.716278e+00
9.219999999999848e+00	4.720521e+00
9.229999999999848e+00	4.724708e+00
9.239999999999847e+00	4.728834e+00
9.249999999999847e+00	4.732897e+00
9.259999999999847e+00	4.736894e+00
9.269999999999847e+00	4.740820e+00
9.279999999999847e+00	4.744676e+00
9.289999999999846e+00	4.748456e+00
9.299999999999846e+00	4.752161e+00
9.309999999999846e+00	4.755787e+00
9.319999999999846e+00	4.759335e+00
9.329999999999846e+00	4.762802e+00
9.339999999999845e+00	4.766188e+00
9.349999999999845e+00	4.769493e+00
9.359999999999845e+00	4.772717e+00
9.369999999999845e+00	4.775860e+00
9.379999999999844e+00	4.778924e+00
9.389999999999844e+00	4.781908e+00
9.399999999999844e+00	4.784814e+00
9.409999999999844e+00	4.787644e+00
9.419999999999844e+00	4.790400e+00
9.429999999999843e+00	4.793082e+00
9.439999999999843e+00	4.795693e+00
9.449999999999843e+00	4.798235e+00
9.459999999999843e+00	4.800710e+00
9.469999999999843e+00	4.803120e+00
9.479999999999842e+00	4.805467e+00
9.489999999999842e+00	4.807753e+00
9.499999999999842e+00	4.809980e+00
9.509999999999842e+00	4.812151e+00
9.519999999999841e+00	4.814267e+00
9.529999999999841e+00	4.816331e+00
9.539999999999841e+00	4.818344e+00
9.549999999999841e+00	4.820309e+00
9.559999999999841e+00	4.822226e+00
9.569999999999840e+00	4.824099e+00
9.579999999999840e+00	4.825929e+00
9.589999999999840e+00	4.827717e+00
9.599999999999840e+00	4.829465e+00
9.609999999999840e+00	4.831175e+00
9.619999999999839e+00	4.832848e+00
9.629999999999839e+00	4.834485e+00
9.639999999999839e+00	4.836088e+00
9.649999999999839e+00	4.837659e+00
9.659999999999838e+00	4.839198e+00
9.669999999999838e+00	4.840707e+00
9.679999999999838e+00	4.842186e+00
9.689999999999838e+00	4.843637e+00
9.699999999999838e+00	4.845062e+00
9.709999999999837e+00	4.846460e+00
9.719999999999837e+00	4.847833e+00
9.729999999999837e+00	4.849182e+00
9.739999999999837e+00	4.850508e+00
9.749999999999837e+00	4.851811e+00
9.759999999999836e+00	4.853092e+00
9.769999999999836e+00	4.854353e+00
9.779999999999836e+00	4.855593e+00
9.789999999999836e+00	4.856814e+00
9.799999999999836e+00	4.858016e+00
9.809999999999835e+00	4.859199e+00
9.819999999999835e+00	4.860365e+00
9.829999999999835e+00	4.861514e+00
9.839999999999835e+00	4.862646e+00
9.849999999999834e+00	4.863762e+00
9.859999999999834e+00	4.864863e+00
9.869999999999834e+00	4.865949e+00
9.879999999999834e+00	4.867021e+00
9.889999999999834e+00	4.868078e+00
9.899999999999833e+00	4.869122e+00
9.909999999999833e+00	4.870152e+00
9.919999999999833e+00	4.871169e+00
9.929999999999833e+00	4.872174e+00
9.939999999999833e+00	4.873167e+00
9.949999999999832e+00	4.874148e+00
9.959999999999832e+00	4.875118e+00
9.969999999999832e+00	4.876077e+00
9.979999999999832e+00	4.877025e+00
9.989999999999831e+00	4.877962e+00
9.999999999999831e+00	4.878889e+00
1.000999999999983e+01	4.879807e+00
1.001999999999983e+01	4.880714e+00
1.002999999999983e+01	4.881612e+00
1.003999999999983e+01	4.882501e+00
1.004999999999983e+01	4.883381e+00
1.005999999999983e+01	4.884253e+00
1.006999999999983e+01	4.885115e+00
1.007999999999983e+01	4.885970e+00
1.008999999999983e+01	4.886817e+00
1.009999999999983e+01	4.887655e+00
1.010999999999983e+01	4.888486e+00
1.011999999999983e+01	4.889310e+00
1.012999999999983e+01	4.890126e+00
1.013999999999983e+01	4.890935e+00
1.014999999999983e+01	4.891737e+00
1.015999999999983e+01	4.892533e+00
1.016999999999983e+01	4.893322e+00
1.017999999999983e+01	4.894104e+00
1.018999999999983e+01	4.894880e+00
1.019999999999983e+01	4.895650e+00
1.020999999999983e+01	4.896413e+00
1.021999999999983e+01	4.897171e+00
1.022999999999983e+01	4.897923e+00
1.023999999999983e+01	4.898669e+00
1.024999999999983e+01	4.899410e+00
1.025999999999983e+01	4.900146e+00
1.026999999999983e+01	4.900876e+00
1.027999999999983e+01	4.901600e+00
1.028999999999983e+01	4.902320e+00
1.029999999999982e+01	4.903035e+00
1.030999999999982e+01	4.903744e+00
1.031999999999982e+01	4.904449e+00
1.032999999999982e+01	4.905149e+00
1.033999999999982e+01	4.905845e+00
1.034999999999982e+01	4.906537e+00
1.035999999999982e+01	4.907223e+00
1.036999999999982e+01	4.907906e+00
1.037999999999982e+01	4.908584e+00
1.038999999999982e+01	4.909257e+00
1.039999999999982e+01	4.909927e+00
1.040999999999982e+01	4.910594e+00
1.041999999999982e+01	4.911255e+00
1.042999999999982e+01	4.911913e+00
1.043999999999982e+01	4.912568e+00
1.044999999999982e+01	4.913218e+00
1.045999999999982e+01	4.913865e+00
1.046999999999982e+01	4.914508e+00
1.047999999999982e+01	4.915148e+00
1.048999999999982e+01	4.915784e+00
1.049999999999982e+01	4.916417e+00
1.050999999999982e+01	4.917046e+00
1.051999999999982e+01	4.917672e+00
1.052999999999982e+01	4.918295e+00
1.053999999999982e+01	4.918915e+00
1.054999999999982e+01	4.919532e+00
1.055999999999982e+01	4.920145e+00
1.056999999999982e+01	4.920755e+00
1.057999999999982e+01	4.921363e+00
1.058999999999982e+01	4.921968e+00
1.059999999999982e+01	4.922569e+00
1.060999999999982e+01	4.923168e+00
1.061999999999982e+01	4.923764e+00
1.062999999999982e+01	4.924358e+00
1.063999999999982e+01	4.924948e+00
1.064999999999982e+01	4.925536e+00
1.065999999999982e+01	4.926122e+00
1.066999999999982e+01	4.926704e+00
1.067999999999982e+01	4.927285e+00
1.068999999999982e+01	4.927862e+00
1.069999999999982e+01	4.928438e+00
1.070999999999982e+01	4.929010e+00
1.071999999999982e+01	4.929581e+00
1.072999999999982e+01	4.930149e+00
1.073999999999982e+01	4.930715e+00
1.074999999999982e+01	4.931278e+00
1.075999999999982e+01	4.931840e+00
1.076999999999981e+01	4.932399e+00
1.077999999999981e+01	4.932956e+00
1.078999999999981e+01	4.933510e+00
1.079999999999981e+01	4.934063e+00
1.080999999999981e+01	4.934614e+00
1.081999999999981e+01	4.935162e+00
1.082999999999981e+01	4.935709e+00
1.083999999999981e+01	4.936253e+00
1.084999999999981e+01	4.936795e+00
1.085999999999981e+01	4.937335e+00
1.086999999999981e+01	4.937874e+00
1.087999999999981e+01	4.938411e+00
1.088999999999981e+01	4.938946e+00
1.089999999999981e+01	4.939479e+00
1.090999999999981e+01	4.940010e+00
1.091999999999981e+01	4.940539e+00
1.092999999999981e+01	4.941067e+00
1.093999999999981e+01	4.941593e+00
1.094999999999981e+01	4.942117e+00
1.095999999999981e+01	4.942639e+00
1.096999999999981e+01	4.943160e+00
1.097999999999981e+01	4.943679e+00
1.098999999999981e+01	4.944196e+00
1.099999999999981e+01	4.944712e+00
1.100999999999981e+01	4.945226e+00
1.101999999999981e+01	4.945739e+00
1.102999999999981e+01	4.946250e+00
1.103999999999981e+01	4.946759e+00
1.104999999999981e+01	4.947268e+00
1.105999999999981e+01	4.947774e+00
1.106999999999981e+01	4.948279e+00
1.107999999999981e+01	4.948782e+00
1.108999999999981e+01	4.949285e+00
1.109999999999981e+01	4.949785e+00
1.110999999999981e+01	4.950284e+00
1.111999999999981e+01	4.950782e+00
1.112999999999981e+01	4.951279e+00
1.113999999999981e+01	4.951774e+00
1.114999999999981e+01	4.952268e+00
1.115999999999981e+01	4.952760e+00
1.116999999999981e+01	4.953251e+00
1.117999999999981e+01	4.953741e+00
1.118999999999981e+01	4.954230e+00
1.119999999999981e+01	4.954717e+00
1.120999999999981e+01	4.955203e+00
1.121999999999981e+01	4.955688e+00
1.122999999999981e+01	4.956172e+00
1.123999999999980e+01	4.956654e+00
1.124999999999980e+01	4.957135e+00
1.125999999999980e+01	4.957615e+00
1.126999999999980e+01	4.958094e+00
1.127999999999980e+01	4.958571e+00
1.128999999999980e+01	4.959048e+00
1.129999999999980e+01	4.959523e+00
1.130999999999980e+01	4.959998e+00
1.131999999999980e+01	4.960471e+00
1.132999999999980e+01	4.960943e+00
1.133999999999980e+01	4.961414e+00
1.134999999999980e+01	4.961884e+00
1.135999999999980e+01	4.962352e+00
1.136999999999980e+01	4.962820e+00
1.137999999999980e+01	4.963287e+00
1.138999999999980e+01	4.963753e+00
1.139999999999980e+01	4.964217e+00
1.140999999999980e+01	4.964681e+00
1.141999999999980e+01	4.965144e+00
1.142999999999980e+01	4.965605e+00
1.143999999999980e+01	4.966066e+00
1.144999999999980e+01	4.966526e+00
1.145999999999980e+01	4.966985e+00
1.146999999999980e+01	4.967443e+00
1.147999999999980e+01	4.967900e+00
1.148999999999980e+01	4.968356e+00
1.149999999999980e+01	4.968811e+00
1.150999999999980e+01	4.969265e+00
1.151999999999980e+01	4.969718e+00
1.152999999999980e+01	4.970170e+00
1.153999999999980e+01	4.970622e+00
1.154999999999980e+01	4.971073e+00
1.155999999999980e+01	4.971522e+00
1.156999999999980e+01	4.971972e+00
1.157999999999980e+01	4.972420e+00
1.158999999999980e+01	4.972867e+00
1.159999999999980e+01	4.973313e+00
1.160999999999980e+01	4.973759e+00
1.161999999999980e+01	4.974204e+00
1.162999999999980e+01	4.974648e+00
1.163999999999980e+01	4.975091e+00
1.164999999999980e+01	4.975533e+00
1.165999999999980e+01	4.975975e+00
1.166999999999980e+01	4.976416e+00
1.167999999999980e+01	4.976856e+00
1.168999999999980e+01	4.977295e+00
1.169999999999980e+01	4.977734e+00
1.170999999999979e+01	4.978171e+00
1.171999999999979e+01	4.978608e+00
1.172999999999979e+01	4.979044e+00
1.173999999999979e+01	4.979480e+00
1.174999999999979e+01	4.979915e+00
1.175999999999979e+01	4.980350e+00
1.176999999999979e+01	4.980783e+00
1.177999999999979e+01	4.981215e+00
1.178999999999979e+01	4.981647e+00
1.179999999999979e+01	4.982079e+00
1.180999999999979e+01	4.982510e+00
1.181999999999979e+01	4.982940e+00
1.182999999999979e+01	4.983369e+00
1.183999999999979e+01	4.983798e+00
1.184999999999979e+01	4.984226e+00
1.185999999999979e+01	4.984653e+00
1.186999999999979e+01	4.985080e+00
1.187999999999979e+01	4.985506e+00
1.188999999999979e+01	4.985931e+00
1.189999999999979e+01	4.986356e+00
1.190999999999979e+01	4.986781e+00
1.191999999999979e+01	4.987204e+00
1.192999999999979e+01	4.987627e+00
1.193999999999979e+01	4.988050e+00
1.194999999999979e+01	4.988472e+00
1.195999999999979e+01	4.988893e+00
1.196999999999979e+01	4.989313e+00
1.197999999999979e+01	4.989733e+00
1.198999999999979e+01	4.990153e+00
1.199999999999979e+01	4.990571e+00
1.200999999999979e+01	4.990990e+00
1.201999999999979e+01	4.991407e+00
1.202999999999979e+01	4.991825e+00
1.203999999999979e+01	4.992241e+00
1.204999999999979e+01	4.992657e+00
1.205999999999979e+01	4.993073e+00
1.206999999999979e+01	4.993488e+00
1.207999999999979e+01	4.993902e+00
1.208999999999979e+01	4.994316e+00
1.209999999999979e+01	4.994730e+00
1.210999999999979e+01	4.995142e+00
1.211999999999979e+01	4.995554e+00
1.212999999999979e+01	4.995966e+00
1.213999999999979e+01	4.996377e+00
1.214999999999979e+01	4.996789e+00
1.215999999999979e+01	4.997199e+00
1.216999999999978e+01	4.997608e+00
1.217999999999978e+01	4.998018e+00
1.218999999999978e+01	4.998426e+00
1.219999999999978e+01	4.998835e+00
1.220999999999978e+01	4.999243e+00
1.221999999999978e+01	4.999650e+00
1.222999999999978e+01	5.000057e+00
1.223999999999978e+01	5.000463e+00
1.224999999999978e+01	5.000869e+00
1.225999999999978e+01	5.001275e+00
1.226999999999978e+01	5.001679e+00
1.227999999999978e+01	5.002084e+00
1.228999999999978e+01	5.002488e+00
1.229999999999978e+01	5.002892e+00
1.230999999999978e+01	5.003295e+00
1.231999999999978e+01	5.003697e+00
1.232999999999978e+01	5.004100e+00
1.233999999999978e+01	5.004502e+00
1.234999999999978e+01	5.004903e+00
1.235999999999978e+01	5.005304e+00
1.236999999999978e+01	5.005705e+00
1.237999999999978e+01	5.006105e+00
1.238999999999978e+01	5.006505e+00
1.239999999999978e+01	5.006904e+00
1.240999999999978e+01	5.007303e+00
1.241999999999978e+01	5.007701e+00
1.242999999999978e+01	5.008100e+00
1.243999999999978e+01	5.008497e+00
1.244999999999978e+01	5.008894e+00
1.245999999999978e+01	5.009291e+00
1.246999999999978e+01	5.009688e+00
1.247999999999978e+01	5.010084e+00
1.248999999999978e+01	5.010479e+00
1.249999999999978e+01	5.010875e+00
1.250999999999978e+01	5.011270e+00
1.251999999999978e+01	5.011664e+00
1.252999999999978e+01	5.012058e+00
1.253999999999978e+01	5.012452e+00
1.254999999999978e+01	5.012846e+00
1.255999999999978e+01	5.013239e+00
1.256999999999978e+01	5.013631e+00
1.257999999999978e+01	5.014024e+00
1.258999999999978e+01	5.014416e+00
1.259999999999978e+01	5.014807e+00
1.260999999999978e+01	5.015199e+00
1.261999999999978e+01	5.015589e+00
1.262999999999978e+01	5.015980e+00
1.263999999999977e+01	5.016370e+00
1.264999999999977e+01	5.016760e+00
1.265999999999977e+01	5.017149e+00
1.266999999999977e+01	5.017539e+00
1.267999999999977e+01	5.017928e+00
1.268999999999977e+01	5.018316e+00
1.269999999999977e+01	5.018704e+00
1.270999999999977e+01	5.019092e+00
1.271999999999977e+01	5.019479e+00
1.272999999999977e+01	5.019866e+00
1.273999999999977e+01	5.020254e+00
1.274999999999977e+01	5.020640e+00
1.275999999999977e+01	5.021026e+00
1.276999999999977e+01	5.021412e+00
1.277999999999977e+01	5.021798e+00
1.278999999999977e+01	5.022183e+00
1.279999999999977e+01	5.022568e+00
1.280999999999977e+01	5.022953e+00
1.281999999999977e+01	5.023337e+00
1.282999999999977e+01	5.023721e+00
1.283999999999977e+01	5.024105e+00
1.284999999999977e+01	5.024488e+00
1.285999999999977e+01	5.024871e+00
1.286999999999977e+01	5.025254e+00
1.287999999999977e+01	5.025637e+00
1.288999999999977e+01	5.026019e+00
1.289999999999977e+01	5.026401e+00
1.290999999999977e+01	5.026783e+00
1.291999999999977e+01	5.027164e+00
1.292999999999977e+01	5.027545e+00
1.293999999999977e+01	5.027925e+00
1.294999999999977e+01	5.028306e+00
1.295999999999977e+01	5.028687e+00
1.296999999999977e+01	5.029067e+00
1.297999999999977e+01	5.029446e+00
1.298999999999977e+01	5.029826e+00
1.299999999999977e+01	5.030205e+00
1.300999999999977e+01	5.030583e+00
1.301999999999977e+01	5.030962e+00
1.302999999999977e+01	5.031341e+00
1.303999999999977e+01	5.031719e+00
1.304999999999977e+01	5.032096e+00
1.305999999999977e+01	5.032474e+00
1.306999999999977e+01	5.032851e+00
1.307999999999977e+01	5.033228e+00
1.308999999999977e+01	5.033605e+00
1.309999999999977e+01	5.033982e+00
1.310999999999976e+01	5.034358e+00
1.311999999999976e+01	5.034734e+00
1.312999999999976e+01	5.035110e+00
1.313999999999976e+01	5.035486e+00
1.314999999999976e+01	5.035861e+00
1.315999999999976e+01	5.036236e+00
1.316999999999976e+01	5.036611e+00
1.317999999999976e+01	5.036985e+00
1.318999999999976e+01	5.037360e+00
1.319999999999976e+01	5.037734e+00
1.320999999999976e+01	5.038108e+00
1.321999999999976e+01	5.038482e+00
1.322999999999976e+01	5.038855e+00
1.323999999999976e+01	5.039228e+00
1.324999999999976e+01	5.039601e+00
1.325999999999976e+01	5.039974e+00
1.326999999999976e+01	5.040346e+00
1.327999999999976e+01	5.040719e+00
1.328999999999976e+01	5.041090e+00
1.329999999999976e+01	5.041462e+00
1.330999999999976e+01	5.041834e+00
1.331999999999976e+01	5.042205e+00
1.332999999999976e+01	5.042577e+00
1.333999999999976e+01	5.042948e+00
1.334999999999976e+01	5.043318e+00
1.335999999999976e+01	5.043689e+00
1.336999999999976e+01	5.044059e+00
1.337999999999976e+01	5.044429e+00
1.338999999999976e+01	5.044799e+00
1.339999999999976e+01	5.045169e+00
1.340999999999976e+01	5.045538e+00
1.341999999999976e+01	5.045908e+00
1.342999999999976e+01	5.046277e+00
1.343999999999976e+01	5.046646e+00
1.344999999999976e+01	5.047015e+00
1.345999999999976e+01	5.047383e+00
1.346999999999976e+01	5.047751e+00
1.347999999999976e+01	5.048120e+00
1.348999999999976e+01	5.048487e+00
1.349999999999976e+01	5.048855e+00
1.350999999999976e+01	5.049222e+00
1.351999999999976e+01	5.049590e+00
1.352999999999976e+01	5.049957e+00
1.353999999999976e+01	5.050324e+00
1.354999999999976e+01	5.050691e+00
1.355999999999976e+01	5.051057e+00
1.356999999999976e+01	5.051424e+00
1.357999999999975e+01	5.051790e+00
1.358999999999975e+01	5.052155e+00
1.359999999999975e+01	5.052522e+00
1.360999999999975e+01	5.052887e+00
1.361999999999975e+01	5.053253e+00
1.362999999999975e+01	5.053618e+00
1.363999999999975e+01	5.053983e+00
1.364999999999975e+01	5.054348e+00
1.365999999999975e+01	5.054713e+00
1.366999999999975e+01	5.055077e+00
1.367999999999975e+01	5.055442e+00
1.368999999999975e+01	5.055806e+00
1.369999999999975e+01	5.056170e+00
1.370999999999975e+01	5.056534e+00
1.371999999999975e+01	5.056898e+00
1.372999999999975e+01	5.057261e+00
1.373999999999975e+01	5.057624e+00
1.374999999999975e+01	5.057988e+00
1.375999999999975e+01	5.058351e+00
1.376999999999975e+01	5.058713e+00
1.377999999999975e+01	5.059076e+00
1.378999999999975e+01	5.059439e+00
1.379999999999975e+01	5.059801e+00
1.380999999999975e+01	5.060163e+00
1.381999999999975e+01	5.060525e+00
1.382999999999975e+01	5.060887e+00
1.383999999999975e+01	5.061249e+00
1.384999999999975e+01	5.061611e+00
1.385999999999975e+01	5.061972e+00
1.386999999999975e+01	5.062334e+00
1.387999999999975e+01	5.062695e+00
1.388999999999975e+01	5.063056e+00
1.389999999999975e+01	5.063416e+00
1.390999999999975e+01	5.063777e+00
1.391999999999975e+01	5.064138e+00
1.392999999999975e+01	5.064498e+00
1.393999999999975e+01	5.064858e+00
1.394999999999975e+01	5.065218e+00
1.395999999999975e+01	5.065578e+00
1.396999999999975e+01	5.065938e+00
1.397999999999975e+01	5.066298e+00
1.398999999999975e+01	5.066658e+00
1.399999999999975e+01	5.067017e+00
1.400999999999975e+01	5.067376e+00
1.401999999999975e+01	5.067735e+00
1.402999999999975e+01	5.068094e+00
1.403999999999975e+01	5.068453e+00
1.404999999999974e+01	5.068812e+00
1.405999999999974e+01	5.069170e+00
1.406999999999974e+01	5.069529e+00
1.407999999999974e+01	5.069887e+00
1.408999999999974e+01	5.070245e+00
1.409999999999974e+01	5.070603e+00
1.410999999999974e+01	5.070961e+00
1.411999999999974e+01	5.071319e+00
1.412999999999974e+01	5.071676e+00
1.413999999999974e+01	5.072034e+00
1.414999999999974e+01	5.072391e+00
1.415999999999974e+01	5.072748e+00
1.416999999999974e+01	5.073105e+00
1.417999999999974e+01	5.073462e+00
1.418999999999974e+01	5.073819e+00
1.419999999999974e+01	5.074176e+00
1.420999999999974e+01	5.074533e+00
1.421999999999974e+01	5.074889e+00
1.422999999999974e+01	5.075245e+00
1.423999999999974e+01	5.075601e+00
1.424999999999974e+01	5.075957e+00
1.425999999999974e+01	5.076313e+00
1.426999999999974e+01	5.076669e+00
1.427999999999974e+01	5.077025e+00
1.428999999999974e+01	5.077381e+00
1.429999999999974e+01	5.077736e+00
1.430999999999974e+01	5.078091e+00
1.431999999999974e+01	5.078446e+00
1.432999999999974e+01	5.078802e+00
1.433999999999974e+01	5.079157e+00
1.434999999999974e+01	5.079512e+00
1.435999999999974e+01	5.079866e+00
1.436999999999974e+01	5.080221e+00
1.437999999999974e+01	5.080575e+00
1.438999999999974e+01	5.080930e+00
1.439999999999974e+01	5.081285e+00
1.440999999999974e+01	5.081639e+00
1.441999999999974e+01	5.081993e+00
1.442999999999974e+01	5.082347e+00
1.443999999999974e+01	5.082701e+00
1.444999999999974e+01	5.083055e+00
1.445999999999974e+01	5.083408e+00
1.446999999999974e+01	5.083762e+00
1.447999999999974e+01	5.084115e+00
1.448999999999974e+01	5.084468e+00
1.449999999999974e+01	5.084822e+00
1.450999999999974e+01	5.085175e+00
1.451999999999973e+01	5.085528e+00
1.452999999999973e+01	5.085881e+00
1.453999999999973e+01	5.086234e+00
1.454999999999973e+01	5.086586e+00
1.455999999999973e+01	5.086939e+00
1.456999999999973e+01	5.087292e+00
1.457999999999973e+01	5.087644e+00
1.458999999999973e+01	5.087996e+00
1.459999999999973e+01	5.088349e+00
1.460999999999973e+01	5.088701e+00
1.461999999999973e+01	5.089053e+00
1.462999999999973e+01	5.089405e+00
1.463999999999973e+01	5.089756e+00
1.464999999999973e+01	5.090108e+00
1.465999999999973e+01	5.090460e+00
1.466999999999973e+01	5.090812e+00
1.467999999999973e+01	5.091163e+00
1.468999999999973e+01	5.091515e+00
1.469999999999973e+01	5.091866e+00
1.470999999999973e+01	5.092217e+00
1.471999999999973e+01	5.092568e+00
1.472999999999973e+01	5.092919e+00
1.473999999999973e+01	5.093270e+00
1.474999999999973e+01	5.093621e+00
1.475999999999973e+01	5.093972e+00
1.476999999999973e+01	5.094322e+00
1.477999999999973e+01	5.094673e+00
1.478999999999973e+01	5.095023e+00
1.479999999999973e+01	5.095374e+00
1.480999999999973e+01	5.095724e+00
1.481999999999973e+01	5.096074e+00
1.482999999999973e+01	5.096424e+00
1.483999999999973e+01	5.096774e+00
1.484999999999973e+01	5.097124e+00
1.485999999999973e+01	5.097474e+00
1.486999999999973e+01	5.097824e+00
1.487999999999973e+01	5.098174e+00
1.488999999999973e+01	5.098523e+00
1.489999999999973e+01	5.098873e+00
1.490999999999973e+01	5.099222e+00
1.491999999999973e+01	5.099572e+00
1.492999999999973e+01	5.099921e+00
1.493999999999973e+01	5.100270e+00
1.494999999999973e+01	5.100619e+00
1.495999999999973e+01	5.100968e+00
1.496999999999973e+01	5.101317e+00
1.497999999999973e+01	5.101666e+00
1.498999999999972e+01	5.102015e+00
1.499999999999972e+01	5.102364e+00
1.500999999999972e+01	5.102712e+00
1.501999999999972e+01	5.103061e+00
1.502999999999972e+01	5.103409e+00
1.503999999999972e+01	5.103758e+00
1.504999999999972e+01	5.104106e+00
1.505999999999972e+01	5.104455e+00
1.506999999999972e+01	5.104803e+00
1.507999999999972e+01	5.105151e+00
1.508999999999972e+01	5.105499e+00
1.509999999999972e+01	5.105847e+00
1.510999999999972e+01	5.106195e+00
1.511999999999972e+01	5.106543e+00
1.512999999999972e+01	5.106891e+00
1.513999999999972e+01	5.107238e+00
1.514999999999972e+01	5.107586e+00
1.515999999999972e+01	5.107934e+00
1.516999999999972e+01	5.108281e+00
1.517999999999972e+01	5.108628e+00
1.518999999999972e+01	5.108976e+00
1.519999999999972e+01	5.109323e+00
1.520999999999972e+01	5.109670e+00
1.521999999999972e+01	5.110017e+00
1.522999999999972e+01	5.110364e+00
1.523999999999972e+01	5.110712e+00
1.524999999999972e+01	5.111058e+00
1.525999999999972e+01	5.111405e+00
1.526999999999972e+01	5.111752e+00
1.527999999999972e+01	5.112099e+00
1.528999999999972e+01	5.112445e+00
1.529999999999972e+01	5.112792e+00
1.530999999999972e+01	5.113139e+00
1.531999999999972e+01	5.113485e+00
1.532999999999972e+01	5.113832e+00
1.533999999999972e+01	5.114178e+00
1.534999999999972e+01	5.114524e+00
1.535999999999972e+01	5.114871e+00
1.536999999999972e+01	5.115217e+00
1.537999999999972e+01	5.115563e+00
1.538999999999972e+01	5.115909e+00
1.539999999999972e+01	5.116255e+00
1.540999999999972e+01	5.116601e+00
1.541999999999972e+01	5.116947e+00
1.542999999999972e+01	5.117293e+00
1.543999999999972e+01	5.117639e+00
1.544999999999972e+01	5.117984e+00
1.545999999999971e+01	5.118330e+00
1.546999999999971e+01	5.118676e+00
1.547999999999971e+01	5.119021e+00
1.548999999999971e+01	5.119367e+00
1.549999999999971e+01	5.119712e+00
1.550999999999971e+01	5.120057e+00
1.551999999999971e+01	5.120403e+00
1.552999999999971e+01	5.120748e+00
1.553999999999971e+01	5.121093e+00
1.554999999999971e+01	5.121439e+00
1.555999999999971e+01	5.121783e+00
1.556999999999971e+01	5.122128e+00
1.557999999999971e+01	5.122473e+00
1.558999999999971e+01	5.122818e+00
1.559999999999971e+01	5.123163e+00
1.560999999999971e+01	5.123508e+00
1.561999999999971e+01	5.123853e+00
1.562999999999971e+01	5.124197e+00
1.563999999999971e+01	5.124542e+00
1.564999999999971e+01	5.124887e+00
1.565999999999971e+01	5.125231e+00
1.566999999999971e+01	5.125576e+00
1.567999999999971e+01	5.125920e+00
1.568999999999971e+01	5.126265e+00
1.569999999999971e+01	5.126609e+00
1.570999999999971e+01	5.126954e+00
1.571999999999971e+01	5.127298e+00
1.572999999999971e+01	5.127642e+00
1.573999999999971e+01	5.127986e+00
1.574999999999971e+01	5.128331e+00
1.575999999999971e+01	5.128675e+00
1.576999999999971e+01	5.129019e+00
1.577999999999971e+01	5.129363e+00
1.578999999999971e+01	5.129706e+00
1.579999999999971e+01	5.130051e+00
1.580999999999971e+01	5.130394e+00
1.581999999999971e+01	5.130738e+00
1.582999999999971e+01	5.131082e+00
1.583999999999971e+01	5.131426e+00
1.584999999999971e+01	5.131769e+00
1.585999999999971e+01	5.132113e+00
1.586999999999971e+01	5.132456e+00
1.587999999999971e+01	5.132800e+00
1.588999999999971e+01	5.133143e+00
1.589999999999971e+01	5.133487e+00
1.590999999999971e+01	5.133831e+00
1.591999999999971e+01	5.134174e+00
1.592999999999970e+01	5.134517e+00
1.593999999999970e+01	5.134861e+00
1.594999999999970e+01	5.135204e+00
1.595999999999970e+01	5.135547e+00
1.596999999999970e+01	5.135890e+00
1.597999999999970e+01	5.136233e+00
1.598999999999970e+01	5.136576e+00
1.599999999999970e+01	5.136919e+00
1.600999999999970e+01	5.137262e+00
1.601999999999970e+01	5.137605e+00
1.602999999999971e+01	5.137948e+00
1.603999999999971e+01	5.138291e+00
1.604999999999971e+01	5.138634e+00
1.605999999999971e+01	5.138977e+00
1.606999999999971e+01	5.139319e+00
1.607999999999971e+01	5.139662e+00
1.608999999999972e+01	5.140005e+00
1.609999999999972e+01	5.140347e+00
1.610999999999972e+01	5.140690e+00
1.611999999999972e+01	5.141033e+00
1.612999999999972e+01	5.141376e+00
1.613999999999972e+01	5.141718e+00
1.614999999999973e+01	5.142060e+00
1.615999999999973e+01	5.142403e+00
1.616999999999973e+01	5.142745e+00
1.617999999999973e+01	5.143088e+00
1.618999999999973e+01	5.143430e+00
1.619999999999973e+01	5.143772e+00
1.620999999999973e+01	5.144114e+00
1.621999999999974e+01	5.144457e+00
1.622999999999974e+01	5.144799e+00
1.623999999999974e+01	5.145141e+00
1.624999999999974e+01	5.145483e+00
1.625999999999974e+01	5.145825e+00
1.626999999999974e+01	5.146168e+00
1.627999999999975e+01	5.146510e+00
1.628999999999975e+01	5.146852e+00
1.629999999999975e+01	5.147193e+00
1.630999999999975e+01	5.147535e+00
1.631999999999975e+01	5.147877e+00
1.632999999999975e+01	5.148219e+00
1.633999999999975e+01	5.148561e+00
1.634999999999976e+01	5.148903e+00
1.635999999999976e+01	5.149245e+00
1.636999999999976e+01	5.149587e+00
1.637999999999976e+01	5.149928e+00
1.638999999999976e+01	5.150270e+00
1.639999999999976e+01	5.150612e+00
1.640999999999977e+01	5.150953e+00
1.641999999999977e+01	5.151295e+00
1.642999999999977e+01	5.151637e+00
1.643999999999977e+01	5.151978e+00
1.644999999999977e+01	5.152319e+00
1.645999999999977e+01	5.152661e+00
1.646999999999978e+01	5.153003e+00
1.647999999999978e+01	5.153344e+00
1.648999999999978e+01	5.153686e+00
1.649999999999978e+01	5.154027e+00
1.650999999999978e+01	5.154368e+00
1.651999999999978e+01	5.154709e+00
1.652999999999978e+01	5.155051e+00
1.653999999999979e+01	5.155392e+00
1.654999999999979e+01	5.155734e+00
1.655999999999979e+01	5.156075e+00
1.656999999999979e+01	5.156416e+00
1.657999999999979e+01	5.156757e+00
1.658999999999979e+01	5.157098e+00
1.659999999999980e+01	5.157439e+00
1.660999999999980e+01	5.157780e+00
1.661999999999980e+01	5.158122e+00
1.662999999999980e+01	5.158463e+00
1.663999999999980e+01	5.158803e+00
1.664999999999980e+01	5.159144e+00
1.665999999999980e+01	5.159485e+00
1.666999999999981e+01	5.159827e+00
1.667999999999981e+01	5.160168e+00
1.668999999999981e+01	5.160509e+00
1.669999999999981e+01	5.160849e+00
1.670999999999981e+01	5.161190e+00
1.671999999999981e+01	5.161531e+00
1.672999999999982e+01	5.161872e+00
1.673999999999982e+01	5.162213e+00
1.674999999999982e+01	5.162553e+00
1.675999999999982e+01	5.162894e+00
1.676999999999982e+01	5.163235e+00
1.677999999999982e+01	5.163576e+00
1.678999999999983e+01	5.163917e+00
1.679999999999983e+01	5.164257e+00
1.680999999999983e+01	5.164598e+00
1.681999999999983e+01	5.164938e+00
1.682999999999983e+01	5.165279e+00
1.683999999999983e+01	5.165619e+00
1.684999999999983e+01	5.165960e+00
1.685999999999984e+01	5.166301e+00
1.686999999999984e+01	5.166641e+00
1.687999999999984e+01	5.166982e+00
1.688999999999984e+01	5.167322e+00
1.689999999999984e+01	5.167663e+00
1.690999999999984e+01	5.168003e+00
1.691999999999985e+01	5.168344e+00
1.692999999999985e+01	5.168684e+00
1.693999999999985e+01	5.169024e+00
1.694999999999985e+01	5.169365e+00
1.695999999999985e+01	5.169705e+00
1.696999999999985e+01	5.170046e+00
1.697999999999985e+01	5.170386e+00
1.698999999999986e+01	5.170726e+00
1.699999999999986e+01	5.171067e+00
1.700999999999986e+01	5.171407e+00
1.701999999999986e+01	5.171747e+00
1.702999999999986e+01	5.172088e+00
1.703999999999986e+01	5.172428e+00
1.704999999999987e+01	5.172768e+00
1.705999999999987e+01	5.173108e+00
1.706999999999987e+01	5.173449e+00
1.707999999999987e+01	5.173789e+00
1.708999999999987e+01	5.174129e+00
1.709999999999987e+01	5.174469e+00
1.710999999999988e+01	5.174809e+00
1.711999999999988e+01	5.175149e+00
1.712999999999988e+01	5.175489e+00
1.713999999999988e+01	5.175829e+00
1.714999999999988e+01	5.176169e+00
1.715999999999988e+01	5.176509e+00
1.716999999999988e+01	5.176850e+00
1.717999999999989e+01	5.177190e+00
1.718999999999989e+01	5.177530e+00
1.719999999999989e+01	5.177870e+00
1.720999999999989e+01	5.178210e+00
1.721999999999989e+01	5.178550e+00
1.722999999999989e+01	5.178890e+00
1.723999999999990e+01	5.179230e+00
1.724999999999990e+01	5.179570e+00
1.725999999999990e+01	5.179910e+00
1.726999999999990e+01	5.180250e+00
1.727999999999990e+01	5.180589e+00
1.728999999999990e+01	5.180929e+00
1.729999999999990e+01	5.181269e+00
1.730999999999991e+01	5.181609e+00
1.731999999999991e+01	5.181949e+00
1.732999999999991e+01	5.182289e+00
1.733999999999991e+01	5.182629e+00
1.734999999999991e+01	5.182969e+00
1.735999999999991e+01	5.183309e+00
1.736999999999992e+01	5.183648e+00
1.737999999999992e+01	5.183988e+00
1.738999999999992e+01	5.184328e+00
1.739999999999992e+01	5.184668e+00
1.740999999999992e+01	5.185008e+00
1.741999999999992e+01	5.185347e+00
1.742999999999993e+01	5.185687e+00
1.743999999999993e+01	5.186027e+00
1.744999999999993e+01	5.186367e+00
1.745999999999993e+01	5.186706e+00
1.746999999999993e+01	5.187046e+00
1.747999999999993e+01	5.187386e+00
1.748999999999993e+01	5.187726e+00
1.749999999999994e+01	5.188065e+00
1.750999999999994e+01	5.188405e+00
1.751999999999994e+01	5.188745e+00
1.752999999999994e+01	5.189084e+00
1.753999999999994e+01	5.189424e+00
1.754999999999994e+01	5.189764e+00
1.755999999999995e+01	5.190103e+00
1.756999999999995e+01	5.190443e+00
1.757999999999995e+01	5.190783e+00
1.758999999999995e+01	5.191122e+00
1.759999999999995e+01	5.191462e+00
1.760999999999995e+01	5.191801e+00
1.761999999999995e+01	5.192141e+00
1.762999999999996e+01	5.192481e+00
1.763999999999996e+01	5.192820e+00
1.764999999999996e+01	5.193160e+00
1.765999999999996e+01	5.193499e+00
1.766999999999996e+01	5.193839e+00
1.767999999999996e+01	5.194179e+00
1.768999999999997e+01	5.194518e+00
1.769999999999997e+01	5.194858e+00
1.770999999999997e+01	5.195197e+00
1.771999999999997e+01	5.195537e+00
1.772999999999997e+01	5.195876e+00
1.773999999999997e+01	5.196216e+00
1.774999999999998e+01	5.196556e+00
1.775999999999998e+01	5.196895e+00
1.776999999999998e+01	5.197235e+00
1.777999999999998e+01	5.197574e+00
1.778999999999998e+01	5.197914e+00
1.779999999999998e+01	5.198253e+00
1.780999999999998e+01	5.198593e+00
1.781999999999999e+01	5.198932e+00
1.782999999999999e+01	5.199272e+00
1.783999999999999e+01	5.199611e+00
1.784999999999999e+01	5.199951e+00
1.785999999999999e+01	5.200290e+00
1.786999999999999e+01	5.200630e+00
1.788000000000000e+01	5.200969e+00
1.789000000000000e+01	5.201309e+00
1.790000000000000e+01	5.201648e+00
1.791000000000000e+01	5.201988e+00
1.792000000000000e+01	5.202327e+00
1.793000000000000e+01	5.202667e+00
1.794000000000000e+01	5.203006e+00
1.795000000000001e+01	5.203346e+00
1.796000000000001e+01	5.203685e+00
1.797000000000001e+01	5.204024e+00
1.798000000000001e+01	5.204364e+00
1.799000000000001e+01	5.204703e+00
1.800000000000001e+01	5.205043e+00
1.801000000000002e+01	5.205382e+00
1.802000000000002e+01	5.205722e+00
1.803000000000002e+01	5.206061e+00
1.804000000000002e+01	5.206401e+00
1.805000000000002e+01	5.206740e+00
1.806000000000002e+01	5.207080e+00
1.807000000000003e+01	5.207419e+00
1.808000000000003e+01	5.207759e+00
1.809000000000003e+01	5.208098e+00
1.810000000000003e+01	5.208438e+00
1.811000000000003e+01	5.208777e+00
1.812000000000003e+01	5.209116e+00
1.813000000000003e+01	5.209456e+00
1.814000000000004e+01	5.209795e+00
1.815000000000004e+01	5.210135e+00
1.816000000000004e+01	5.210474e+00
1.817000000000004e+01	5.210814e+00
1.818000000000004e+01	5.211154e+00
1.819000000000004e+01	5.211493e+00
1.820000000000005e+01	5.211833e+00
1.821000000000005e+01	5.212172e+00
1.822000000000005e+01	5.212512e+00
1.823000000000005e+01	5.212851e+00
1.824000000000005e+01	5.213191e+00
1.825000000000005e+01	5.213530e+00
1.826000000000005e+01	5.213870e+00
1.827000000000006e+01	5.214209e+00
1.828000000000006e+01	5.214549e+00
1.829000000000006e+01	5.214888e+00
1.830000000000006e+01	5.215228e+00
1.831000000000006e+01	5.215567e+00
1.832000000000006e+01	5.215907e+00
1.833000000000007e+01	5.216246e+00
1.834000000000007e+01	5.216586e+00
1.835000000000007e+01	5.216925e+00
1.836000000000007e+01	5.217265e+00
1.837000000000007e+01	5.217604e+00
1.838000000000007e+01	5.217944e+00
1.839000000000008e+01	5.218283e+00
1.840000000000008e+01	5.218623e+00
1.841000000000008e+01	5.218962e+00
1.842000000000008e+01	5.219302e+00
1.843000000000008e+01	5.219641e+00
1.844000000000008e+01	5.219981e+00
1.845000000000008e+01	5.220320e+00
1.846000000000009e+01	5.220660e+00
1.847000000000009e+01	5.220999e+00
1.848000000000009e+01	5.221339e+00
1.849000000000009e+01	5.221678e+00
1.850000000000009e+01	5.222018e+00
1.851000000000009e+01	5.222358e+00
1.852000000000010e+01	5.222697e+00
1.853000000000010e+01	5.223037e+00
1.854000000000010e+01	5.223376e+00
1.855000000000010e+01	5.223716e+00
1.856000000000010e+01	5.224056e+00
1.857000000000010e+01	5.224395e+00
1.858000000000010e+01	5.224735e+00
1.859000000000011e+01	5.225074e+00
1.860000000000011e+01	5.225414e+00
1.861000000000011e+01	5.225754e+00
1.862000000000011e+01	5.226093e+00
1.863000000000011e+01	5.226433e+00
1.864000000000011e+01	5.226773e+00
1.865000000000012e+01	5.227112e+00
1.866000000000012e+01	5.227452e+00
1.867000000000012e+01	5.227792e+00
1.868000000000012e+01	5.228131e+00
1.869000000000012e+01	5.228471e+00
1.870000000000012e+01	5.228811e+00
1.871000000000013e+01	5.229150e+00
1.872000000000013e+01	5.229490e+00
1.873000000000013e+01	5.229830e+00
1.874000000000013e+01	5.230169e+00
1.875000000000013e+01	5.230509e+00
1.876000000000013e+01	5.230849e+00
1.877000000000013e+01	5.231189e+00
1.878000000000014e+01	5.231528e+00
1.879000000000014e+01	5.231868e+00
1.880000000000014e+01	5.232208e+00
1.881000000000014e+01	5.232548e+00
1.882000000000014e+01	5.232887e+00
1.883000000000014e+01	5.233227e+00
1.884000000000015e+01	5.233567e+00
1.885000000000015e+01	5.233907e+00
1.886000000000015e+01	5.234247e+00
1.887000000000015e+01	5.234586e+00
1.888000000000015e+01	5.234926e+00
1.889000000000015e+01	5.235266e+00
1.890000000000015e+01	5.235606e+00
1.891000000000016e+01	5.235946e+00
1.892000000000016e+01	5.236286e+00
1.893000000000016e+01	5.236626e+00
1.894000000000016e+01	5.236965e+00
1.895000000000016e+01	5.237305e+00
1.896000000000016e+01	5.237645e+00
1.897000000000017e+01	5.237985e+00
1.898000000000017e+01	5.238325e+00
1.899000000000017e+01	5.238665e+00
1.900000000000017e+01	5.239005e+00
1.901000000000017e+01	5.239345e+00
1.902000000000017e+01	5.239685e+00
1.903000000000018e+01	5.240025e+00
1.904000000000018e+01	5.240365e+00
1.905000000000018e+01	5.240705e+00
1.906000000000018e+01	5.241045e+00
1.907000000000018e+01	5.241385e+00
1.908000000000018e+01	5.241724e+00
1.909000000000018e+01	5.242064e+00
1.910000000000019e+01	5.242404e+00
1.911000000000019e+01	5.242744e+00
1.912000000000019e+01	5.243085e+00
1.913000000000019e+01	5.243425e+00
1.914000000000019e+01	5.243765e+00
1.915000000000019e+01	5.244105e+00
1.916000000000020e+01	5.244445e+00
1.917000000000020e+01	5.244785e+00
1.918000000000020e+01	5.245125e+00
1.919000000000020e+01	5.245465e+00
1.920000000000020e+01	5.245806e+00
1.921000000000020e+01	5.246146e+00
1.922000000000020e+01	5.246486e+00
1.923000000000021e+01	5.246826e+00
1.924000000000021e+01	5.247166e+00
1.925000000000021e+01	5.247507e+00
1.926000000000021e+01	5.247847e+00
1.927000000000021e+01	5.248187e+00
1.928000000000021e+01	5.248527e+00
1.929000000000022e+01	5.248868e+00
1.930000000000022e+01	5.249207e+00
1.931000000000022e+01	5.249548e+00
1.932000000000022e+01	5.249888e+00
1.933000000000022e+01	5.250228e+00
1.934000000000022e+01	5.250569e+00
1.935000000000023e+01	5.250909e+00
1.936000000000023e+01	5.251249e+00
1.937000000000023e+01	5.251590e+00
1.938000000000023e+01	5.251930e+00
1.939000000000023e+01	5.252271e+00
1.940000000000023e+01	5.252611e+00
1.941000000000023e+01	5.252951e+00
1.942000000000024e+01	5.253292e+00
1.943000000000024e+01	5.253632e+00
1.944000000000024e+01	5.253973e+00
1.945000000000024e+01	5.254313e+00
1.946000000000024e+01	5.254653e+00
1.947000000000024e+01	5.254994e+00
1.948000000000025e+01	5.255334e+00
1.949000000000025e+01	5.255675e+00
1.950000000000025e+01	5.256015e+00
1.951000000000025e+01	5.256356e+00
1.952000000000025e+01	5.256697e+00
1.953000000000025e+01	5.257037e+00
1.954000000000025e+01	5.257378e+00
1.955000000000026e+01	5.257718e+00
1.956000000000026e+01	5.258059e+00
1.957000000000026e+01	5.258399e+00
1.958000000000026e+01	5.258740e+00
1.959000000000026e+01	5.259081e+00
1.960000000000026e+01	5.259421e+00
1.961000000000027e+01	5.259762e+00
1.962000000000027e+01	5.260103e+00
1.963000000000027e+01	5.260443e+00
1.964000000000027e+01	5.260784e+00
1.965000000000027e+01	5.261125e+00
1.966000000000027e+01	5.261466e+00
1.967000000000028e+01	5.261806e+00
1.968000000000028e+01	5.262147e+00
1.969000000000028e+01	5.262488e+00
1.970000000000028e+01	5.262829e+00
1.971000000000028e+01	5.263170e+00
1.972000000000028e+01	5.263510e+00
1.973000000000028e+01	5.263851e+00
1.974000000000029e+01	5.264192e+00
1.975000000000029e+01	5.264533e+00
1.976000000000029e+01	5.264874e+00
1.977000000000029e+01	5.265215e+00
1.978000000000029e+01	5.265556e+00
1.979000000000029e+01	5.265897e+00
1.980000000000030e+01	5.266238e+00
1.981000000000030e+01	5.266579e+00
1.982000000000030e+01	5.266920e+00
1.983000000000030e+01	5.267261e+00
1.984000000000030e+01	5.267601e+00
1.985000000000030e+01	5.267943e+00
1.986000000000030e+01	5.268284e+00
1.987000000000031e+01	5.268625e+00
1.988000000000031e+01	5.268966e+00
1.989000000000031e+01	5.269307e+00
1.990000000000031e+01	5.269648e+00
1.991000000000031e+01	5.269989e+00
1.992000000000031e+01	5.270330e+00
1.993000000000032e+01	5.270671e+00
1.994000000000032e+01	5.271013e+00
1.995000000000032e+01	5.271354e+00
1.996000000000032e+01	5.271695e+00
1.997000000000032e+01	5.272037e+00
1.998000000000032e+01	5.272377e+00
1.999000000000033e+01	5.272719e+00
2.000000000000033e+01	5.273060e+00
2.001000000000033e+01	5.273402e+00
2.002000000000033e+01	5.273743e+00
2.003000000000033e+01	5.274084e+00
2.004000000000033e+01	5.274426e+00
2.005000000000033e+01	5.274767e+00
2.006000000000034e+01	5.275108e+00
2.007000000000034e+01	5.275450e+00
2.008000000000034e+01	5.275791e+00
2.009000000000034e+01	5.276133e+00
2.010000000000034e+01	5.276474e+00
2.011000000000034e+01	5.276816e+00
2.012000000000035e+01	5.277157e+00
2.013000000000035e+01	5.277499e+00
2.014000000000035e+01	5.277840e+00
2.015000000000035e+01	5.278182e+00
2.016000000000035e+01	5.278523e+00
2.017000000000035e+01	5.278865e+00
2.018000000000035e+01	5.279207e+00
2.019000000000036e+01	5.279548e+00
2.020000000000036e+01	5.279890e+00
2.021000000000036e+01	5.280231e+00
2.022000000000036e+01	5.280573e+00
2.023000000000036e+01	5.280915e+00
2.024000000000036e+01	5.281257e+00
2.025000000000037e+01	5.281599e+00
2.026000000000037e+01	5.281940e+00
2.027000000000037e+01	5.282282e+00
2.028000000000037e+01	5.282624e+00
2.029000000000037e+01	5.282966e+00
2.030000000000037e+01	5.283308e+00
2.031000000000038e+01	5.283649e+00
2.032000000000038e+01	5.283991e+00
2.033000000000038e+01	5.284333e+00
2.034000000000038e+01	5.284675e+00
2.035000000000038e+01	5.285017e+00
2.036000000000038e+01	5.285359e+00
2.037000000000038e+01	5.285701e+00
2.038000000000039e+01	5.286043e+00
2.039000000000039e+01	5.286385e+00
2.040000000000039e+01	5.286727e+00
2.041000000000039e+01	5.287069e+00
2.042000000000039e+01	5.287411e+00
2.043000000000039e+01	5.287753e+00
2.044000000000040e+01	5.288095e+00
2.045000000000040e+01	5.288437e+00
2.046000000000040e+01	5.288779e+00
2.047000000000040e+01	5.289122e+00
2.048000000000040e+01	5.289464e+00
2.049000000000040e+01	5.289806e+00
2.050000000000041e+01	5.290148e+00
2.051000000000041e+01	5.290491e+00
2.052000000000041e+01	5.290833e+00
2.053000000000041e+01	5.291175e+00
2.054000000000041e+01	5.291517e+00
2.055000000000041e+01	5.291860e+00
2.056000000000041e+01	5.292202e+00
2.057000000000042e+01	5.292544e+00
2.058000000000042e+01	5.292887e+00
2.059000000000042e+01	5.293229e+00
2.060000000000042e+01	5.293572e+00
2.061000000000042e+01	5.293914e+00
2.062000000000042e+01	5.294257e+00
2.063000000000043e+01	5.294599e+00
2.064000000000043e+01	5.294942e+00
2.065000000000043e+01	5.295284e+00
2.066000000000043e+01	5.295627e+00
2.067000000000043e+01	5.295969e+00
2.068000000000043e+01	5.296312e+00
2.069000000000043e+01	5.296655e+00
2.070000000000044e+01	5.296997e+00
2.071000000000044e+01	5.297340e+00
2.072000000000044e+01	5.297683e+00
2.073000000000044e+01	5.298025e+00
2.074000000000044e+01	5.298368e+00
2.075000000000044e+01	5.298711e+00
2.076000000000045e+01	5.299054e+00
2.077000000000045e+01	5.299397e+00
2.078000000000045e+01	5.299739e+00
2.079000000000045e+01	5.300082e+00
2.080000000000045e+01	5.300425e+00
2.081000000000045e+01	5.300768e+00
2.082000000000046e+01	5.301111e+00
2.083000000000046e+01	5.301454e+00
2.084000000000046e+01	5.301796e+00
2.085000000000046e+01	5.302140e+00
2.086000000000046e+01	5.302483e+00
2.087000000000046e+01	5.302825e+00
2.088000000000046e+01	5.303169e+00
2.089000000000047e+01	5.303512e+00
2.090000000000047e+01	5.303855e+00
2.091000000000047e+01	5.304198e+00
2.092000000000047e+01	5.304541e+00
2.093000000000047e+01	5.304884e+00
2.094000000000047e+01	5.305227e+00
2.095000000000048e+01	5.305571e+00
2.096000000000048e+01	5.305914e+00
2.097000000000048e+01	5.306257e+00
2.098000000000048e+01	5.306601e+00
2.099000000000048e+01	5.306943e+00
2.100000000000048e+01	5.307287e+00
2.101000000000048e+01	5.307630e+00
2.102000000000049e+01	5.307974e+00
2.103000000000049e+01	5.308317e+00
2.104000000000049e+01	5.308661e+00
2.105000000000049e+01	5.309004e+00
2.106000000000049e+01	5.309347e+00
2.107000000000049e+01	5.309691e+00
2.108000000000050e+01	5.310034e+00
2.109000000000050e+01	5.310378e+00
2.110000000000050e+01	5.310721e+00
2.111000000000050e+01	5.311065e+00
2.112000000000050e+01	5.311409e+00
2.113000000000050e+01	5.311752e+00
2.114000000000051e+01	5.312096e+00
2.115000000000051e+01	5.312439e+00
2.116000000000051e+01	5.312783e+00
2.117000000000051e+01	5.313127e+00
2.118000000000051e+01	5.313470e+00
2.119000000000051e+01	5.313814e+00
2.120000000000051e+01	5.314158e+00
2.121000000000052e+01	5.314502e+00
2.122000000000052e+01	5.314846e+00
2.123000000000052e+01	5.315190e+00
2.124000000000052e+01	5.315534e+00
2.125000000000052e+01	5.315877e+00
2.126000000000052e+01	5.316221e+00
2.127000000000053e+01	5.316565e+00
2.128000000000053e+01	5.316909e+00
2.129000000000053e+01	5.317253e+00
2.130000000000053e+01	5.317597e+00
2.131000000000053e+01	5.317941e+00
2.132000000000053e+01	5.318285e+00
2.133000000000053e+01	5.318629e+00
2.134000000000054e+01	5.318974e+00
2.135000000000054e+01	5.319318e+00
2.136000000000054e+01	5.319662e+00
2.137000000000054e+01	5.320006e+00
2.138000000000054e+01	5.320350e+00
2.139000000000054e+01	5.320694e+00
2.140000000000055e+01	5.321039e+00
2.141000000000055e+01	5.321383e+00
2.142000000000055e+01	5.321727e+00
2.143000000000055e+01	5.322072e+00
2.144000000000055e+01	5.322416e+00
2.145000000000055e+01	5.322761e+00
2.146000000000056e+01	5.323105e+00
2.147000000000056e+01	5.323450e+00
2.148000000000056e+01	5.323794e+00
2.149000000000056e+01	5.324138e+00
2.150000000000056e+01	5.324483e+00
2.151000000000056e+01	5.324828e+00
2.152000000000056e+01	5.325172e+00
2.153000000000057e+01	5.325517e+00
2.154000000000057e+01	5.325861e+00
2.155000000000057e+01	5.326206e+00
2.156000000000057e+01	5.326550e+00
2.157000000000057e+01	5.326895e+00
2.158000000000057e+01	5.327240e+00
2.159000000000058e+01	5.327585e+00
2.160000000000058e+01	5.327929e+00
2.161000000000058e+01	5.328274e+00
2.162000000000058e+01	5.328619e+00
2.163000000000058e+01	5.328964e+00
2.164000000000058e+01	5.329309e+00
2.165000000000058e+01	5.329654e+00
2.166000000000059e+01	5.329998e+00
2.167000000000059e+01	5.330344e+00
2.168000000000059e+01	5.330688e+00
2.169000000000059e+01	5.331034e+00
2.170000000000059e+01	5.331378e+00
2.171000000000059e+01	5.331724e+00
2.172000000000060e+01	5.332069e+00
2.173000000000060e+01	5.332414e+00
2.174000000000060e+01	5.332759e+00
2.175000000000060e+01	5.333104e+00
2.176000000000060e+01	5.333449e+00
2.177000000000060e+01	5.333795e+00
2.178000000000061e+01	5.334140e+00
2.179000000000061e+01	5.334485e+00
2.180000000000061e+01	5.334830e+00
2.181000000000061e+01	5.335176e+00
2.182000000000061e+01	5.335521e+00
2.183000000000061e+01	5.335866e+00
2.184000000000061e+01	5.336212e+00
2.185000000000062e+01	5.336557e+00
2.186000000000062e+01	5.336903e+00
2.187000000000062e+01	5.337248e+00
2.188000000000062e+01	5.337594e+00
2.189000000000062e+01	5.337939e+00
2.190000000000062e+01	5.338284e+00
2.191000000000063e+01	5.338630e+00
2.192000000000063e+01	5.338976e+00
2.193000000000063e+01	5.339322e+00
2.194000000000063e+01	5.339667e+00
2.195000000000063e+01	5.340013e+00
2.196000000000063e+01	5.340359e+00
2.197000000000063e+01	5.340704e+00
2.198000000000064e+01	5.341050e+00
2.199000000000064e+01	5.341396e+00
2.200000000000064e+01	5.341742e+00
2.201000000000064e+01	5.342088e+00
2.202000000000064e+01	5.342433e+00
2.203000000000064e+01	5.342780e+00
2.204000000000065e+01	5.343125e+00
2.205000000000065e+01	5.343472e+00
2.206000000000065e+01	5.343817e+00
2.207000000000065e+01	5.344163e+00
2.208000000000065e+01	5.344510e+00
2.209000000000065e+01	5.344855e+00
2.210000000000066e+01	5.345201e+00
2.211000000000066e+01	5.345548e+00
2.212000000000066e+01	5.345894e+00
2.213000000000066e+01	5.346240e+00
2.214000000000066e+01	5.346586e+00
2.215000000000066e+01	5.346932e+00
2.216000000000066e+01	5.347279e+00
2.217000000000067e+01	5.347625e+00
2.218000000000067e+01	5.347971e+00
2.219000000000067e+01	5.348318e+00
2.220000000000067e+01	5.348664e+00
2.221000000000067e+01	5.349010e+00
2.222000000000067e+01	5.349357e+00
2.223000000000068e+01	5.349703e+00
2.224000000000068e+01	5.350050e+00
2.225000000000068e+01	5.350397e+00
2.226000000000068e+01	5.350743e+00
2.227000000000068e+01	5.351089e+00
2.228000000000068e+01	5.351436e+00
2.229000000000068e+01	5.351783e+00
2.230000000000069e+01	5.352129e+00
2.231000000000069e+01	5.352476e+00
2.232000000000069e+01	5.352823e+00
2.233000000000069e+01	5.353169e+00
2.234000000000069e+01	5.353516e+00
2.235000000000069e+01	5.353863e+00
2.236000000000070e+01	5.354210e+00
2.237000000000070e+01	5.354557e+00
2.238000000000070e+01	5.354904e+00
2.239000000000070e+01	5.355251e+00
2.240000000000070e+01	5.355597e+00
2.241000000000070e+01	5.355945e+00
2.242000000000071e+01	5.356291e+00
2.243000000000071e+01	5.356638e+00
2.244000000000071e+01	5.356986e+00
2.245000000000071e+01	5.357333e+00
2.246000000000071e+01	5.357680e+00
2.247000000000071e+01	5.358027e+00
2.248000000000071e+01	5.358374e+00
2.249000000000072e+01	5.358721e+00
2.250000000000072e+01	5.359068e+00
2.251000000000072e+01	5.359416e+00
2.252000000000072e+01	5.359763e+00
2.253000000000072e+01	5.360110e+00
2.254000000000072e+01	5.360458e+00
2.255000000000073e+01	5.360805e+00
2.256000000000073e+01	5.361153e+00
2.257000000000073e+01	5.361500e+00
2.258000000000073e+01	5.361847e+00
2.259000000000073e+01	5.362195e+00
2.260000000000073e+01	5.362543e+00
2.261000000000073e+01	5.362890e+00
2.262000000000074e+01	5.363237e+00
2.263000000000074e+01	5.363585e+00
2.264000000000074e+01	5.363933e+00
2.265000000000074e+01	5.364281e+00
2.266000000000074e+01	5.364628e+00
2.267000000000074e+01	5.364976e+00
2.268000000000075e+01	5.365324e+00
2.269000000000075e+01	5.365672e+00
2.270000000000075e+01	5.366019e+00
2.271000000000075e+01	5.366367e+00
2.272000000000075e+01	5.366715e+00
2.273000000000075e+01	5.367063e+00
2.274000000000076e+01	5.367411e+00
2.275000000000076e+01	5.367759e+00
2.276000000000076e+01	5.368107e+00
2.277000000000076e+01	5.368455e+00
2.278000000000076e+01	5.368803e+00
2.279000000000076e+01	5.369151e+00
2.280000000000076e+01	5.369499e+00
2.281000000000077e+01	5.369847e+00
2.282000000000077e+01	5.370195e+00
2.283000000000077e+01	5.370543e+00
2.284000000000077e+01	5.370892e+00
2.285000000000077e+01	5.371240e+00
2.286000000000077e+01	5.371588e+00
2.287000000000078e+01	5.371937e+00
2.288000000000078e+01	5.372285e+00
2.289000000000078e+01	5.372633e+00
2.290000000000078e+01	5.372982e+00
2.291000000000078e+01	5.373330e+00
2.292000000000078e+01	5.373679e+00
2.293000000000078e+01	5.374027e+00
2.294000000000079e+01	5.374376e+00
2.295000000000079e+01	5.374724e+00
2.296000000000079e+01	5.375073e+00
2.297000000000079e+01	5.375422e+00
2.298000000000079e+01	5.375770e+00
2.299000000000079e+01	5.376119e+00
2.300000000000080e+01	5.376468e+00
2.301000000000080e+01	5.376816e+00
2.302000000000080e+01	5.377165e+00
2.303000000000080e+01	5.377514e+00
2.304000000000080e+01	5.377863e+00
2.305000000000080e+01	5.378211e+00
2.306000000000081e+01	5.378561e+00
2.307000000000081e+01	5.378910e+00
2.308000000000081e+01	5.379259e+00
2.309000000000081e+01	5.379607e+00
2.310000000000081e+01	5.379956e+00
2.311000000000081e+01	5.380305e+00
2.312000000000081e+01	5.380654e+00
2.313000000000082e+01	5.381004e+00
2.314000000000082e+01	5.381353e+00
2.315000000000082e+01	5.381702e+00
2.316000000000082e+01	5.382051e+00
2.317000000000082e+01	5.382401e+00
2.318000000000082e+01	5.382750e+00
2.319000000000083e+01	5.383099e+00
2.320000000000083e+01	5.383448e+00
2.321000000000083e+01	5.383798e+00
2.322000000000083e+01	5.384147e+00
2.323000000000083e+01	5.384497e+00
2.324000000000083e+01	5.384846e+00
2.325000000000083e+01	5.385195e+00
2.326000000000084e+01	5.385545e+00
2.327000000000084e+01	5.385894e+00
2.328000000000084e+01	5.386244e+00
2.329000000000084e+01	5.386594e+00
2.330000000000084e+01	5.386943e+00
2.331000000000084e+01	5.387293e+00
2.332000000000085e+01	5.387643e+00
2.333000000000085e+01	5.387992e+00
2.334000000000085e+01	5.388342e+00
2.335000000000085e+01	5.388692e+00
2.336000000000085e+01	5.389042e+00
2.337000000000085e+01	5.389391e+00
2.338000000000086e+01	5.389741e+00
2.339000000000086e+01	5.390091e+00
2.340000000000086e+01	5.390441e+00
2.341000000000086e+01	5.390791e+00
2.342000000000086e+01	5.391141e+00
2.343000000000086e+01	5.391491e+00
2.344000000000086e+01	5.391841e+00
2.345000000000087e+01	5.392191e+00
2.346000000000087e+01	5.392542e+00
2.347000000000087e+01	5.392892e+00
2.348000000000087e+01	5.393242e+00
2.349000000000087e+01	5.393592e+00
2.350000000000087e+01	5.393943e+00
2.351000000000088e+01	5.394293e+00
2.352000000000088e+01	5.394643e+00
2.353000000000088e+01	5.394994e+00
2.354000000000088e+01	5.395344e+00
2.355000000000088e+01	5.395694e+00
2.356000000000088e+01	5.396045e+00
2.357000000000088e+01	5.396395e+00
2.358000000000089e+01	5.396746e+00
2.359000000000089e+01	5.397097e+00
2.360000000000089e+01	5.397447e+00
2.361000000000089e+01	5.397798e+00
2.362000000000089e+01	5.398149e+00
2.363000000000089e+01	5.398499e+00
2.364000000000090e+01	5.398850e+00
2.365000000000090e+01	5.399200e+00
2.366000000000090e+01	5.399551e+00
2.367000000000090e+01	5.399902e+00
2.368000000000090e+01	5.400253e+00
2.369000000000090e+01	5.400604e+00
2.370000000000091e+01	5.400955e+00
2.371000000000091e+01	5.401306e+00
2.372000000000091e+01	5.401657e+00
2.373000000000091e+01	5.402008e+00
2.374000000000091e+01	5.402359e+00
2.375000000000091e+01	5.402710e+00
2.376000000000091e+01	5.403061e+00
2.377000000000092e+01	5.403412e+00
2.378000000000092e+01	5.403763e+00
2.379000000000092e+01	5.404114e+00
2.380000000000092e+01	5.404466e+00
2.381000000000092e+01	5.404817e+00
2.382000000000092e+01	5.405168e+00
2.383000000000093e+01	5.405519e+00
2.384000000000093e+01	5.405871e+00
2.385000000000093e+01	5.406222e+00
2.386000000000093e+01	5.406574e+00
2.387000000000093e+01	5.406925e+00
2.388000000000093e+01	5.407277e+00
2.389000000000093e+01	5.407628e+00
2.390000000000094e+01	5.407979e+00
2.391000000000094e+01	5.408331e+00
2.392000000000094e+01	5.408683e+00
2.393000000000094e+01	5.409035e+00
2.394000000000094e+01	5.409386e+00
2.395000000000094e+01	5.409738e+00
2.396000000000095e+01	5.410090e+00
2.397000000000095e+01	5.410441e+00
2.398000000000095e+01	5.410793e+00
2.399000000000095e+01	5.411145e+00
2.400000000000000e+01	5.411497e+00
