vreg	V(vo)
0.000000000000000e+00	4.004383e-11
1.000000000000000e-02	4.923956e-08
2.000000000000000e-02	1.081547e-07
3.000000000000000e-02	1.787417e-07
4.000000000000000e-02	2.633658e-07
5.000000000000000e-02	3.648931e-07
6.000000000000000e-02	4.868050e-07
7.000000000000001e-02	6.333425e-07
8.000000000000000e-02	8.096880e-07
9.000000000000000e-02	1.022198e-06
9.999999999999999e-02	1.278698e-06
1.100000000000000e-01	1.588871e-06
1.200000000000000e-01	1.964751e-06
1.300000000000000e-01	2.421381e-06
1.400000000000000e-01	2.977670e-06
1.500000000000000e-01	3.657535e-06
1.600000000000000e-01	4.491428e-06
1.700000000000000e-01	5.518380e-06
1.800000000000000e-01	6.788755e-06
1.900000000000000e-01	8.368000e-06
2.000000000000000e-01	1.034172e-05
2.100000000000000e-01	1.282263e-05
2.200000000000001e-01	1.596004e-05
2.300000000000001e-01	1.995291e-05
2.400000000000001e-01	2.506765e-05
2.500000000000001e-01	3.166269e-05
2.600000000000001e-01	4.022201e-05
2.700000000000001e-01	5.140107e-05
2.800000000000001e-01	6.608944e-05
2.900000000000001e-01	8.549573e-05
3.000000000000001e-01	1.112620e-04
3.100000000000001e-01	1.456163e-04
3.200000000000001e-01	1.915744e-04
3.300000000000001e-01	2.532004e-04
3.400000000000001e-01	3.359376e-04
3.500000000000001e-01	4.470156e-04
3.600000000000002e-01	5.959288e-04
3.700000000000002e-01	7.949670e-04
3.800000000000002e-01	1.059746e-03
3.900000000000002e-01	1.409654e-03
4.000000000000002e-01	1.868078e-03
4.100000000000002e-01	2.462255e-03
4.200000000000002e-01	3.222587e-03
4.300000000000002e-01	4.181329e-03
4.400000000000002e-01	5.370699e-03
4.500000000000002e-01	6.820633e-03
4.600000000000002e-01	8.556568e-03
4.700000000000003e-01	1.059766e-02
4.800000000000003e-01	1.295579e-02
4.900000000000003e-01	1.563540e-02
5.000000000000002e-01	1.863413e-02
5.100000000000002e-01	2.194399e-02
5.200000000000002e-01	2.555271e-02
5.300000000000002e-01	2.944517e-02
5.400000000000003e-01	3.360454e-02
5.500000000000003e-01	3.801329e-02
5.600000000000003e-01	4.265393e-02
5.700000000000003e-01	4.750947e-02
5.800000000000003e-01	5.256374e-02
5.900000000000003e-01	5.780162e-02
6.000000000000003e-01	6.320906e-02
6.100000000000003e-01	6.877316e-02
6.200000000000003e-01	7.448205e-02
6.300000000000003e-01	8.032494e-02
6.400000000000003e-01	8.629199e-02
6.500000000000004e-01	9.237424e-02
6.600000000000004e-01	9.856352e-02
6.700000000000004e-01	1.048524e-01
6.800000000000004e-01	1.112342e-01
6.900000000000004e-01	1.177028e-01
7.000000000000004e-01	1.242524e-01
7.100000000000004e-01	1.308780e-01
7.200000000000004e-01	1.375750e-01
7.300000000000004e-01	1.443389e-01
7.400000000000004e-01	1.511659e-01
7.500000000000004e-01	1.580524e-01
7.600000000000005e-01	1.649949e-01
7.700000000000005e-01	1.719905e-01
7.800000000000005e-01	1.790362e-01
7.900000000000005e-01	1.861295e-01
8.000000000000005e-01	1.932680e-01
8.100000000000005e-01	2.004493e-01
8.200000000000005e-01	2.076713e-01
8.300000000000005e-01	2.149322e-01
8.400000000000005e-01	2.222300e-01
8.500000000000005e-01	2.295631e-01
8.600000000000005e-01	2.369299e-01
8.700000000000006e-01	2.443290e-01
8.800000000000006e-01	2.517588e-01
8.900000000000006e-01	2.592181e-01
9.000000000000006e-01	2.667058e-01
9.100000000000006e-01	2.742205e-01
9.200000000000006e-01	2.817613e-01
9.300000000000006e-01	2.893270e-01
9.400000000000006e-01	2.969168e-01
9.500000000000006e-01	3.045298e-01
9.600000000000006e-01	3.121650e-01
9.700000000000006e-01	3.198216e-01
9.800000000000006e-01	3.274989e-01
9.900000000000007e-01	3.351962e-01
1.000000000000001e+00	3.429127e-01
1.010000000000001e+00	3.506477e-01
1.020000000000001e+00	3.584008e-01
1.030000000000001e+00	3.661711e-01
1.040000000000001e+00	3.739583e-01
1.050000000000001e+00	3.817616e-01
1.060000000000001e+00	3.895807e-01
1.070000000000001e+00	3.974150e-01
1.080000000000001e+00	4.052641e-01
1.090000000000001e+00	4.131275e-01
1.100000000000001e+00	4.210047e-01
1.110000000000001e+00	4.288954e-01
1.120000000000001e+00	4.367991e-01
1.130000000000001e+00	4.447155e-01
1.140000000000001e+00	4.526442e-01
1.150000000000001e+00	4.605849e-01
1.160000000000001e+00	4.685372e-01
1.170000000000001e+00	4.765009e-01
1.180000000000001e+00	4.844755e-01
1.190000000000001e+00	4.924609e-01
1.200000000000001e+00	5.004566e-01
1.210000000000001e+00	5.084625e-01
1.220000000000001e+00	5.164784e-01
1.230000000000001e+00	5.245038e-01
1.240000000000001e+00	5.325385e-01
1.250000000000001e+00	5.405825e-01
1.260000000000001e+00	5.486354e-01
1.270000000000001e+00	5.566969e-01
1.280000000000001e+00	5.647669e-01
1.290000000000001e+00	5.728453e-01
1.300000000000001e+00	5.809317e-01
1.310000000000001e+00	5.890259e-01
1.320000000000001e+00	5.971279e-01
1.330000000000001e+00	6.052374e-01
1.340000000000001e+00	6.133543e-01
1.350000000000001e+00	6.214783e-01
1.360000000000001e+00	6.296093e-01
1.370000000000001e+00	6.377472e-01
1.380000000000001e+00	6.458918e-01
1.390000000000001e+00	6.540430e-01
1.400000000000001e+00	6.622006e-01
1.410000000000001e+00	6.703644e-01
1.420000000000001e+00	6.785344e-01
1.430000000000001e+00	6.867104e-01
1.440000000000001e+00	6.948923e-01
1.450000000000001e+00	7.030799e-01
1.460000000000001e+00	7.112732e-01
1.470000000000001e+00	7.194719e-01
1.480000000000001e+00	7.276762e-01
1.490000000000001e+00	7.358856e-01
1.500000000000001e+00	7.441003e-01
1.510000000000001e+00	7.523201e-01
1.520000000000001e+00	7.605448e-01
1.530000000000001e+00	7.687744e-01
1.540000000000001e+00	7.770088e-01
1.550000000000001e+00	7.852479e-01
1.560000000000001e+00	7.934915e-01
1.570000000000001e+00	8.017398e-01
1.580000000000001e+00	8.099924e-01
1.590000000000001e+00	8.182493e-01
1.600000000000001e+00	8.265105e-01
1.610000000000001e+00	8.347759e-01
1.620000000000001e+00	8.430454e-01
1.630000000000001e+00	8.513190e-01
1.640000000000001e+00	8.595964e-01
1.650000000000001e+00	8.678777e-01
1.660000000000001e+00	8.761628e-01
1.670000000000001e+00	8.844517e-01
1.680000000000001e+00	8.927442e-01
1.690000000000001e+00	9.010403e-01
1.700000000000001e+00	9.093400e-01
1.710000000000001e+00	9.176431e-01
1.720000000000001e+00	9.259496e-01
1.730000000000001e+00	9.342595e-01
1.740000000000001e+00	9.425726e-01
1.750000000000001e+00	9.508890e-01
1.760000000000001e+00	9.592085e-01
1.770000000000001e+00	9.675312e-01
1.780000000000001e+00	9.758570e-01
1.790000000000001e+00	9.841857e-01
1.800000000000001e+00	9.925174e-01
1.810000000000001e+00	1.000852e+00
1.820000000000001e+00	1.009189e+00
1.830000000000001e+00	1.017530e+00
1.840000000000001e+00	1.025873e+00
1.850000000000001e+00	1.034219e+00
1.860000000000001e+00	1.042567e+00
1.870000000000001e+00	1.050918e+00
1.880000000000001e+00	1.059272e+00
1.890000000000001e+00	1.067628e+00
1.900000000000001e+00	1.075987e+00
1.910000000000001e+00	1.084348e+00
1.920000000000001e+00	1.092711e+00
1.930000000000001e+00	1.101077e+00
1.940000000000002e+00	1.109445e+00
1.950000000000002e+00	1.117816e+00
1.960000000000002e+00	1.126189e+00
1.970000000000002e+00	1.134564e+00
1.980000000000002e+00	1.142941e+00
1.990000000000002e+00	1.151320e+00
2.000000000000001e+00	1.159702e+00
2.010000000000001e+00	1.168085e+00
2.020000000000001e+00	1.176471e+00
2.030000000000001e+00	1.184858e+00
2.040000000000000e+00	1.193248e+00
2.050000000000000e+00	1.201640e+00
2.060000000000000e+00	1.210033e+00
2.070000000000000e+00	1.218428e+00
2.080000000000000e+00	1.226826e+00
2.089999999999999e+00	1.235225e+00
2.099999999999999e+00	1.243626e+00
2.109999999999999e+00	1.252028e+00
2.119999999999999e+00	1.260433e+00
2.129999999999999e+00	1.268839e+00
2.139999999999998e+00	1.277246e+00
2.149999999999998e+00	1.285656e+00
2.159999999999998e+00	1.294067e+00
2.169999999999998e+00	1.302480e+00
2.179999999999997e+00	1.310894e+00
2.189999999999997e+00	1.319310e+00
2.199999999999997e+00	1.327727e+00
2.209999999999997e+00	1.336146e+00
2.219999999999997e+00	1.344566e+00
2.229999999999996e+00	1.352988e+00
2.239999999999996e+00	1.361412e+00
2.249999999999996e+00	1.369836e+00
2.259999999999996e+00	1.378262e+00
2.269999999999996e+00	1.386690e+00
2.279999999999995e+00	1.395119e+00
2.289999999999995e+00	1.403549e+00
2.299999999999995e+00	1.411980e+00
2.309999999999995e+00	1.420413e+00
2.319999999999995e+00	1.428847e+00
2.329999999999994e+00	1.437282e+00
2.339999999999994e+00	1.445719e+00
2.349999999999994e+00	1.454157e+00
2.359999999999994e+00	1.462596e+00
2.369999999999993e+00	1.471036e+00
2.379999999999993e+00	1.479477e+00
2.389999999999993e+00	1.487920e+00
2.399999999999993e+00	1.496363e+00
2.409999999999993e+00	1.504808e+00
2.419999999999992e+00	1.513253e+00
2.429999999999992e+00	1.521700e+00
2.439999999999992e+00	1.530148e+00
2.449999999999992e+00	1.538597e+00
2.459999999999992e+00	1.547047e+00
2.469999999999991e+00	1.555498e+00
2.479999999999991e+00	1.563950e+00
2.489999999999991e+00	1.572403e+00
2.499999999999991e+00	1.580857e+00
2.509999999999990e+00	1.589311e+00
2.519999999999990e+00	1.597767e+00
2.529999999999990e+00	1.606224e+00
2.539999999999990e+00	1.614681e+00
2.549999999999990e+00	1.623140e+00
2.559999999999989e+00	1.631599e+00
2.569999999999989e+00	1.640059e+00
2.579999999999989e+00	1.648520e+00
2.589999999999989e+00	1.656982e+00
2.599999999999989e+00	1.665444e+00
2.609999999999988e+00	1.673908e+00
2.619999999999988e+00	1.682372e+00
2.629999999999988e+00	1.690837e+00
2.639999999999988e+00	1.699303e+00
2.649999999999987e+00	1.707769e+00
2.659999999999987e+00	1.716236e+00
2.669999999999987e+00	1.724704e+00
2.679999999999987e+00	1.733173e+00
2.689999999999987e+00	1.741642e+00
2.699999999999986e+00	1.750113e+00
2.709999999999986e+00	1.758583e+00
2.719999999999986e+00	1.767055e+00
2.729999999999986e+00	1.775527e+00
2.739999999999986e+00	1.783999e+00
2.749999999999985e+00	1.792473e+00
2.759999999999985e+00	1.800947e+00
2.769999999999985e+00	1.809421e+00
2.779999999999985e+00	1.817896e+00
2.789999999999984e+00	1.826372e+00
2.799999999999984e+00	1.834849e+00
2.809999999999984e+00	1.843325e+00
2.819999999999984e+00	1.851803e+00
2.829999999999984e+00	1.860281e+00
2.839999999999983e+00	1.868760e+00
2.849999999999983e+00	1.877239e+00
2.859999999999983e+00	1.885718e+00
2.869999999999983e+00	1.894198e+00
2.879999999999983e+00	1.902679e+00
2.889999999999982e+00	1.911160e+00
2.899999999999982e+00	1.919642e+00
2.909999999999982e+00	1.928124e+00
2.919999999999982e+00	1.936606e+00
2.929999999999982e+00	1.945089e+00
2.939999999999981e+00	1.953573e+00
2.949999999999981e+00	1.962057e+00
2.959999999999981e+00	1.970541e+00
2.969999999999981e+00	1.979026e+00
2.979999999999980e+00	1.987511e+00
2.989999999999980e+00	1.995996e+00
2.999999999999980e+00	2.004482e+00
3.009999999999980e+00	2.012969e+00
3.019999999999980e+00	2.021455e+00
3.029999999999979e+00	2.029943e+00
3.039999999999979e+00	2.038430e+00
3.049999999999979e+00	2.046918e+00
3.059999999999979e+00	2.055406e+00
3.069999999999979e+00	2.063895e+00
3.079999999999978e+00	2.072383e+00
3.089999999999978e+00	2.080873e+00
3.099999999999978e+00	2.089362e+00
3.109999999999978e+00	2.097852e+00
3.119999999999977e+00	2.106342e+00
3.129999999999977e+00	2.114832e+00
3.139999999999977e+00	2.123323e+00
3.149999999999977e+00	2.131814e+00
3.159999999999977e+00	2.140305e+00
3.169999999999976e+00	2.148797e+00
3.179999999999976e+00	2.157289e+00
3.189999999999976e+00	2.165781e+00
3.199999999999976e+00	2.174273e+00
3.209999999999976e+00	2.182765e+00
3.219999999999975e+00	2.191258e+00
3.229999999999975e+00	2.199751e+00
3.239999999999975e+00	2.208245e+00
3.249999999999975e+00	2.216738e+00
3.259999999999974e+00	2.225232e+00
3.269999999999974e+00	2.233726e+00
3.279999999999974e+00	2.242220e+00
3.289999999999974e+00	2.250714e+00
3.299999999999974e+00	2.259209e+00
3.309999999999973e+00	2.267703e+00
3.319999999999973e+00	2.276198e+00
3.329999999999973e+00	2.284693e+00
3.339999999999973e+00	2.293188e+00
3.349999999999973e+00	2.301684e+00
3.359999999999972e+00	2.310179e+00
3.369999999999972e+00	2.318675e+00
3.379999999999972e+00	2.327171e+00
3.389999999999972e+00	2.335667e+00
3.399999999999971e+00	2.344163e+00
3.409999999999971e+00	2.352659e+00
3.419999999999971e+00	2.361156e+00
3.429999999999971e+00	2.369652e+00
3.439999999999971e+00	2.378149e+00
3.449999999999970e+00	2.386645e+00
3.459999999999970e+00	2.395142e+00
3.469999999999970e+00	2.403639e+00
3.479999999999970e+00	2.412136e+00
3.489999999999970e+00	2.420633e+00
3.499999999999969e+00	2.429130e+00
3.509999999999969e+00	2.437628e+00
3.519999999999969e+00	2.446125e+00
3.529999999999969e+00	2.454622e+00
3.539999999999969e+00	2.463120e+00
3.549999999999968e+00	2.471617e+00
3.559999999999968e+00	2.480115e+00
3.569999999999968e+00	2.488612e+00
3.579999999999968e+00	2.497110e+00
3.589999999999967e+00	2.505608e+00
3.599999999999967e+00	2.514106e+00
3.609999999999967e+00	2.522604e+00
3.619999999999967e+00	2.531101e+00
3.629999999999967e+00	2.539599e+00
3.639999999999966e+00	2.548097e+00
3.649999999999966e+00	2.556595e+00
3.659999999999966e+00	2.565093e+00
3.669999999999966e+00	2.573591e+00
3.679999999999966e+00	2.582089e+00
3.689999999999965e+00	2.590587e+00
3.699999999999965e+00	2.599085e+00
3.709999999999965e+00	2.607583e+00
3.719999999999965e+00	2.616081e+00
3.729999999999964e+00	2.624578e+00
3.739999999999964e+00	2.633076e+00
3.749999999999964e+00	2.641574e+00
3.759999999999964e+00	2.650072e+00
3.769999999999964e+00	2.658570e+00
3.779999999999963e+00	2.667068e+00
3.789999999999963e+00	2.675565e+00
3.799999999999963e+00	2.684063e+00
3.809999999999963e+00	2.692561e+00
3.819999999999963e+00	2.701059e+00
3.829999999999962e+00	2.709556e+00
3.839999999999962e+00	2.718054e+00
3.849999999999962e+00	2.726551e+00
3.859999999999962e+00	2.735049e+00
3.869999999999961e+00	2.743546e+00
3.879999999999961e+00	2.752043e+00
3.889999999999961e+00	2.760540e+00
3.899999999999961e+00	2.769038e+00
3.909999999999961e+00	2.777535e+00
3.919999999999960e+00	2.786032e+00
3.929999999999960e+00	2.794529e+00
3.939999999999960e+00	2.803025e+00
3.949999999999960e+00	2.811522e+00
3.959999999999960e+00	2.820019e+00
3.969999999999959e+00	2.828516e+00
3.979999999999959e+00	2.837012e+00
3.989999999999959e+00	2.845508e+00
3.999999999999959e+00	2.854005e+00
4.009999999999959e+00	2.862501e+00
4.019999999999959e+00	2.870997e+00
4.029999999999959e+00	2.879493e+00
4.039999999999958e+00	2.887989e+00
4.049999999999958e+00	2.896484e+00
4.059999999999958e+00	2.904980e+00
4.069999999999958e+00	2.913475e+00
4.079999999999957e+00	2.921971e+00
4.089999999999957e+00	2.930466e+00
4.099999999999957e+00	2.938961e+00
4.109999999999957e+00	2.947456e+00
4.119999999999957e+00	2.955950e+00
4.129999999999956e+00	2.964445e+00
4.139999999999956e+00	2.972940e+00
4.149999999999956e+00	2.981434e+00
4.159999999999956e+00	2.989928e+00
4.169999999999956e+00	2.998422e+00
4.179999999999955e+00	3.006916e+00
4.189999999999955e+00	3.015410e+00
4.199999999999955e+00	3.023904e+00
4.209999999999955e+00	3.032397e+00
4.219999999999954e+00	3.040890e+00
4.229999999999954e+00	3.049383e+00
4.239999999999954e+00	3.057876e+00
4.249999999999954e+00	3.066369e+00
4.259999999999954e+00	3.074862e+00
4.269999999999953e+00	3.083354e+00
4.279999999999953e+00	3.091846e+00
4.289999999999953e+00	3.100338e+00
4.299999999999953e+00	3.108830e+00
4.309999999999953e+00	3.117322e+00
4.319999999999952e+00	3.125813e+00
4.329999999999952e+00	3.134305e+00
4.339999999999952e+00	3.142796e+00
4.349999999999952e+00	3.151287e+00
4.359999999999951e+00	3.159777e+00
4.369999999999951e+00	3.168268e+00
4.379999999999951e+00	3.176758e+00
4.389999999999951e+00	3.185248e+00
4.399999999999951e+00	3.193738e+00
4.409999999999950e+00	3.202228e+00
4.419999999999950e+00	3.210717e+00
4.429999999999950e+00	3.219207e+00
4.439999999999950e+00	3.227696e+00
4.449999999999950e+00	3.236184e+00
4.459999999999949e+00	3.244673e+00
4.469999999999949e+00	3.253161e+00
4.479999999999949e+00	3.261650e+00
4.489999999999949e+00	3.270138e+00
4.499999999999948e+00	3.278625e+00
4.509999999999948e+00	3.287113e+00
4.519999999999948e+00	3.295600e+00
4.529999999999948e+00	3.304087e+00
4.539999999999948e+00	3.312574e+00
4.549999999999947e+00	3.321061e+00
4.559999999999947e+00	3.329547e+00
4.569999999999947e+00	3.338033e+00
4.579999999999947e+00	3.346519e+00
4.589999999999947e+00	3.355005e+00
4.599999999999946e+00	3.363490e+00
4.609999999999946e+00	3.371975e+00
4.619999999999946e+00	3.380460e+00
4.629999999999946e+00	3.388944e+00
4.639999999999946e+00	3.397429e+00
4.649999999999945e+00	3.405913e+00
4.659999999999945e+00	3.414397e+00
4.669999999999945e+00	3.422880e+00
4.679999999999945e+00	3.431364e+00
4.689999999999944e+00	3.439847e+00
4.699999999999944e+00	3.448330e+00
4.709999999999944e+00	3.456812e+00
4.719999999999944e+00	3.465295e+00
4.729999999999944e+00	3.473777e+00
4.739999999999943e+00	3.482258e+00
4.749999999999943e+00	3.490740e+00
4.759999999999943e+00	3.499221e+00
4.769999999999943e+00	3.507702e+00
4.779999999999943e+00	3.516183e+00
4.789999999999942e+00	3.524663e+00
4.799999999999942e+00	3.533143e+00
4.809999999999942e+00	3.541623e+00
4.819999999999942e+00	3.550102e+00
4.829999999999941e+00	3.558582e+00
4.839999999999941e+00	3.567061e+00
4.849999999999941e+00	3.575539e+00
4.859999999999941e+00	3.584018e+00
4.869999999999941e+00	3.592496e+00
4.879999999999940e+00	3.600974e+00
4.889999999999940e+00	3.609451e+00
4.899999999999940e+00	3.617929e+00
4.909999999999940e+00	3.626405e+00
4.919999999999940e+00	3.634882e+00
4.929999999999939e+00	3.643358e+00
4.939999999999939e+00	3.651834e+00
4.949999999999939e+00	3.660310e+00
4.959999999999939e+00	3.668786e+00
4.969999999999938e+00	3.677261e+00
4.979999999999938e+00	3.685735e+00
4.989999999999938e+00	3.694210e+00
4.999999999999938e+00	3.702684e+00
5.009999999999938e+00	3.711158e+00
5.019999999999937e+00	3.719632e+00
5.029999999999937e+00	3.728105e+00
5.039999999999937e+00	3.736578e+00
5.049999999999937e+00	3.745051e+00
5.059999999999937e+00	3.753523e+00
5.069999999999936e+00	3.761995e+00
5.079999999999936e+00	3.770467e+00
5.089999999999936e+00	3.778938e+00
5.099999999999936e+00	3.787409e+00
5.109999999999935e+00	3.795880e+00
5.119999999999935e+00	3.804350e+00
5.129999999999935e+00	3.812820e+00
5.139999999999935e+00	3.821290e+00
5.149999999999935e+00	3.829760e+00
5.159999999999934e+00	3.838229e+00
5.169999999999934e+00	3.846698e+00
5.179999999999934e+00	3.855166e+00
5.189999999999934e+00	3.863634e+00
5.199999999999934e+00	3.872102e+00
5.209999999999933e+00	3.880569e+00
5.219999999999933e+00	3.889037e+00
5.229999999999933e+00	3.897503e+00
5.239999999999933e+00	3.905970e+00
5.249999999999932e+00	3.914436e+00
5.259999999999932e+00	3.922902e+00
5.269999999999932e+00	3.931367e+00
5.279999999999932e+00	3.939832e+00
5.289999999999932e+00	3.948297e+00
5.299999999999931e+00	3.956761e+00
5.309999999999931e+00	3.965225e+00
5.319999999999931e+00	3.973689e+00
5.329999999999931e+00	3.982152e+00
5.339999999999931e+00	3.990615e+00
5.349999999999930e+00	3.999078e+00
5.359999999999930e+00	4.007540e+00
5.369999999999930e+00	4.016003e+00
5.379999999999930e+00	4.024464e+00
5.389999999999930e+00	4.032925e+00
5.399999999999929e+00	4.041386e+00
5.409999999999929e+00	4.049847e+00
5.419999999999929e+00	4.058307e+00
5.429999999999929e+00	4.066767e+00
5.439999999999928e+00	4.075226e+00
5.449999999999928e+00	4.083685e+00
5.459999999999928e+00	4.092144e+00
5.469999999999928e+00	4.100603e+00
5.479999999999928e+00	4.109060e+00
5.489999999999927e+00	4.117518e+00
5.499999999999927e+00	4.125976e+00
5.509999999999927e+00	4.134432e+00
5.519999999999927e+00	4.142889e+00
5.529999999999927e+00	4.151345e+00
5.539999999999926e+00	4.159801e+00
5.549999999999926e+00	4.168256e+00
5.559999999999926e+00	4.176712e+00
5.569999999999926e+00	4.185166e+00
5.579999999999925e+00	4.193621e+00
5.589999999999925e+00	4.202075e+00
5.599999999999925e+00	4.210528e+00
5.609999999999925e+00	4.218981e+00
5.619999999999925e+00	4.227434e+00
5.629999999999924e+00	4.235887e+00
5.639999999999924e+00	4.244339e+00
5.649999999999924e+00	4.252790e+00
5.659999999999924e+00	4.261242e+00
5.669999999999924e+00	4.269693e+00
5.679999999999923e+00	4.278143e+00
5.689999999999923e+00	4.286593e+00
5.699999999999923e+00	4.295043e+00
5.709999999999923e+00	4.303493e+00
5.719999999999922e+00	4.311942e+00
5.729999999999922e+00	4.320390e+00
5.739999999999922e+00	4.328838e+00
5.749999999999922e+00	4.337286e+00
5.759999999999922e+00	4.345734e+00
5.769999999999921e+00	4.354180e+00
5.779999999999921e+00	4.362627e+00
5.789999999999921e+00	4.371073e+00
5.799999999999921e+00	4.379518e+00
5.809999999999921e+00	4.387963e+00
5.819999999999920e+00	4.396408e+00
5.829999999999920e+00	4.404851e+00
5.839999999999920e+00	4.413295e+00
5.849999999999920e+00	4.421737e+00
5.859999999999919e+00	4.430179e+00
5.869999999999919e+00	4.438621e+00
5.879999999999919e+00	4.447061e+00
5.889999999999919e+00	4.455500e+00
5.899999999999919e+00	4.463938e+00
5.909999999999918e+00	4.472375e+00
5.919999999999918e+00	4.480810e+00
5.929999999999918e+00	4.489244e+00
5.939999999999918e+00	4.497675e+00
5.949999999999918e+00	4.506104e+00
5.959999999999917e+00	4.514531e+00
5.969999999999917e+00	4.522953e+00
5.979999999999917e+00	4.531372e+00
5.989999999999917e+00	4.539785e+00
5.999999999999917e+00	4.548193e+00
6.009999999999916e+00	4.556592e+00
6.019999999999916e+00	4.564983e+00
6.029999999999916e+00	4.573363e+00
6.039999999999916e+00	4.581730e+00
6.049999999999915e+00	4.590081e+00
6.059999999999915e+00	4.598412e+00
6.069999999999915e+00	4.606719e+00
6.079999999999915e+00	4.614998e+00
6.089999999999915e+00	4.623242e+00
6.099999999999914e+00	4.631445e+00
6.109999999999914e+00	4.639597e+00
6.119999999999914e+00	4.647690e+00
6.129999999999914e+00	4.655712e+00
6.139999999999914e+00	4.663651e+00
6.149999999999913e+00	4.671491e+00
6.159999999999913e+00	4.679217e+00
6.169999999999913e+00	4.686812e+00
6.179999999999913e+00	4.694259e+00
6.189999999999912e+00	4.701540e+00
6.199999999999912e+00	4.708634e+00
6.209999999999912e+00	4.715528e+00
6.219999999999912e+00	4.722204e+00
6.229999999999912e+00	4.728650e+00
6.239999999999911e+00	4.734856e+00
6.249999999999911e+00	4.740815e+00
6.259999999999911e+00	4.746524e+00
6.269999999999911e+00	4.751983e+00
6.279999999999911e+00	4.757195e+00
6.289999999999910e+00	4.762164e+00
6.299999999999910e+00	4.766899e+00
6.309999999999910e+00	4.771409e+00
6.319999999999910e+00	4.775704e+00
6.329999999999909e+00	4.779795e+00
6.339999999999909e+00	4.783694e+00
6.349999999999909e+00	4.787412e+00
6.359999999999909e+00	4.790959e+00
6.369999999999909e+00	4.794348e+00
6.379999999999908e+00	4.797588e+00
6.389999999999908e+00	4.800689e+00
6.399999999999908e+00	4.803660e+00
6.409999999999908e+00	4.806510e+00
6.419999999999908e+00	4.809247e+00
6.429999999999907e+00	4.811879e+00
6.439999999999907e+00	4.814412e+00
6.449999999999907e+00	4.816852e+00
6.459999999999907e+00	4.819207e+00
6.469999999999906e+00	4.821480e+00
6.479999999999906e+00	4.823678e+00
6.489999999999906e+00	4.825805e+00
6.499999999999906e+00	4.827865e+00
6.509999999999906e+00	4.829862e+00
6.519999999999905e+00	4.831800e+00
6.529999999999905e+00	4.833681e+00
6.539999999999905e+00	4.835511e+00
6.549999999999905e+00	4.837290e+00
6.559999999999905e+00	4.839023e+00
6.569999999999904e+00	4.840711e+00
6.579999999999904e+00	4.842357e+00
6.589999999999904e+00	4.843963e+00
6.599999999999904e+00	4.845531e+00
6.609999999999904e+00	4.847062e+00
6.619999999999903e+00	4.848559e+00
6.629999999999903e+00	4.850024e+00
6.639999999999903e+00	4.851458e+00
6.649999999999903e+00	4.852861e+00
6.659999999999902e+00	4.854236e+00
6.669999999999902e+00	4.855584e+00
6.679999999999902e+00	4.856906e+00
6.689999999999902e+00	4.858203e+00
6.699999999999902e+00	4.859477e+00
6.709999999999901e+00	4.860727e+00
6.719999999999901e+00	4.861956e+00
6.729999999999901e+00	4.863163e+00
6.739999999999901e+00	4.864351e+00
6.749999999999901e+00	4.865519e+00
6.759999999999900e+00	4.866668e+00
6.769999999999900e+00	4.867799e+00
6.779999999999900e+00	4.868913e+00
6.789999999999900e+00	4.870010e+00
6.799999999999899e+00	4.871092e+00
6.809999999999899e+00	4.872158e+00
6.819999999999899e+00	4.873208e+00
6.829999999999899e+00	4.874244e+00
6.839999999999899e+00	4.875267e+00
6.849999999999898e+00	4.876275e+00
6.859999999999898e+00	4.877271e+00
6.869999999999898e+00	4.878254e+00
6.879999999999898e+00	4.879225e+00
6.889999999999898e+00	4.880184e+00
6.899999999999897e+00	4.881131e+00
6.909999999999897e+00	4.882067e+00
6.919999999999897e+00	4.882993e+00
6.929999999999897e+00	4.883907e+00
6.939999999999896e+00	4.884812e+00
6.949999999999896e+00	4.885707e+00
6.959999999999896e+00	4.886592e+00
6.969999999999896e+00	4.887468e+00
6.979999999999896e+00	4.888335e+00
6.989999999999895e+00	4.889193e+00
6.999999999999895e+00	4.890043e+00
7.009999999999895e+00	4.890884e+00
7.019999999999895e+00	4.891717e+00
7.029999999999895e+00	4.892542e+00
7.039999999999894e+00	4.893359e+00
7.049999999999894e+00	4.894169e+00
7.059999999999894e+00	4.894972e+00
7.069999999999894e+00	4.895767e+00
7.079999999999893e+00	4.896555e+00
7.089999999999893e+00	4.897337e+00
7.099999999999893e+00	4.898112e+00
7.109999999999893e+00	4.898881e+00
7.119999999999893e+00	4.899643e+00
7.129999999999892e+00	4.900399e+00
7.139999999999892e+00	4.901149e+00
7.149999999999892e+00	4.901894e+00
7.159999999999892e+00	4.902632e+00
7.169999999999892e+00	4.903365e+00
7.179999999999891e+00	4.904092e+00
7.189999999999891e+00	4.904814e+00
7.199999999999891e+00	4.905531e+00
7.209999999999891e+00	4.906242e+00
7.219999999999891e+00	4.906949e+00
7.229999999999890e+00	4.907650e+00
7.239999999999890e+00	4.908348e+00
7.249999999999890e+00	4.909039e+00
7.259999999999890e+00	4.909727e+00
7.269999999999889e+00	4.910410e+00
7.279999999999889e+00	4.911088e+00
7.289999999999889e+00	4.911763e+00
7.299999999999889e+00	4.912433e+00
7.309999999999889e+00	4.913099e+00
7.319999999999888e+00	4.913760e+00
7.329999999999888e+00	4.914418e+00
7.339999999999888e+00	4.915071e+00
7.349999999999888e+00	4.915721e+00
7.359999999999888e+00	4.916368e+00
7.369999999999887e+00	4.917010e+00
7.379999999999887e+00	4.917649e+00
7.389999999999887e+00	4.918284e+00
7.399999999999887e+00	4.918915e+00
7.409999999999886e+00	4.919544e+00
7.419999999999886e+00	4.920168e+00
7.429999999999886e+00	4.920790e+00
7.439999999999886e+00	4.921408e+00
7.449999999999886e+00	4.922023e+00
7.459999999999885e+00	4.922635e+00
7.469999999999885e+00	4.923244e+00
7.479999999999885e+00	4.923849e+00
7.489999999999885e+00	4.924452e+00
7.499999999999885e+00	4.925052e+00
7.509999999999884e+00	4.925649e+00
7.519999999999884e+00	4.926242e+00
7.529999999999884e+00	4.926834e+00
7.539999999999884e+00	4.927422e+00
7.549999999999883e+00	4.928008e+00
7.559999999999883e+00	4.928591e+00
7.569999999999883e+00	4.929171e+00
7.579999999999883e+00	4.929749e+00
7.589999999999883e+00	4.930325e+00
7.599999999999882e+00	4.930897e+00
7.609999999999882e+00	4.931468e+00
7.619999999999882e+00	4.932035e+00
7.629999999999882e+00	4.932601e+00
7.639999999999882e+00	4.933164e+00
7.649999999999881e+00	4.933725e+00
7.659999999999881e+00	4.934284e+00
7.669999999999881e+00	4.934840e+00
7.679999999999881e+00	4.935394e+00
7.689999999999880e+00	4.935946e+00
7.699999999999880e+00	4.936496e+00
7.709999999999880e+00	4.937043e+00
7.719999999999880e+00	4.937589e+00
7.729999999999880e+00	4.938132e+00
7.739999999999879e+00	4.938674e+00
7.749999999999879e+00	4.939214e+00
7.759999999999879e+00	4.939751e+00
7.769999999999879e+00	4.940287e+00
7.779999999999879e+00	4.940820e+00
7.789999999999878e+00	4.941352e+00
7.799999999999878e+00	4.941882e+00
7.809999999999878e+00	4.942410e+00
7.819999999999878e+00	4.942936e+00
7.829999999999878e+00	4.943461e+00
7.839999999999877e+00	4.943984e+00
7.849999999999877e+00	4.944505e+00
7.859999999999877e+00	4.945024e+00
7.869999999999877e+00	4.945541e+00
7.879999999999876e+00	4.946057e+00
7.889999999999876e+00	4.946572e+00
7.899999999999876e+00	4.947084e+00
7.909999999999876e+00	4.947596e+00
7.919999999999876e+00	4.948105e+00
7.929999999999875e+00	4.948613e+00
7.939999999999875e+00	4.949119e+00
7.949999999999875e+00	4.949624e+00
7.959999999999875e+00	4.950127e+00
7.969999999999875e+00	4.950629e+00
7.979999999999874e+00	4.951129e+00
7.989999999999874e+00	4.951628e+00
7.999999999999874e+00	4.952126e+00
8.009999999999874e+00	4.952621e+00
8.019999999999873e+00	4.953116e+00
8.029999999999873e+00	4.953609e+00
8.039999999999873e+00	4.954102e+00
8.049999999999873e+00	4.954592e+00
8.059999999999873e+00	4.955081e+00
8.069999999999872e+00	4.955569e+00
8.079999999999872e+00	4.956056e+00
8.089999999999872e+00	4.956541e+00
8.099999999999872e+00	4.957025e+00
8.109999999999872e+00	4.957508e+00
8.119999999999871e+00	4.957989e+00
8.129999999999871e+00	4.958469e+00
8.139999999999871e+00	4.958949e+00
8.149999999999871e+00	4.959426e+00
8.159999999999870e+00	4.959903e+00
8.169999999999870e+00	4.960379e+00
8.179999999999870e+00	4.960853e+00
8.189999999999870e+00	4.961327e+00
8.199999999999870e+00	4.961799e+00
8.209999999999869e+00	4.962269e+00
8.219999999999869e+00	4.962739e+00
8.229999999999869e+00	4.963208e+00
8.239999999999869e+00	4.963676e+00
8.249999999999869e+00	4.964142e+00
8.259999999999868e+00	4.964608e+00
8.269999999999868e+00	4.965073e+00
8.279999999999868e+00	4.965536e+00
8.289999999999868e+00	4.965999e+00
8.299999999999867e+00	4.966460e+00
8.309999999999867e+00	4.966920e+00
8.319999999999867e+00	4.967380e+00
8.329999999999867e+00	4.967838e+00
8.339999999999867e+00	4.968296e+00
8.349999999999866e+00	4.968752e+00
8.359999999999866e+00	4.969208e+00
8.369999999999866e+00	4.969662e+00
8.379999999999866e+00	4.970116e+00
8.389999999999866e+00	4.970569e+00
8.399999999999865e+00	4.971021e+00
8.409999999999865e+00	4.971471e+00
8.419999999999865e+00	4.971921e+00
8.429999999999865e+00	4.972371e+00
8.439999999999864e+00	4.972819e+00
8.449999999999864e+00	4.973266e+00
8.459999999999864e+00	4.973713e+00
8.469999999999864e+00	4.974158e+00
8.479999999999864e+00	4.974603e+00
8.489999999999863e+00	4.975047e+00
8.499999999999863e+00	4.975491e+00
8.509999999999863e+00	4.975933e+00
8.519999999999863e+00	4.976374e+00
8.529999999999863e+00	4.976815e+00
8.539999999999862e+00	4.977255e+00
8.549999999999862e+00	4.977694e+00
8.559999999999862e+00	4.978133e+00
8.569999999999862e+00	4.978570e+00
8.579999999999862e+00	4.979007e+00
8.589999999999861e+00	4.979443e+00
8.599999999999861e+00	4.979878e+00
8.609999999999861e+00	4.980313e+00
8.619999999999861e+00	4.980747e+00
8.629999999999860e+00	4.981180e+00
8.639999999999860e+00	4.981612e+00
8.649999999999860e+00	4.982044e+00
8.659999999999860e+00	4.982475e+00
8.669999999999860e+00	4.982905e+00
8.679999999999859e+00	4.983335e+00
8.689999999999859e+00	4.983764e+00
8.699999999999859e+00	4.984192e+00
8.709999999999859e+00	4.984620e+00
8.719999999999859e+00	4.985046e+00
8.729999999999858e+00	4.985472e+00
8.739999999999858e+00	4.985898e+00
8.749999999999858e+00	4.986323e+00
8.759999999999858e+00	4.986747e+00
8.769999999999857e+00	4.987171e+00
8.779999999999857e+00	4.987594e+00
8.789999999999857e+00	4.988016e+00
8.799999999999857e+00	4.988438e+00
8.809999999999857e+00	4.988859e+00
8.819999999999856e+00	4.989279e+00
8.829999999999856e+00	4.989699e+00
8.839999999999856e+00	4.990118e+00
8.849999999999856e+00	4.990537e+00
8.859999999999856e+00	4.990955e+00
8.869999999999855e+00	4.991372e+00
8.879999999999855e+00	4.991789e+00
8.889999999999855e+00	4.992205e+00
8.899999999999855e+00	4.992621e+00
8.909999999999854e+00	4.993036e+00
8.919999999999854e+00	4.993451e+00
8.929999999999854e+00	4.993865e+00
8.939999999999854e+00	4.994278e+00
8.949999999999854e+00	4.994691e+00
8.959999999999853e+00	4.995103e+00
8.969999999999853e+00	4.995515e+00
8.979999999999853e+00	4.995927e+00
8.989999999999853e+00	4.996337e+00
8.999999999999853e+00	4.996747e+00
9.009999999999852e+00	4.997158e+00
9.019999999999852e+00	4.997567e+00
9.029999999999852e+00	4.997975e+00
9.039999999999852e+00	4.998384e+00
9.049999999999851e+00	4.998791e+00
9.059999999999851e+00	4.999198e+00
9.069999999999851e+00	4.999605e+00
9.079999999999851e+00	5.000011e+00
9.089999999999851e+00	5.000417e+00
9.099999999999850e+00	5.000822e+00
9.109999999999850e+00	5.001227e+00
9.119999999999850e+00	5.001631e+00
9.129999999999850e+00	5.002035e+00
9.139999999999850e+00	5.002438e+00
9.149999999999849e+00	5.002841e+00
9.159999999999849e+00	5.003243e+00
9.169999999999849e+00	5.003645e+00
9.179999999999849e+00	5.004047e+00
9.189999999999849e+00	5.004448e+00
9.199999999999848e+00	5.004848e+00
9.209999999999848e+00	5.005249e+00
9.219999999999848e+00	5.005648e+00
9.229999999999848e+00	5.006047e+00
9.239999999999847e+00	5.006446e+00
9.249999999999847e+00	5.006845e+00
9.259999999999847e+00	5.007243e+00
9.269999999999847e+00	5.007640e+00
9.279999999999847e+00	5.008037e+00
9.289999999999846e+00	5.008434e+00
9.299999999999846e+00	5.008830e+00
9.309999999999846e+00	5.009226e+00
9.319999999999846e+00	5.009622e+00
9.329999999999846e+00	5.010016e+00
9.339999999999845e+00	5.010411e+00
9.349999999999845e+00	5.010806e+00
9.359999999999845e+00	5.011199e+00
9.369999999999845e+00	5.011593e+00
9.379999999999844e+00	5.011986e+00
9.389999999999844e+00	5.012379e+00
9.399999999999844e+00	5.012771e+00
9.409999999999844e+00	5.013163e+00
9.419999999999844e+00	5.013554e+00
9.429999999999843e+00	5.013946e+00
9.439999999999843e+00	5.014336e+00
9.449999999999843e+00	5.014727e+00
9.459999999999843e+00	5.015117e+00
9.469999999999843e+00	5.015506e+00
9.479999999999842e+00	5.015896e+00
9.489999999999842e+00	5.016284e+00
9.499999999999842e+00	5.016673e+00
9.509999999999842e+00	5.017062e+00
9.519999999999841e+00	5.017449e+00
9.529999999999841e+00	5.017837e+00
9.539999999999841e+00	5.018224e+00
9.549999999999841e+00	5.018611e+00
9.559999999999841e+00	5.018998e+00
9.569999999999840e+00	5.019384e+00
9.579999999999840e+00	5.019770e+00
9.589999999999840e+00	5.020155e+00
9.599999999999840e+00	5.020540e+00
9.609999999999840e+00	5.020925e+00
9.619999999999839e+00	5.021310e+00
9.629999999999839e+00	5.021694e+00
9.639999999999839e+00	5.022078e+00
9.649999999999839e+00	5.022461e+00
9.659999999999838e+00	5.022845e+00
9.669999999999838e+00	5.023228e+00
9.679999999999838e+00	5.023610e+00
9.689999999999838e+00	5.023993e+00
9.699999999999838e+00	5.024374e+00
9.709999999999837e+00	5.024756e+00
9.719999999999837e+00	5.025137e+00
9.729999999999837e+00	5.025519e+00
9.739999999999837e+00	5.025899e+00
9.749999999999837e+00	5.026280e+00
9.759999999999836e+00	5.026660e+00
9.769999999999836e+00	5.027040e+00
9.779999999999836e+00	5.027420e+00
9.789999999999836e+00	5.027799e+00
9.799999999999836e+00	5.028178e+00
9.809999999999835e+00	5.028557e+00
9.819999999999835e+00	5.028935e+00
9.829999999999835e+00	5.029314e+00
9.839999999999835e+00	5.029691e+00
9.849999999999834e+00	5.030069e+00
9.859999999999834e+00	5.030447e+00
9.869999999999834e+00	5.030823e+00
9.879999999999834e+00	5.031200e+00
9.889999999999834e+00	5.031577e+00
9.899999999999833e+00	5.031953e+00
9.909999999999833e+00	5.032329e+00
9.919999999999833e+00	5.032705e+00
9.929999999999833e+00	5.033080e+00
9.939999999999833e+00	5.033455e+00
9.949999999999832e+00	5.033830e+00
9.959999999999832e+00	5.034205e+00
9.969999999999832e+00	5.034579e+00
9.979999999999832e+00	5.034954e+00
9.989999999999831e+00	5.035327e+00
9.999999999999831e+00	5.035701e+00
1.000999999999983e+01	5.036075e+00
1.001999999999983e+01	5.036448e+00
1.002999999999983e+01	5.036821e+00
1.003999999999983e+01	5.037193e+00
1.004999999999983e+01	5.037566e+00
1.005999999999983e+01	5.037938e+00
1.006999999999983e+01	5.038310e+00
1.007999999999983e+01	5.038682e+00
1.008999999999983e+01	5.039053e+00
1.009999999999983e+01	5.039424e+00
1.010999999999983e+01	5.039795e+00
1.011999999999983e+01	5.040166e+00
1.012999999999983e+01	5.040537e+00
1.013999999999983e+01	5.040907e+00
1.014999999999983e+01	5.041277e+00
1.015999999999983e+01	5.041647e+00
1.016999999999983e+01	5.042017e+00
1.017999999999983e+01	5.042386e+00
1.018999999999983e+01	5.042756e+00
1.019999999999983e+01	5.043125e+00
1.020999999999983e+01	5.043493e+00
1.021999999999983e+01	5.043862e+00
1.022999999999983e+01	5.044230e+00
1.023999999999983e+01	5.044598e+00
1.024999999999983e+01	5.044966e+00
1.025999999999983e+01	5.045334e+00
1.026999999999983e+01	5.045702e+00
1.027999999999983e+01	5.046069e+00
1.028999999999983e+01	5.046436e+00
1.029999999999982e+01	5.046803e+00
1.030999999999982e+01	5.047169e+00
1.031999999999982e+01	5.047535e+00
1.032999999999982e+01	5.047902e+00
1.033999999999982e+01	5.048268e+00
1.034999999999982e+01	5.048634e+00
1.035999999999982e+01	5.048999e+00
1.036999999999982e+01	5.049365e+00
1.037999999999982e+01	5.049730e+00
1.038999999999982e+01	5.050095e+00
1.039999999999982e+01	5.050460e+00
1.040999999999982e+01	5.050825e+00
1.041999999999982e+01	5.051189e+00
1.042999999999982e+01	5.051554e+00
1.043999999999982e+01	5.051918e+00
1.044999999999982e+01	5.052282e+00
1.045999999999982e+01	5.052645e+00
1.046999999999982e+01	5.053009e+00
1.047999999999982e+01	5.053372e+00
1.048999999999982e+01	5.053736e+00
1.049999999999982e+01	5.054099e+00
1.050999999999982e+01	5.054461e+00
1.051999999999982e+01	5.054824e+00
1.052999999999982e+01	5.055186e+00
1.053999999999982e+01	5.055549e+00
1.054999999999982e+01	5.055911e+00
1.055999999999982e+01	5.056273e+00
1.056999999999982e+01	5.056634e+00
1.057999999999982e+01	5.056996e+00
1.058999999999982e+01	5.057358e+00
1.059999999999982e+01	5.057719e+00
1.060999999999982e+01	5.058080e+00
1.061999999999982e+01	5.058441e+00
1.062999999999982e+01	5.058802e+00
1.063999999999982e+01	5.059162e+00
1.064999999999982e+01	5.059523e+00
1.065999999999982e+01	5.059883e+00
1.066999999999982e+01	5.060243e+00
1.067999999999982e+01	5.060603e+00
1.068999999999982e+01	5.060963e+00
1.069999999999982e+01	5.061322e+00
1.070999999999982e+01	5.061682e+00
1.071999999999982e+01	5.062041e+00
1.072999999999982e+01	5.062400e+00
1.073999999999982e+01	5.062759e+00
1.074999999999982e+01	5.063118e+00
1.075999999999982e+01	5.063477e+00
1.076999999999981e+01	5.063835e+00
1.077999999999981e+01	5.064194e+00
1.078999999999981e+01	5.064552e+00
1.079999999999981e+01	5.064910e+00
1.080999999999981e+01	5.065268e+00
1.081999999999981e+01	5.065626e+00
1.082999999999981e+01	5.065983e+00
1.083999999999981e+01	5.066340e+00
1.084999999999981e+01	5.066698e+00
1.085999999999981e+01	5.067055e+00
1.086999999999981e+01	5.067412e+00
1.087999999999981e+01	5.067769e+00
1.088999999999981e+01	5.068126e+00
1.089999999999981e+01	5.068482e+00
1.090999999999981e+01	5.068839e+00
1.091999999999981e+01	5.069195e+00
1.092999999999981e+01	5.069551e+00
1.093999999999981e+01	5.069908e+00
1.094999999999981e+01	5.070263e+00
1.095999999999981e+01	5.070619e+00
1.096999999999981e+01	5.070975e+00
1.097999999999981e+01	5.071331e+00
1.098999999999981e+01	5.071686e+00
1.099999999999981e+01	5.072041e+00
1.100999999999981e+01	5.072396e+00
1.101999999999981e+01	5.072751e+00
1.102999999999981e+01	5.073106e+00
1.103999999999981e+01	5.073461e+00
1.104999999999981e+01	5.073815e+00
1.105999999999981e+01	5.074170e+00
1.106999999999981e+01	5.074524e+00
1.107999999999981e+01	5.074878e+00
1.108999999999981e+01	5.075233e+00
1.109999999999981e+01	5.075586e+00
1.110999999999981e+01	5.075940e+00
1.111999999999981e+01	5.076294e+00
1.112999999999981e+01	5.076647e+00
1.113999999999981e+01	5.077001e+00
1.114999999999981e+01	5.077354e+00
1.115999999999981e+01	5.077707e+00
1.116999999999981e+01	5.078061e+00
1.117999999999981e+01	5.078413e+00
1.118999999999981e+01	5.078766e+00
1.119999999999981e+01	5.079119e+00
1.120999999999981e+01	5.079472e+00
1.121999999999981e+01	5.079824e+00
1.122999999999981e+01	5.080177e+00
1.123999999999980e+01	5.080529e+00
1.124999999999980e+01	5.080881e+00
1.125999999999980e+01	5.081234e+00
1.126999999999980e+01	5.081585e+00
1.127999999999980e+01	5.081937e+00
1.128999999999980e+01	5.082289e+00
1.129999999999980e+01	5.082641e+00
1.130999999999980e+01	5.082992e+00
1.131999999999980e+01	5.083344e+00
1.132999999999980e+01	5.083694e+00
1.133999999999980e+01	5.084046e+00
1.134999999999980e+01	5.084397e+00
1.135999999999980e+01	5.084748e+00
1.136999999999980e+01	5.085099e+00
1.137999999999980e+01	5.085449e+00
1.138999999999980e+01	5.085800e+00
1.139999999999980e+01	5.086151e+00
1.140999999999980e+01	5.086501e+00
1.141999999999980e+01	5.086852e+00
1.142999999999980e+01	5.087202e+00
1.143999999999980e+01	5.087552e+00
1.144999999999980e+01	5.087902e+00
1.145999999999980e+01	5.088252e+00
1.146999999999980e+01	5.088602e+00
1.147999999999980e+01	5.088951e+00
1.148999999999980e+01	5.089301e+00
1.149999999999980e+01	5.089651e+00
1.150999999999980e+01	5.090000e+00
1.151999999999980e+01	5.090349e+00
1.152999999999980e+01	5.090699e+00
1.153999999999980e+01	5.091048e+00
1.154999999999980e+01	5.091397e+00
1.155999999999980e+01	5.091746e+00
1.156999999999980e+01	5.092094e+00
1.157999999999980e+01	5.092443e+00
1.158999999999980e+01	5.092792e+00
1.159999999999980e+01	5.093141e+00
1.160999999999980e+01	5.093489e+00
1.161999999999980e+01	5.093837e+00
1.162999999999980e+01	5.094186e+00
1.163999999999980e+01	5.094534e+00
1.164999999999980e+01	5.094882e+00
1.165999999999980e+01	5.095230e+00
1.166999999999980e+01	5.095578e+00
1.167999999999980e+01	5.095926e+00
1.168999999999980e+01	5.096274e+00
1.169999999999980e+01	5.096622e+00
1.170999999999979e+01	5.096969e+00
1.171999999999979e+01	5.097317e+00
1.172999999999979e+01	5.097664e+00
1.173999999999979e+01	5.098011e+00
1.174999999999979e+01	5.098359e+00
1.175999999999979e+01	5.098706e+00
1.176999999999979e+01	5.099053e+00
1.177999999999979e+01	5.099400e+00
1.178999999999979e+01	5.099747e+00
1.179999999999979e+01	5.100094e+00
1.180999999999979e+01	5.100441e+00
1.181999999999979e+01	5.100787e+00
1.182999999999979e+01	5.101134e+00
1.183999999999979e+01	5.101480e+00
1.184999999999979e+01	5.101827e+00
1.185999999999979e+01	5.102173e+00
1.186999999999979e+01	5.102520e+00
1.187999999999979e+01	5.102866e+00
1.188999999999979e+01	5.103212e+00
1.189999999999979e+01	5.103558e+00
1.190999999999979e+01	5.103904e+00
1.191999999999979e+01	5.104250e+00
1.192999999999979e+01	5.104596e+00
1.193999999999979e+01	5.104941e+00
1.194999999999979e+01	5.105287e+00
1.195999999999979e+01	5.105633e+00
1.196999999999979e+01	5.105978e+00
1.197999999999979e+01	5.106324e+00
1.198999999999979e+01	5.106669e+00
1.199999999999979e+01	5.107015e+00
1.200999999999979e+01	5.107360e+00
1.201999999999979e+01	5.107705e+00
1.202999999999979e+01	5.108050e+00
1.203999999999979e+01	5.108395e+00
1.204999999999979e+01	5.108740e+00
1.205999999999979e+01	5.109085e+00
1.206999999999979e+01	5.109430e+00
1.207999999999979e+01	5.109775e+00
1.208999999999979e+01	5.110119e+00
1.209999999999979e+01	5.110464e+00
1.210999999999979e+01	5.110809e+00
1.211999999999979e+01	5.111153e+00
1.212999999999979e+01	5.111498e+00
1.213999999999979e+01	5.111842e+00
1.214999999999979e+01	5.112186e+00
1.215999999999979e+01	5.112531e+00
1.216999999999978e+01	5.112875e+00
1.217999999999978e+01	5.113219e+00
1.218999999999978e+01	5.113563e+00
1.219999999999978e+01	5.113907e+00
1.220999999999978e+01	5.114251e+00
1.221999999999978e+01	5.114594e+00
1.222999999999978e+01	5.114938e+00
1.223999999999978e+01	5.115282e+00
1.224999999999978e+01	5.115626e+00
1.225999999999978e+01	5.115970e+00
1.226999999999978e+01	5.116313e+00
1.227999999999978e+01	5.116657e+00
1.228999999999978e+01	5.117000e+00
1.229999999999978e+01	5.117343e+00
1.230999999999978e+01	5.117687e+00
1.231999999999978e+01	5.118030e+00
1.232999999999978e+01	5.118373e+00
1.233999999999978e+01	5.118716e+00
1.234999999999978e+01	5.119060e+00
1.235999999999978e+01	5.119402e+00
1.236999999999978e+01	5.119745e+00
1.237999999999978e+01	5.120088e+00
1.238999999999978e+01	5.120431e+00
1.239999999999978e+01	5.120774e+00
1.240999999999978e+01	5.121117e+00
1.241999999999978e+01	5.121459e+00
1.242999999999978e+01	5.121802e+00
1.243999999999978e+01	5.122145e+00
1.244999999999978e+01	5.122487e+00
1.245999999999978e+01	5.122829e+00
1.246999999999978e+01	5.123172e+00
1.247999999999978e+01	5.123514e+00
1.248999999999978e+01	5.123857e+00
1.249999999999978e+01	5.124199e+00
1.250999999999978e+01	5.124541e+00
1.251999999999978e+01	5.124883e+00
1.252999999999978e+01	5.125226e+00
1.253999999999978e+01	5.125567e+00
1.254999999999978e+01	5.125909e+00
1.255999999999978e+01	5.126251e+00
1.256999999999978e+01	5.126594e+00
1.257999999999978e+01	5.126935e+00
1.258999999999978e+01	5.127277e+00
1.259999999999978e+01	5.127619e+00
1.260999999999978e+01	5.127961e+00
1.261999999999978e+01	5.128302e+00
1.262999999999978e+01	5.128644e+00
1.263999999999977e+01	5.128985e+00
1.264999999999977e+01	5.129327e+00
1.265999999999977e+01	5.129668e+00
1.266999999999977e+01	5.130010e+00
1.267999999999977e+01	5.130351e+00
1.268999999999977e+01	5.130692e+00
1.269999999999977e+01	5.131034e+00
1.270999999999977e+01	5.131375e+00
1.271999999999977e+01	5.131716e+00
1.272999999999977e+01	5.132058e+00
1.273999999999977e+01	5.132399e+00
1.274999999999977e+01	5.132740e+00
1.275999999999977e+01	5.133080e+00
1.276999999999977e+01	5.133422e+00
1.277999999999977e+01	5.133763e+00
1.278999999999977e+01	5.134103e+00
1.279999999999977e+01	5.134444e+00
1.280999999999977e+01	5.134785e+00
1.281999999999977e+01	5.135126e+00
1.282999999999977e+01	5.135467e+00
1.283999999999977e+01	5.135808e+00
1.284999999999977e+01	5.136148e+00
1.285999999999977e+01	5.136488e+00
1.286999999999977e+01	5.136829e+00
1.287999999999977e+01	5.137170e+00
1.288999999999977e+01	5.137510e+00
1.289999999999977e+01	5.137851e+00
1.290999999999977e+01	5.138191e+00
1.291999999999977e+01	5.138532e+00
1.292999999999977e+01	5.138872e+00
1.293999999999977e+01	5.139212e+00
1.294999999999977e+01	5.139553e+00
1.295999999999977e+01	5.139893e+00
1.296999999999977e+01	5.140233e+00
1.297999999999977e+01	5.140573e+00
1.298999999999977e+01	5.140913e+00
1.299999999999977e+01	5.141253e+00
1.300999999999977e+01	5.141593e+00
1.301999999999977e+01	5.141933e+00
1.302999999999977e+01	5.142273e+00
1.303999999999977e+01	5.142613e+00
1.304999999999977e+01	5.142953e+00
1.305999999999977e+01	5.143293e+00
1.306999999999977e+01	5.143633e+00
1.307999999999977e+01	5.143972e+00
1.308999999999977e+01	5.144312e+00
1.309999999999977e+01	5.144652e+00
1.310999999999976e+01	5.144991e+00
1.311999999999976e+01	5.145331e+00
1.312999999999976e+01	5.145671e+00
1.313999999999976e+01	5.146010e+00
1.314999999999976e+01	5.146350e+00
1.315999999999976e+01	5.146689e+00
1.316999999999976e+01	5.147029e+00
1.317999999999976e+01	5.147368e+00
1.318999999999976e+01	5.147708e+00
1.319999999999976e+01	5.148047e+00
1.320999999999976e+01	5.148387e+00
1.321999999999976e+01	5.148726e+00
1.322999999999976e+01	5.149065e+00
1.323999999999976e+01	5.149405e+00
1.324999999999976e+01	5.149744e+00
1.325999999999976e+01	5.150083e+00
1.326999999999976e+01	5.150423e+00
1.327999999999976e+01	5.150762e+00
1.328999999999976e+01	5.151101e+00
1.329999999999976e+01	5.151440e+00
1.330999999999976e+01	5.151779e+00
1.331999999999976e+01	5.152118e+00
1.332999999999976e+01	5.152457e+00
1.333999999999976e+01	5.152796e+00
1.334999999999976e+01	5.153135e+00
1.335999999999976e+01	5.153474e+00
1.336999999999976e+01	5.153813e+00
1.337999999999976e+01	5.154151e+00
1.338999999999976e+01	5.154490e+00
1.339999999999976e+01	5.154829e+00
1.340999999999976e+01	5.155168e+00
1.341999999999976e+01	5.155507e+00
1.342999999999976e+01	5.155846e+00
1.343999999999976e+01	5.156184e+00
1.344999999999976e+01	5.156523e+00
1.345999999999976e+01	5.156862e+00
1.346999999999976e+01	5.157200e+00
1.347999999999976e+01	5.157539e+00
1.348999999999976e+01	5.157877e+00
1.349999999999976e+01	5.158216e+00
1.350999999999976e+01	5.158555e+00
1.351999999999976e+01	5.158893e+00
1.352999999999976e+01	5.159232e+00
1.353999999999976e+01	5.159570e+00
1.354999999999976e+01	5.159909e+00
1.355999999999976e+01	5.160247e+00
1.356999999999976e+01	5.160585e+00
1.357999999999975e+01	5.160924e+00
1.358999999999975e+01	5.161263e+00
1.359999999999975e+01	5.161601e+00
1.360999999999975e+01	5.161939e+00
1.361999999999975e+01	5.162277e+00
1.362999999999975e+01	5.162616e+00
1.363999999999975e+01	5.162954e+00
1.364999999999975e+01	5.163292e+00
1.365999999999975e+01	5.163630e+00
1.366999999999975e+01	5.163969e+00
1.367999999999975e+01	5.164307e+00
1.368999999999975e+01	5.164645e+00
1.369999999999975e+01	5.164983e+00
1.370999999999975e+01	5.165321e+00
1.371999999999975e+01	5.165659e+00
1.372999999999975e+01	5.165997e+00
1.373999999999975e+01	5.166335e+00
1.374999999999975e+01	5.166673e+00
1.375999999999975e+01	5.167011e+00
1.376999999999975e+01	5.167349e+00
1.377999999999975e+01	5.167687e+00
1.378999999999975e+01	5.168025e+00
1.379999999999975e+01	5.168363e+00
1.380999999999975e+01	5.168701e+00
1.381999999999975e+01	5.169039e+00
1.382999999999975e+01	5.169377e+00
1.383999999999975e+01	5.169715e+00
1.384999999999975e+01	5.170053e+00
1.385999999999975e+01	5.170391e+00
1.386999999999975e+01	5.170729e+00
1.387999999999975e+01	5.171066e+00
1.388999999999975e+01	5.171404e+00
1.389999999999975e+01	5.171742e+00
1.390999999999975e+01	5.172080e+00
1.391999999999975e+01	5.172417e+00
1.392999999999975e+01	5.172755e+00
1.393999999999975e+01	5.173093e+00
1.394999999999975e+01	5.173430e+00
1.395999999999975e+01	5.173768e+00
1.396999999999975e+01	5.174106e+00
1.397999999999975e+01	5.174444e+00
1.398999999999975e+01	5.174781e+00
1.399999999999975e+01	5.175119e+00
1.400999999999975e+01	5.175457e+00
1.401999999999975e+01	5.175794e+00
1.402999999999975e+01	5.176132e+00
1.403999999999975e+01	5.176469e+00
1.404999999999974e+01	5.176807e+00
1.405999999999974e+01	5.177145e+00
1.406999999999974e+01	5.177482e+00
1.407999999999974e+01	5.177819e+00
1.408999999999974e+01	5.178157e+00
1.409999999999974e+01	5.178494e+00
1.410999999999974e+01	5.178832e+00
1.411999999999974e+01	5.179170e+00
1.412999999999974e+01	5.179507e+00
1.413999999999974e+01	5.179844e+00
1.414999999999974e+01	5.180182e+00
1.415999999999974e+01	5.180519e+00
1.416999999999974e+01	5.180857e+00
1.417999999999974e+01	5.181194e+00
1.418999999999974e+01	5.181531e+00
1.419999999999974e+01	5.181869e+00
1.420999999999974e+01	5.182206e+00
1.421999999999974e+01	5.182544e+00
1.422999999999974e+01	5.182881e+00
1.423999999999974e+01	5.183218e+00
1.424999999999974e+01	5.183556e+00
1.425999999999974e+01	5.183893e+00
1.426999999999974e+01	5.184230e+00
1.427999999999974e+01	5.184567e+00
1.428999999999974e+01	5.184905e+00
1.429999999999974e+01	5.185242e+00
1.430999999999974e+01	5.185579e+00
1.431999999999974e+01	5.185917e+00
1.432999999999974e+01	5.186254e+00
1.433999999999974e+01	5.186591e+00
1.434999999999974e+01	5.186928e+00
1.435999999999974e+01	5.187266e+00
1.436999999999974e+01	5.187603e+00
1.437999999999974e+01	5.187940e+00
1.438999999999974e+01	5.188277e+00
1.439999999999974e+01	5.188614e+00
1.440999999999974e+01	5.188952e+00
1.441999999999974e+01	5.189289e+00
1.442999999999974e+01	5.189626e+00
1.443999999999974e+01	5.189963e+00
1.444999999999974e+01	5.190300e+00
1.445999999999974e+01	5.190638e+00
1.446999999999974e+01	5.190975e+00
1.447999999999974e+01	5.191312e+00
1.448999999999974e+01	5.191649e+00
1.449999999999974e+01	5.191986e+00
1.450999999999974e+01	5.192323e+00
1.451999999999973e+01	5.192660e+00
1.452999999999973e+01	5.192997e+00
1.453999999999973e+01	5.193335e+00
1.454999999999973e+01	5.193672e+00
1.455999999999973e+01	5.194009e+00
1.456999999999973e+01	5.194346e+00
1.457999999999973e+01	5.194683e+00
1.458999999999973e+01	5.195020e+00
1.459999999999973e+01	5.195357e+00
1.460999999999973e+01	5.195694e+00
1.461999999999973e+01	5.196032e+00
1.462999999999973e+01	5.196369e+00
1.463999999999973e+01	5.196706e+00
1.464999999999973e+01	5.197043e+00
1.465999999999973e+01	5.197380e+00
1.466999999999973e+01	5.197717e+00
1.467999999999973e+01	5.198054e+00
1.468999999999973e+01	5.198391e+00
1.469999999999973e+01	5.198728e+00
1.470999999999973e+01	5.199065e+00
1.471999999999973e+01	5.199402e+00
1.472999999999973e+01	5.199739e+00
1.473999999999973e+01	5.200076e+00
1.474999999999973e+01	5.200413e+00
1.475999999999973e+01	5.200750e+00
1.476999999999973e+01	5.201087e+00
1.477999999999973e+01	5.201424e+00
1.478999999999973e+01	5.201761e+00
1.479999999999973e+01	5.202098e+00
1.480999999999973e+01	5.202435e+00
1.481999999999973e+01	5.202773e+00
1.482999999999973e+01	5.203109e+00
1.483999999999973e+01	5.203446e+00
1.484999999999973e+01	5.203784e+00
1.485999999999973e+01	5.204121e+00
1.486999999999973e+01	5.204457e+00
1.487999999999973e+01	5.204794e+00
1.488999999999973e+01	5.205132e+00
1.489999999999973e+01	5.205469e+00
1.490999999999973e+01	5.205806e+00
1.491999999999973e+01	5.206142e+00
1.492999999999973e+01	5.206480e+00
1.493999999999973e+01	5.206817e+00
1.494999999999973e+01	5.207154e+00
1.495999999999973e+01	5.207490e+00
1.496999999999973e+01	5.207828e+00
1.497999999999973e+01	5.208165e+00
1.498999999999972e+01	5.208502e+00
1.499999999999972e+01	5.208839e+00
1.500999999999972e+01	5.209176e+00
1.501999999999972e+01	5.209513e+00
1.502999999999972e+01	5.209850e+00
1.503999999999972e+01	5.210187e+00
1.504999999999972e+01	5.210524e+00
1.505999999999972e+01	5.210861e+00
1.506999999999972e+01	5.211198e+00
1.507999999999972e+01	5.211535e+00
1.508999999999972e+01	5.211872e+00
1.509999999999972e+01	5.212209e+00
1.510999999999972e+01	5.212546e+00
1.511999999999972e+01	5.212883e+00
1.512999999999972e+01	5.213220e+00
1.513999999999972e+01	5.213557e+00
1.514999999999972e+01	5.213894e+00
1.515999999999972e+01	5.214231e+00
1.516999999999972e+01	5.214568e+00
1.517999999999972e+01	5.214905e+00
1.518999999999972e+01	5.215242e+00
1.519999999999972e+01	5.215580e+00
1.520999999999972e+01	5.215917e+00
1.521999999999972e+01	5.216253e+00
1.522999999999972e+01	5.216590e+00
1.523999999999972e+01	5.216928e+00
1.524999999999972e+01	5.217265e+00
1.525999999999972e+01	5.217602e+00
1.526999999999972e+01	5.217939e+00
1.527999999999972e+01	5.218276e+00
1.528999999999972e+01	5.218613e+00
1.529999999999972e+01	5.218950e+00
1.530999999999972e+01	5.219287e+00
1.531999999999972e+01	5.219625e+00
1.532999999999972e+01	5.219962e+00
1.533999999999972e+01	5.220299e+00
1.534999999999972e+01	5.220636e+00
1.535999999999972e+01	5.220973e+00
1.536999999999972e+01	5.221310e+00
1.537999999999972e+01	5.221647e+00
1.538999999999972e+01	5.221984e+00
1.539999999999972e+01	5.222322e+00
1.540999999999972e+01	5.222659e+00
1.541999999999972e+01	5.222996e+00
1.542999999999972e+01	5.223333e+00
1.543999999999972e+01	5.223670e+00
1.544999999999972e+01	5.224007e+00
1.545999999999971e+01	5.224344e+00
1.546999999999971e+01	5.224681e+00
1.547999999999971e+01	5.225019e+00
1.548999999999971e+01	5.225356e+00
1.549999999999971e+01	5.225693e+00
1.550999999999971e+01	5.226030e+00
1.551999999999971e+01	5.226367e+00
1.552999999999971e+01	5.226705e+00
1.553999999999971e+01	5.227042e+00
1.554999999999971e+01	5.227379e+00
1.555999999999971e+01	5.227716e+00
1.556999999999971e+01	5.228054e+00
1.557999999999971e+01	5.228391e+00
1.558999999999971e+01	5.228728e+00
1.559999999999971e+01	5.229065e+00
1.560999999999971e+01	5.229403e+00
1.561999999999971e+01	5.229740e+00
1.562999999999971e+01	5.230077e+00
1.563999999999971e+01	5.230414e+00
1.564999999999971e+01	5.230752e+00
1.565999999999971e+01	5.231089e+00
1.566999999999971e+01	5.231427e+00
1.567999999999971e+01	5.231764e+00
1.568999999999971e+01	5.232101e+00
1.569999999999971e+01	5.232439e+00
1.570999999999971e+01	5.232776e+00
1.571999999999971e+01	5.233113e+00
1.572999999999971e+01	5.233451e+00
1.573999999999971e+01	5.233788e+00
1.574999999999971e+01	5.234126e+00
1.575999999999971e+01	5.234463e+00
1.576999999999971e+01	5.234800e+00
1.577999999999971e+01	5.235137e+00
1.578999999999971e+01	5.235475e+00
1.579999999999971e+01	5.235813e+00
1.580999999999971e+01	5.236150e+00
1.581999999999971e+01	5.236487e+00
1.582999999999971e+01	5.236825e+00
1.583999999999971e+01	5.237163e+00
1.584999999999971e+01	5.237500e+00
1.585999999999971e+01	5.237837e+00
1.586999999999971e+01	5.238175e+00
1.587999999999971e+01	5.238513e+00
1.588999999999971e+01	5.238850e+00
1.589999999999971e+01	5.239187e+00
1.590999999999971e+01	5.239525e+00
1.591999999999971e+01	5.239862e+00
1.592999999999970e+01	5.240200e+00
1.593999999999970e+01	5.240538e+00
1.594999999999970e+01	5.240875e+00
1.595999999999970e+01	5.241213e+00
1.596999999999970e+01	5.241550e+00
1.597999999999970e+01	5.241888e+00
1.598999999999970e+01	5.242226e+00
1.599999999999970e+01	5.242563e+00
1.600999999999970e+01	5.242901e+00
1.601999999999970e+01	5.243239e+00
1.602999999999971e+01	5.243577e+00
1.603999999999971e+01	5.243914e+00
1.604999999999971e+01	5.244252e+00
1.605999999999971e+01	5.244589e+00
1.606999999999971e+01	5.244927e+00
1.607999999999971e+01	5.245265e+00
1.608999999999972e+01	5.245603e+00
1.609999999999972e+01	5.245941e+00
1.610999999999972e+01	5.246278e+00
1.611999999999972e+01	5.246616e+00
1.612999999999972e+01	5.246954e+00
1.613999999999972e+01	5.247292e+00
1.614999999999973e+01	5.247630e+00
1.615999999999973e+01	5.247967e+00
1.616999999999973e+01	5.248305e+00
1.617999999999973e+01	5.248643e+00
1.618999999999973e+01	5.248981e+00
1.619999999999973e+01	5.249319e+00
1.620999999999973e+01	5.249657e+00
1.621999999999974e+01	5.249995e+00
1.622999999999974e+01	5.250332e+00
1.623999999999974e+01	5.250670e+00
1.624999999999974e+01	5.251009e+00
1.625999999999974e+01	5.251347e+00
1.626999999999974e+01	5.251684e+00
1.627999999999975e+01	5.252022e+00
1.628999999999975e+01	5.252360e+00
1.629999999999975e+01	5.252698e+00
1.630999999999975e+01	5.253036e+00
1.631999999999975e+01	5.253375e+00
1.632999999999975e+01	5.253713e+00
1.633999999999975e+01	5.254051e+00
1.634999999999976e+01	5.254389e+00
1.635999999999976e+01	5.254727e+00
1.636999999999976e+01	5.255065e+00
1.637999999999976e+01	5.255403e+00
1.638999999999976e+01	5.255741e+00
1.639999999999976e+01	5.256079e+00
1.640999999999977e+01	5.256417e+00
1.641999999999977e+01	5.256756e+00
1.642999999999977e+01	5.257094e+00
1.643999999999977e+01	5.257432e+00
1.644999999999977e+01	5.257770e+00
1.645999999999977e+01	5.258109e+00
1.646999999999978e+01	5.258447e+00
1.647999999999978e+01	5.258785e+00
1.648999999999978e+01	5.259123e+00
1.649999999999978e+01	5.259462e+00
1.650999999999978e+01	5.259800e+00
1.651999999999978e+01	5.260139e+00
1.652999999999978e+01	5.260477e+00
1.653999999999979e+01	5.260815e+00
1.654999999999979e+01	5.261153e+00
1.655999999999979e+01	5.261492e+00
1.656999999999979e+01	5.261830e+00
1.657999999999979e+01	5.262169e+00
1.658999999999979e+01	5.262507e+00
1.659999999999980e+01	5.262846e+00
1.660999999999980e+01	5.263184e+00
1.661999999999980e+01	5.263523e+00
1.662999999999980e+01	5.263861e+00
1.663999999999980e+01	5.264200e+00
1.664999999999980e+01	5.264538e+00
1.665999999999980e+01	5.264877e+00
1.666999999999981e+01	5.265215e+00
1.667999999999981e+01	5.265554e+00
1.668999999999981e+01	5.265893e+00
1.669999999999981e+01	5.266231e+00
1.670999999999981e+01	5.266570e+00
1.671999999999981e+01	5.266908e+00
1.672999999999982e+01	5.267247e+00
1.673999999999982e+01	5.267586e+00
1.674999999999982e+01	5.267924e+00
1.675999999999982e+01	5.268263e+00
1.676999999999982e+01	5.268602e+00
1.677999999999982e+01	5.268941e+00
1.678999999999983e+01	5.269279e+00
1.679999999999983e+01	5.269619e+00
1.680999999999983e+01	5.269957e+00
1.681999999999983e+01	5.270296e+00
1.682999999999983e+01	5.270635e+00
1.683999999999983e+01	5.270974e+00
1.684999999999983e+01	5.271313e+00
1.685999999999984e+01	5.271651e+00
1.686999999999984e+01	5.271990e+00
1.687999999999984e+01	5.272329e+00
1.688999999999984e+01	5.272668e+00
1.689999999999984e+01	5.273007e+00
1.690999999999984e+01	5.273346e+00
1.691999999999985e+01	5.273685e+00
1.692999999999985e+01	5.274024e+00
1.693999999999985e+01	5.274363e+00
1.694999999999985e+01	5.274703e+00
1.695999999999985e+01	5.275042e+00
1.696999999999985e+01	5.275381e+00
1.697999999999985e+01	5.275720e+00
1.698999999999986e+01	5.276059e+00
1.699999999999986e+01	5.276398e+00
1.700999999999986e+01	5.276737e+00
1.701999999999986e+01	5.277076e+00
1.702999999999986e+01	5.277415e+00
1.703999999999986e+01	5.277755e+00
1.704999999999987e+01	5.278094e+00
1.705999999999987e+01	5.278433e+00
1.706999999999987e+01	5.278772e+00
1.707999999999987e+01	5.279112e+00
1.708999999999987e+01	5.279451e+00
1.709999999999987e+01	5.279790e+00
1.710999999999988e+01	5.280130e+00
1.711999999999988e+01	5.280469e+00
1.712999999999988e+01	5.280808e+00
1.713999999999988e+01	5.281148e+00
1.714999999999988e+01	5.281487e+00
1.715999999999988e+01	5.281827e+00
1.716999999999988e+01	5.282166e+00
1.717999999999989e+01	5.282506e+00
1.718999999999989e+01	5.282845e+00
1.719999999999989e+01	5.283185e+00
1.720999999999989e+01	5.283525e+00
1.721999999999989e+01	5.283864e+00
1.722999999999989e+01	5.284204e+00
1.723999999999990e+01	5.284544e+00
1.724999999999990e+01	5.284883e+00
1.725999999999990e+01	5.285223e+00
1.726999999999990e+01	5.285563e+00
1.727999999999990e+01	5.285902e+00
1.728999999999990e+01	5.286242e+00
1.729999999999990e+01	5.286582e+00
1.730999999999991e+01	5.286922e+00
1.731999999999991e+01	5.287261e+00
1.732999999999991e+01	5.287601e+00
1.733999999999991e+01	5.287941e+00
1.734999999999991e+01	5.288280e+00
1.735999999999991e+01	5.288620e+00
1.736999999999992e+01	5.288960e+00
1.737999999999992e+01	5.289300e+00
1.738999999999992e+01	5.289640e+00
1.739999999999992e+01	5.289980e+00
1.740999999999992e+01	5.290320e+00
1.741999999999992e+01	5.290660e+00
1.742999999999993e+01	5.291000e+00
1.743999999999993e+01	5.291340e+00
1.744999999999993e+01	5.291680e+00
1.745999999999993e+01	5.292020e+00
1.746999999999993e+01	5.292360e+00
1.747999999999993e+01	5.292700e+00
1.748999999999993e+01	5.293041e+00
1.749999999999994e+01	5.293381e+00
1.750999999999994e+01	5.293721e+00
1.751999999999994e+01	5.294061e+00
1.752999999999994e+01	5.294402e+00
1.753999999999994e+01	5.294742e+00
1.754999999999994e+01	5.295082e+00
1.755999999999995e+01	5.295422e+00
1.756999999999995e+01	5.295763e+00
1.757999999999995e+01	5.296103e+00
1.758999999999995e+01	5.296443e+00
1.759999999999995e+01	5.296783e+00
1.760999999999995e+01	5.297124e+00
1.761999999999995e+01	5.297464e+00
1.762999999999996e+01	5.297805e+00
1.763999999999996e+01	5.298145e+00
1.764999999999996e+01	5.298486e+00
1.765999999999996e+01	5.298826e+00
1.766999999999996e+01	5.299167e+00
1.767999999999996e+01	5.299508e+00
1.768999999999997e+01	5.299848e+00
1.769999999999997e+01	5.300189e+00
1.770999999999997e+01	5.300529e+00
1.771999999999997e+01	5.300870e+00
1.772999999999997e+01	5.301211e+00
1.773999999999997e+01	5.301551e+00
1.774999999999998e+01	5.301892e+00
1.775999999999998e+01	5.302233e+00
1.776999999999998e+01	5.302574e+00
1.777999999999998e+01	5.302914e+00
1.778999999999998e+01	5.303255e+00
1.779999999999998e+01	5.303596e+00
1.780999999999998e+01	5.303937e+00
1.781999999999999e+01	5.304278e+00
1.782999999999999e+01	5.304619e+00
1.783999999999999e+01	5.304960e+00
1.784999999999999e+01	5.305301e+00
1.785999999999999e+01	5.305642e+00
1.786999999999999e+01	5.305983e+00
1.788000000000000e+01	5.306324e+00
1.789000000000000e+01	5.306664e+00
1.790000000000000e+01	5.307006e+00
1.791000000000000e+01	5.307347e+00
1.792000000000000e+01	5.307688e+00
1.793000000000000e+01	5.308029e+00
1.794000000000000e+01	5.308370e+00
1.795000000000001e+01	5.308712e+00
1.796000000000001e+01	5.309052e+00
1.797000000000001e+01	5.309394e+00
1.798000000000001e+01	5.309735e+00
1.799000000000001e+01	5.310076e+00
1.800000000000001e+01	5.310418e+00
1.801000000000002e+01	5.310759e+00
1.802000000000002e+01	5.311100e+00
1.803000000000002e+01	5.311442e+00
1.804000000000002e+01	5.311783e+00
1.805000000000002e+01	5.312125e+00
1.806000000000002e+01	5.312466e+00
1.807000000000003e+01	5.312808e+00
1.808000000000003e+01	5.313149e+00
1.809000000000003e+01	5.313490e+00
1.810000000000003e+01	5.313832e+00
1.811000000000003e+01	5.314174e+00
1.812000000000003e+01	5.314516e+00
1.813000000000003e+01	5.314857e+00
1.814000000000004e+01	5.315198e+00
1.815000000000004e+01	5.315540e+00
1.816000000000004e+01	5.315882e+00
1.817000000000004e+01	5.316224e+00
1.818000000000004e+01	5.316566e+00
1.819000000000004e+01	5.316907e+00
1.820000000000005e+01	5.317249e+00
1.821000000000005e+01	5.317591e+00
1.822000000000005e+01	5.317933e+00
1.823000000000005e+01	5.318274e+00
1.824000000000005e+01	5.318616e+00
1.825000000000005e+01	5.318958e+00
1.826000000000005e+01	5.319301e+00
1.827000000000006e+01	5.319643e+00
1.828000000000006e+01	5.319984e+00
1.829000000000006e+01	5.320326e+00
1.830000000000006e+01	5.320669e+00
1.831000000000006e+01	5.321011e+00
1.832000000000006e+01	5.321353e+00
1.833000000000007e+01	5.321695e+00
1.834000000000007e+01	5.322037e+00
1.835000000000007e+01	5.322379e+00
1.836000000000007e+01	5.322721e+00
1.837000000000007e+01	5.323064e+00
1.838000000000007e+01	5.323406e+00
1.839000000000008e+01	5.323748e+00
1.840000000000008e+01	5.324090e+00
1.841000000000008e+01	5.324433e+00
1.842000000000008e+01	5.324775e+00
1.843000000000008e+01	5.325118e+00
1.844000000000008e+01	5.325460e+00
1.845000000000008e+01	5.325802e+00
1.846000000000009e+01	5.326145e+00
1.847000000000009e+01	5.326488e+00
1.848000000000009e+01	5.326830e+00
1.849000000000009e+01	5.327173e+00
1.850000000000009e+01	5.327515e+00
1.851000000000009e+01	5.327858e+00
1.852000000000010e+01	5.328200e+00
1.853000000000010e+01	5.328543e+00
1.854000000000010e+01	5.328886e+00
1.855000000000010e+01	5.329228e+00
1.856000000000010e+01	5.329571e+00
1.857000000000010e+01	5.329914e+00
1.858000000000010e+01	5.330257e+00
1.859000000000011e+01	5.330600e+00
1.860000000000011e+01	5.330943e+00
1.861000000000011e+01	5.331285e+00
1.862000000000011e+01	5.331628e+00
1.863000000000011e+01	5.331971e+00
1.864000000000011e+01	5.332314e+00
1.865000000000012e+01	5.332657e+00
1.866000000000012e+01	5.333000e+00
1.867000000000012e+01	5.333343e+00
1.868000000000012e+01	5.333686e+00
1.869000000000012e+01	5.334029e+00
1.870000000000012e+01	5.334373e+00
1.871000000000013e+01	5.334715e+00
1.872000000000013e+01	5.335059e+00
1.873000000000013e+01	5.335402e+00
1.874000000000013e+01	5.335745e+00
1.875000000000013e+01	5.336088e+00
1.876000000000013e+01	5.336432e+00
1.877000000000013e+01	5.336775e+00
1.878000000000014e+01	5.337118e+00
1.879000000000014e+01	5.337461e+00
1.880000000000014e+01	5.337805e+00
1.881000000000014e+01	5.338149e+00
1.882000000000014e+01	5.338492e+00
1.883000000000014e+01	5.338835e+00
1.884000000000015e+01	5.339179e+00
1.885000000000015e+01	5.339522e+00
1.886000000000015e+01	5.339866e+00
1.887000000000015e+01	5.340209e+00
1.888000000000015e+01	5.340553e+00
1.889000000000015e+01	5.340897e+00
1.890000000000015e+01	5.341240e+00
1.891000000000016e+01	5.341584e+00
1.892000000000016e+01	5.341928e+00
1.893000000000016e+01	5.342272e+00
1.894000000000016e+01	5.342616e+00
1.895000000000016e+01	5.342959e+00
1.896000000000016e+01	5.343303e+00
1.897000000000017e+01	5.343647e+00
1.898000000000017e+01	5.343991e+00
1.899000000000017e+01	5.344335e+00
1.900000000000017e+01	5.344679e+00
1.901000000000017e+01	5.345023e+00
1.902000000000017e+01	5.345366e+00
1.903000000000018e+01	5.345711e+00
1.904000000000018e+01	5.346055e+00
1.905000000000018e+01	5.346399e+00
1.906000000000018e+01	5.346743e+00
1.907000000000018e+01	5.347087e+00
1.908000000000018e+01	5.347431e+00
1.909000000000018e+01	5.347775e+00
1.910000000000019e+01	5.348120e+00
1.911000000000019e+01	5.348464e+00
1.912000000000019e+01	5.348808e+00
1.913000000000019e+01	5.349153e+00
1.914000000000019e+01	5.349497e+00
1.915000000000019e+01	5.349842e+00
1.916000000000020e+01	5.350186e+00
1.917000000000020e+01	5.350530e+00
1.918000000000020e+01	5.350875e+00
1.919000000000020e+01	5.351219e+00
1.920000000000020e+01	5.351564e+00
1.921000000000020e+01	5.351908e+00
1.922000000000020e+01	5.352253e+00
1.923000000000021e+01	5.352597e+00
1.924000000000021e+01	5.352942e+00
1.925000000000021e+01	5.353287e+00
1.926000000000021e+01	5.353631e+00
1.927000000000021e+01	5.353976e+00
1.928000000000021e+01	5.354321e+00
1.929000000000022e+01	5.354666e+00
1.930000000000022e+01	5.355011e+00
1.931000000000022e+01	5.355355e+00
1.932000000000022e+01	5.355700e+00
1.933000000000022e+01	5.356045e+00
1.934000000000022e+01	5.356390e+00
1.935000000000023e+01	5.356735e+00
1.936000000000023e+01	5.357080e+00
1.937000000000023e+01	5.357425e+00
1.938000000000023e+01	5.357770e+00
1.939000000000023e+01	5.358115e+00
1.940000000000023e+01	5.358460e+00
1.941000000000023e+01	5.358806e+00
1.942000000000024e+01	5.359151e+00
1.943000000000024e+01	5.359496e+00
1.944000000000024e+01	5.359841e+00
1.945000000000024e+01	5.360187e+00
1.946000000000024e+01	5.360532e+00
1.947000000000024e+01	5.360877e+00
1.948000000000025e+01	5.361222e+00
1.949000000000025e+01	5.361568e+00
1.950000000000025e+01	5.361913e+00
1.951000000000025e+01	5.362258e+00
1.952000000000025e+01	5.362604e+00
1.953000000000025e+01	5.362950e+00
1.954000000000025e+01	5.363295e+00
1.955000000000026e+01	5.363641e+00
1.956000000000026e+01	5.363986e+00
1.957000000000026e+01	5.364332e+00
1.958000000000026e+01	5.364677e+00
1.959000000000026e+01	5.365023e+00
1.960000000000026e+01	5.365369e+00
1.961000000000027e+01	5.365715e+00
1.962000000000027e+01	5.366061e+00
1.963000000000027e+01	5.366406e+00
1.964000000000027e+01	5.366752e+00
1.965000000000027e+01	5.367098e+00
1.966000000000027e+01	5.367444e+00
1.967000000000028e+01	5.367790e+00
1.968000000000028e+01	5.368136e+00
1.969000000000028e+01	5.368482e+00
1.970000000000028e+01	5.368828e+00
1.971000000000028e+01	5.369174e+00
1.972000000000028e+01	5.369520e+00
1.973000000000028e+01	5.369866e+00
1.974000000000029e+01	5.370212e+00
1.975000000000029e+01	5.370558e+00
1.976000000000029e+01	5.370904e+00
1.977000000000029e+01	5.371251e+00
1.978000000000029e+01	5.371597e+00
1.979000000000029e+01	5.371943e+00
1.980000000000030e+01	5.372290e+00
1.981000000000030e+01	5.372636e+00
1.982000000000030e+01	5.372983e+00
1.983000000000030e+01	5.373329e+00
1.984000000000030e+01	5.373675e+00
1.985000000000030e+01	5.374022e+00
1.986000000000030e+01	5.374368e+00
1.987000000000031e+01	5.374715e+00
1.988000000000031e+01	5.375062e+00
1.989000000000031e+01	5.375408e+00
1.990000000000031e+01	5.375755e+00
1.991000000000031e+01	5.376101e+00
1.992000000000031e+01	5.376448e+00
1.993000000000032e+01	5.376795e+00
1.994000000000032e+01	5.377141e+00
1.995000000000032e+01	5.377489e+00
1.996000000000032e+01	5.377835e+00
1.997000000000032e+01	5.378182e+00
1.998000000000032e+01	5.378529e+00
1.999000000000033e+01	5.378876e+00
2.000000000000033e+01	5.379223e+00
2.001000000000033e+01	5.379570e+00
2.002000000000033e+01	5.379917e+00
2.003000000000033e+01	5.380264e+00
2.004000000000033e+01	5.380611e+00
2.005000000000033e+01	5.380958e+00
2.006000000000034e+01	5.381305e+00
2.007000000000034e+01	5.381652e+00
2.008000000000034e+01	5.382000e+00
2.009000000000034e+01	5.382347e+00
2.010000000000034e+01	5.382694e+00
2.011000000000034e+01	5.383041e+00
2.012000000000035e+01	5.383389e+00
2.013000000000035e+01	5.383736e+00
2.014000000000035e+01	5.384084e+00
2.015000000000035e+01	5.384431e+00
2.016000000000035e+01	5.384778e+00
2.017000000000035e+01	5.385126e+00
2.018000000000035e+01	5.385474e+00
2.019000000000036e+01	5.385821e+00
2.020000000000036e+01	5.386169e+00
2.021000000000036e+01	5.386517e+00
2.022000000000036e+01	5.386864e+00
2.023000000000036e+01	5.387212e+00
2.024000000000036e+01	5.387559e+00
2.025000000000037e+01	5.387908e+00
2.026000000000037e+01	5.388255e+00
2.027000000000037e+01	5.388603e+00
2.028000000000037e+01	5.388951e+00
2.029000000000037e+01	5.389298e+00
2.030000000000037e+01	5.389647e+00
2.031000000000038e+01	5.389995e+00
2.032000000000038e+01	5.390343e+00
2.033000000000038e+01	5.390690e+00
2.034000000000038e+01	5.391038e+00
2.035000000000038e+01	5.391387e+00
2.036000000000038e+01	5.391735e+00
2.037000000000038e+01	5.392083e+00
2.038000000000039e+01	5.392431e+00
2.039000000000039e+01	5.392779e+00
2.040000000000039e+01	5.393127e+00
2.041000000000039e+01	5.393476e+00
2.042000000000039e+01	5.393824e+00
2.043000000000039e+01	5.394173e+00
2.044000000000040e+01	5.394521e+00
2.045000000000040e+01	5.394869e+00
2.046000000000040e+01	5.395218e+00
2.047000000000040e+01	5.395566e+00
2.048000000000040e+01	5.395915e+00
2.049000000000040e+01	5.396263e+00
2.050000000000041e+01	5.396612e+00
2.051000000000041e+01	5.396960e+00
2.052000000000041e+01	5.397309e+00
2.053000000000041e+01	5.397658e+00
2.054000000000041e+01	5.398006e+00
2.055000000000041e+01	5.398355e+00
2.056000000000041e+01	5.398704e+00
2.057000000000042e+01	5.399053e+00
2.058000000000042e+01	5.399402e+00
2.059000000000042e+01	5.399750e+00
2.060000000000042e+01	5.400099e+00
2.061000000000042e+01	5.400448e+00
2.062000000000042e+01	5.400797e+00
2.063000000000043e+01	5.401146e+00
2.064000000000043e+01	5.401495e+00
2.065000000000043e+01	5.401845e+00
2.066000000000043e+01	5.402194e+00
2.067000000000043e+01	5.402543e+00
2.068000000000043e+01	5.402892e+00
2.069000000000043e+01	5.403241e+00
2.070000000000044e+01	5.403590e+00
2.071000000000044e+01	5.403940e+00
2.072000000000044e+01	5.404289e+00
2.073000000000044e+01	5.404638e+00
2.074000000000044e+01	5.404987e+00
2.075000000000044e+01	5.405337e+00
2.076000000000045e+01	5.405686e+00
2.077000000000045e+01	5.406036e+00
2.078000000000045e+01	5.406385e+00
2.079000000000045e+01	5.406735e+00
2.080000000000045e+01	5.407084e+00
2.081000000000045e+01	5.407434e+00
2.082000000000046e+01	5.407784e+00
2.083000000000046e+01	5.408134e+00
2.084000000000046e+01	5.408483e+00
2.085000000000046e+01	5.408833e+00
2.086000000000046e+01	5.409183e+00
2.087000000000046e+01	5.409533e+00
2.088000000000046e+01	5.409882e+00
2.089000000000047e+01	5.410232e+00
2.090000000000047e+01	5.410582e+00
2.091000000000047e+01	5.410932e+00
2.092000000000047e+01	5.411282e+00
2.093000000000047e+01	5.411632e+00
2.094000000000047e+01	5.411982e+00
2.095000000000048e+01	5.412332e+00
2.096000000000048e+01	5.412682e+00
2.097000000000048e+01	5.413033e+00
2.098000000000048e+01	5.413383e+00
2.099000000000048e+01	5.413733e+00
2.100000000000048e+01	5.414083e+00
2.101000000000048e+01	5.414433e+00
2.102000000000049e+01	5.414783e+00
2.103000000000049e+01	5.415134e+00
2.104000000000049e+01	5.415484e+00
2.105000000000049e+01	5.415835e+00
2.106000000000049e+01	5.416185e+00
2.107000000000049e+01	5.416536e+00
2.108000000000050e+01	5.416886e+00
2.109000000000050e+01	5.417237e+00
2.110000000000050e+01	5.417587e+00
2.111000000000050e+01	5.417938e+00
2.112000000000050e+01	5.418289e+00
2.113000000000050e+01	5.418639e+00
2.114000000000051e+01	5.418990e+00
2.115000000000051e+01	5.419341e+00
2.116000000000051e+01	5.419692e+00
2.117000000000051e+01	5.420043e+00
2.118000000000051e+01	5.420393e+00
2.119000000000051e+01	5.420744e+00
2.120000000000051e+01	5.421095e+00
2.121000000000052e+01	5.421446e+00
2.122000000000052e+01	5.421797e+00
2.123000000000052e+01	5.422148e+00
2.124000000000052e+01	5.422499e+00
2.125000000000052e+01	5.422851e+00
2.126000000000052e+01	5.423202e+00
2.127000000000053e+01	5.423553e+00
2.128000000000053e+01	5.423904e+00
2.129000000000053e+01	5.424255e+00
2.130000000000053e+01	5.424606e+00
2.131000000000053e+01	5.424958e+00
2.132000000000053e+01	5.425309e+00
2.133000000000053e+01	5.425661e+00
2.134000000000054e+01	5.426012e+00
2.135000000000054e+01	5.426363e+00
2.136000000000054e+01	5.426715e+00
2.137000000000054e+01	5.427066e+00
2.138000000000054e+01	5.427418e+00
2.139000000000054e+01	5.427770e+00
2.140000000000055e+01	5.428121e+00
2.141000000000055e+01	5.428473e+00
2.142000000000055e+01	5.428825e+00
2.143000000000055e+01	5.429176e+00
2.144000000000055e+01	5.429528e+00
2.145000000000055e+01	5.429880e+00
2.146000000000056e+01	5.430232e+00
2.147000000000056e+01	5.430584e+00
2.148000000000056e+01	5.430936e+00
2.149000000000056e+01	5.431288e+00
2.150000000000056e+01	5.431640e+00
2.151000000000056e+01	5.431992e+00
2.152000000000056e+01	5.432343e+00
2.153000000000057e+01	5.432696e+00
2.154000000000057e+01	5.433048e+00
2.155000000000057e+01	5.433400e+00
2.156000000000057e+01	5.433752e+00
2.157000000000057e+01	5.434104e+00
2.158000000000057e+01	5.434457e+00
2.159000000000058e+01	5.434809e+00
2.160000000000058e+01	5.435161e+00
2.161000000000058e+01	5.435513e+00
2.162000000000058e+01	5.435866e+00
2.163000000000058e+01	5.436219e+00
2.164000000000058e+01	5.436571e+00
2.165000000000058e+01	5.436924e+00
2.166000000000059e+01	5.437276e+00
2.167000000000059e+01	5.437629e+00
2.168000000000059e+01	5.437981e+00
2.169000000000059e+01	5.438334e+00
2.170000000000059e+01	5.438687e+00
2.171000000000059e+01	5.439039e+00
2.172000000000060e+01	5.439392e+00
2.173000000000060e+01	5.439745e+00
2.174000000000060e+01	5.440098e+00
2.175000000000060e+01	5.440451e+00
2.176000000000060e+01	5.440804e+00
2.177000000000060e+01	5.441156e+00
2.178000000000061e+01	5.441509e+00
2.179000000000061e+01	5.441863e+00
2.180000000000061e+01	5.442215e+00
2.181000000000061e+01	5.442569e+00
2.182000000000061e+01	5.442922e+00
2.183000000000061e+01	5.443275e+00
2.184000000000061e+01	5.443628e+00
2.185000000000062e+01	5.443981e+00
2.186000000000062e+01	5.444335e+00
2.187000000000062e+01	5.444688e+00
2.188000000000062e+01	5.445041e+00
2.189000000000062e+01	5.445395e+00
2.190000000000062e+01	5.445748e+00
2.191000000000063e+01	5.446102e+00
2.192000000000063e+01	5.446455e+00
2.193000000000063e+01	5.446808e+00
2.194000000000063e+01	5.447162e+00
2.195000000000063e+01	5.447515e+00
2.196000000000063e+01	5.447869e+00
2.197000000000063e+01	5.448223e+00
2.198000000000064e+01	5.448576e+00
2.199000000000064e+01	5.448930e+00
2.200000000000064e+01	5.449284e+00
2.201000000000064e+01	5.449638e+00
2.202000000000064e+01	5.449992e+00
2.203000000000064e+01	5.450346e+00
2.204000000000065e+01	5.450699e+00
2.205000000000065e+01	5.451054e+00
2.206000000000065e+01	5.451407e+00
2.207000000000065e+01	5.451761e+00
2.208000000000065e+01	5.452116e+00
2.209000000000065e+01	5.452469e+00
2.210000000000066e+01	5.452824e+00
2.211000000000066e+01	5.453178e+00
2.212000000000066e+01	5.453532e+00
2.213000000000066e+01	5.453887e+00
2.214000000000066e+01	5.454240e+00
2.215000000000066e+01	5.454595e+00
2.216000000000066e+01	5.454949e+00
2.217000000000067e+01	5.455304e+00
2.218000000000067e+01	5.455658e+00
2.219000000000067e+01	5.456012e+00
2.220000000000067e+01	5.456367e+00
2.221000000000067e+01	5.456721e+00
2.222000000000067e+01	5.457076e+00
2.223000000000068e+01	5.457431e+00
2.224000000000068e+01	5.457785e+00
2.225000000000068e+01	5.458140e+00
2.226000000000068e+01	5.458495e+00
2.227000000000068e+01	5.458849e+00
2.228000000000068e+01	5.459204e+00
2.229000000000068e+01	5.459559e+00
2.230000000000069e+01	5.459914e+00
2.231000000000069e+01	5.460269e+00
2.232000000000069e+01	5.460624e+00
2.233000000000069e+01	5.460979e+00
2.234000000000069e+01	5.461334e+00
2.235000000000069e+01	5.461689e+00
2.236000000000070e+01	5.462044e+00
2.237000000000070e+01	5.462399e+00
2.238000000000070e+01	5.462754e+00
2.239000000000070e+01	5.463109e+00
2.240000000000070e+01	5.463464e+00
2.241000000000070e+01	5.463820e+00
2.242000000000071e+01	5.464175e+00
2.243000000000071e+01	5.464530e+00
2.244000000000071e+01	5.464886e+00
2.245000000000071e+01	5.465241e+00
2.246000000000071e+01	5.465597e+00
2.247000000000071e+01	5.465952e+00
2.248000000000071e+01	5.466308e+00
2.249000000000072e+01	5.466663e+00
2.250000000000072e+01	5.467019e+00
2.251000000000072e+01	5.467374e+00
2.252000000000072e+01	5.467730e+00
2.253000000000072e+01	5.468086e+00
2.254000000000072e+01	5.468441e+00
2.255000000000073e+01	5.468797e+00
2.256000000000073e+01	5.469153e+00
2.257000000000073e+01	5.469509e+00
2.258000000000073e+01	5.469865e+00
2.259000000000073e+01	5.470221e+00
2.260000000000073e+01	5.470577e+00
2.261000000000073e+01	5.470932e+00
2.262000000000074e+01	5.471289e+00
2.263000000000074e+01	5.471645e+00
2.264000000000074e+01	5.472001e+00
2.265000000000074e+01	5.472357e+00
2.266000000000074e+01	5.472713e+00
2.267000000000074e+01	5.473070e+00
2.268000000000075e+01	5.473426e+00
2.269000000000075e+01	5.473782e+00
2.270000000000075e+01	5.474138e+00
2.271000000000075e+01	5.474495e+00
2.272000000000075e+01	5.474851e+00
2.273000000000075e+01	5.475208e+00
2.274000000000076e+01	5.475564e+00
2.275000000000076e+01	5.475921e+00
2.276000000000076e+01	5.476277e+00
2.277000000000076e+01	5.476634e+00
2.278000000000076e+01	5.476990e+00
2.279000000000076e+01	5.477347e+00
2.280000000000076e+01	5.477704e+00
2.281000000000077e+01	5.478060e+00
2.282000000000077e+01	5.478417e+00
2.283000000000077e+01	5.478774e+00
2.284000000000077e+01	5.479131e+00
2.285000000000077e+01	5.479488e+00
2.286000000000077e+01	5.479845e+00
2.287000000000078e+01	5.480202e+00
2.288000000000078e+01	5.480559e+00
2.289000000000078e+01	5.480916e+00
2.290000000000078e+01	5.481273e+00
2.291000000000078e+01	5.481630e+00
2.292000000000078e+01	5.481987e+00
2.293000000000078e+01	5.482344e+00
2.294000000000079e+01	5.482702e+00
2.295000000000079e+01	5.483059e+00
2.296000000000079e+01	5.483416e+00
2.297000000000079e+01	5.483774e+00
2.298000000000079e+01	5.484131e+00
2.299000000000079e+01	5.484488e+00
2.300000000000080e+01	5.484846e+00
2.301000000000080e+01	5.485203e+00
2.302000000000080e+01	5.485561e+00
2.303000000000080e+01	5.485919e+00
2.304000000000080e+01	5.486276e+00
2.305000000000080e+01	5.486634e+00
2.306000000000081e+01	5.486991e+00
2.307000000000081e+01	5.487349e+00
2.308000000000081e+01	5.487707e+00
2.309000000000081e+01	5.488065e+00
2.310000000000081e+01	5.488422e+00
2.311000000000081e+01	5.488780e+00
2.312000000000081e+01	5.489138e+00
2.313000000000082e+01	5.489496e+00
2.314000000000082e+01	5.489854e+00
2.315000000000082e+01	5.490212e+00
2.316000000000082e+01	5.490570e+00
2.317000000000082e+01	5.490928e+00
2.318000000000082e+01	5.491286e+00
2.319000000000083e+01	5.491644e+00
2.320000000000083e+01	5.492003e+00
2.321000000000083e+01	5.492361e+00
2.322000000000083e+01	5.492719e+00
2.323000000000083e+01	5.493078e+00
2.324000000000083e+01	5.493436e+00
2.325000000000083e+01	5.493794e+00
2.326000000000084e+01	5.494153e+00
2.327000000000084e+01	5.494511e+00
2.328000000000084e+01	5.494870e+00
2.329000000000084e+01	5.495228e+00
2.330000000000084e+01	5.495587e+00
2.331000000000084e+01	5.495945e+00
2.332000000000085e+01	5.496305e+00
2.333000000000085e+01	5.496663e+00
2.334000000000085e+01	5.497022e+00
2.335000000000085e+01	5.497381e+00
2.336000000000085e+01	5.497739e+00
2.337000000000085e+01	5.498098e+00
2.338000000000086e+01	5.498457e+00
2.339000000000086e+01	5.498816e+00
2.340000000000086e+01	5.499175e+00
2.341000000000086e+01	5.499534e+00
2.342000000000086e+01	5.499893e+00
2.343000000000086e+01	5.500252e+00
2.344000000000086e+01	5.500611e+00
2.345000000000087e+01	5.500970e+00
2.346000000000087e+01	5.501330e+00
2.347000000000087e+01	5.501689e+00
2.348000000000087e+01	5.502048e+00
2.349000000000087e+01	5.502408e+00
2.350000000000087e+01	5.502767e+00
2.351000000000088e+01	5.503126e+00
2.352000000000088e+01	5.503486e+00
2.353000000000088e+01	5.503845e+00
2.354000000000088e+01	5.504205e+00
2.355000000000088e+01	5.504564e+00
2.356000000000088e+01	5.504924e+00
2.357000000000088e+01	5.505283e+00
2.358000000000089e+01	5.505643e+00
2.359000000000089e+01	5.506003e+00
2.360000000000089e+01	5.506362e+00
2.361000000000089e+01	5.506722e+00
2.362000000000089e+01	5.507082e+00
2.363000000000089e+01	5.507442e+00
2.364000000000090e+01	5.507802e+00
2.365000000000090e+01	5.508162e+00
2.366000000000090e+01	5.508522e+00
2.367000000000090e+01	5.508882e+00
2.368000000000090e+01	5.509242e+00
2.369000000000090e+01	5.509602e+00
2.370000000000091e+01	5.509962e+00
2.371000000000091e+01	5.510322e+00
2.372000000000091e+01	5.510683e+00
2.373000000000091e+01	5.511043e+00
2.374000000000091e+01	5.511403e+00
2.375000000000091e+01	5.511763e+00
2.376000000000091e+01	5.512124e+00
2.377000000000092e+01	5.512484e+00
2.378000000000092e+01	5.512845e+00
2.379000000000092e+01	5.513205e+00
2.380000000000092e+01	5.513566e+00
2.381000000000092e+01	5.513926e+00
2.382000000000092e+01	5.514287e+00
2.383000000000093e+01	5.514647e+00
2.384000000000093e+01	5.515008e+00
2.385000000000093e+01	5.515368e+00
2.386000000000093e+01	5.515729e+00
2.387000000000093e+01	5.516090e+00
2.388000000000093e+01	5.516451e+00
2.389000000000093e+01	5.516812e+00
2.390000000000094e+01	5.517173e+00
2.391000000000094e+01	5.517534e+00
2.392000000000094e+01	5.517895e+00
2.393000000000094e+01	5.518256e+00
2.394000000000094e+01	5.518617e+00
2.395000000000094e+01	5.518978e+00
2.396000000000095e+01	5.519339e+00
2.397000000000095e+01	5.519700e+00
2.398000000000095e+01	5.520061e+00
2.399000000000095e+01	5.520422e+00
2.400000000000000e+01	5.520784e+00
