vreg	V(vo)
0.000000000000000e+00	7.995937e-11
1.000000000000000e-02	9.832128e-08
2.000000000000000e-02	2.159626e-07
3.000000000000000e-02	3.569097e-07
4.000000000000000e-02	5.258854e-07
5.000000000000000e-02	7.286123e-07
6.000000000000000e-02	9.720418e-07
7.000000000000001e-02	1.264641e-06
8.000000000000000e-02	1.616758e-06
9.000000000000000e-02	2.041082e-06
9.999999999999999e-02	2.553239e-06
1.100000000000000e-01	3.172558e-06
1.200000000000000e-01	3.923064e-06
1.300000000000000e-01	4.834784e-06
1.400000000000000e-01	5.945462e-06
1.500000000000000e-01	7.302837e-06
1.600000000000000e-01	8.967682e-06
1.700000000000000e-01	1.101788e-05
1.800000000000000e-01	1.355391e-05
1.900000000000000e-01	1.670633e-05
2.000000000000000e-01	2.064586e-05
2.100000000000000e-01	2.559719e-05
2.200000000000001e-01	3.185789e-05
2.300000000000001e-01	3.982419e-05
2.400000000000001e-01	5.002637e-05
2.500000000000001e-01	6.317712e-05
2.600000000000001e-01	8.023762e-05
2.700000000000001e-01	1.025076e-04
2.800000000000001e-01	1.317471e-04
2.900000000000001e-01	1.703406e-04
3.000000000000001e-01	2.215152e-04
3.100000000000001e-01	2.896271e-04
3.200000000000001e-01	3.805313e-04
3.300000000000001e-01	5.020443e-04
3.400000000000001e-01	6.645041e-04
3.500000000000001e-01	8.814100e-04
3.600000000000002e-01	1.170096e-03
3.700000000000002e-01	1.552340e-03
3.800000000000002e-01	2.054752e-03
3.900000000000002e-01	2.708740e-03
4.000000000000002e-01	3.549805e-03
4.100000000000002e-01	4.616022e-03
4.200000000000002e-01	5.945702e-03
4.300000000000002e-01	7.574499e-03
4.400000000000002e-01	9.532475e-03
4.500000000000002e-01	1.184173e-02
4.600000000000002e-01	1.451505e-02
4.700000000000003e-01	1.755584e-02
4.800000000000003e-01	2.095903e-02
4.900000000000003e-01	2.471275e-02
5.000000000000002e-01	2.880021e-02
5.100000000000002e-01	3.320155e-02
5.200000000000002e-01	3.789533e-02
5.300000000000002e-01	4.285982e-02
5.400000000000003e-01	4.807369e-02
5.500000000000003e-01	5.351667e-02
5.600000000000003e-01	5.916979e-02
5.700000000000003e-01	6.501553e-02
5.800000000000003e-01	7.103789e-02
5.900000000000003e-01	7.722231e-02
6.000000000000003e-01	8.355559e-02
6.100000000000003e-01	9.002586e-02
6.200000000000003e-01	9.662233e-02
6.300000000000003e-01	1.033353e-01
6.400000000000003e-01	1.101561e-01
6.500000000000004e-01	1.170769e-01
6.600000000000004e-01	1.240903e-01
6.700000000000004e-01	1.311901e-01
6.800000000000004e-01	1.383703e-01
6.900000000000004e-01	1.456256e-01
7.000000000000004e-01	1.529513e-01
7.100000000000004e-01	1.603428e-01
7.200000000000004e-01	1.677961e-01
7.300000000000004e-01	1.753076e-01
7.400000000000004e-01	1.828738e-01
7.500000000000004e-01	1.904917e-01
7.600000000000005e-01	1.981584e-01
7.700000000000005e-01	2.058713e-01
7.800000000000005e-01	2.136279e-01
7.900000000000005e-01	2.214259e-01
8.000000000000005e-01	2.292634e-01
8.100000000000005e-01	2.371383e-01
8.200000000000005e-01	2.450489e-01
8.300000000000005e-01	2.529934e-01
8.400000000000005e-01	2.609704e-01
8.500000000000005e-01	2.689783e-01
8.600000000000005e-01	2.770158e-01
8.700000000000006e-01	2.850816e-01
8.800000000000006e-01	2.931746e-01
8.900000000000006e-01	3.012935e-01
9.000000000000006e-01	3.094374e-01
9.100000000000006e-01	3.176052e-01
9.200000000000006e-01	3.257960e-01
9.300000000000006e-01	3.340090e-01
9.400000000000006e-01	3.422432e-01
9.500000000000006e-01	3.504980e-01
9.600000000000006e-01	3.587725e-01
9.700000000000006e-01	3.670661e-01
9.800000000000006e-01	3.753781e-01
9.900000000000007e-01	3.837078e-01
1.000000000000001e+00	3.920547e-01
1.010000000000001e+00	4.004181e-01
1.020000000000001e+00	4.087977e-01
1.030000000000001e+00	4.171927e-01
1.040000000000001e+00	4.256028e-01
1.050000000000001e+00	4.340274e-01
1.060000000000001e+00	4.424661e-01
1.070000000000001e+00	4.509186e-01
1.080000000000001e+00	4.593843e-01
1.090000000000001e+00	4.678628e-01
1.100000000000001e+00	4.763539e-01
1.110000000000001e+00	4.848572e-01
1.120000000000001e+00	4.933723e-01
1.130000000000001e+00	5.018988e-01
1.140000000000001e+00	5.104366e-01
1.150000000000001e+00	5.189852e-01
1.160000000000001e+00	5.275444e-01
1.170000000000001e+00	5.361139e-01
1.180000000000001e+00	5.446934e-01
1.190000000000001e+00	5.532826e-01
1.200000000000001e+00	5.618815e-01
1.210000000000001e+00	5.704896e-01
1.220000000000001e+00	5.791067e-01
1.230000000000001e+00	5.877327e-01
1.240000000000001e+00	5.963674e-01
1.250000000000001e+00	6.050104e-01
1.260000000000001e+00	6.136617e-01
1.270000000000001e+00	6.223210e-01
1.280000000000001e+00	6.309882e-01
1.290000000000001e+00	6.396630e-01
1.300000000000001e+00	6.483453e-01
1.310000000000001e+00	6.570349e-01
1.320000000000001e+00	6.657317e-01
1.330000000000001e+00	6.744356e-01
1.340000000000001e+00	6.831462e-01
1.350000000000001e+00	6.918637e-01
1.360000000000001e+00	7.005876e-01
1.370000000000001e+00	7.093180e-01
1.380000000000001e+00	7.180547e-01
1.390000000000001e+00	7.267976e-01
1.400000000000001e+00	7.355465e-01
1.410000000000001e+00	7.443013e-01
1.420000000000001e+00	7.530620e-01
1.430000000000001e+00	7.618283e-01
1.440000000000001e+00	7.706003e-01
1.450000000000001e+00	7.793776e-01
1.460000000000001e+00	7.881604e-01
1.470000000000001e+00	7.969485e-01
1.480000000000001e+00	8.057417e-01
1.490000000000001e+00	8.145400e-01
1.500000000000001e+00	8.233432e-01
1.510000000000001e+00	8.321514e-01
1.520000000000001e+00	8.409643e-01
1.530000000000001e+00	8.497820e-01
1.540000000000001e+00	8.586043e-01
1.550000000000001e+00	8.674312e-01
1.560000000000001e+00	8.762624e-01
1.570000000000001e+00	8.850982e-01
1.580000000000001e+00	8.939381e-01
1.590000000000001e+00	9.027824e-01
1.600000000000001e+00	9.116308e-01
1.610000000000001e+00	9.204834e-01
1.620000000000001e+00	9.293399e-01
1.630000000000001e+00	9.382004e-01
1.640000000000001e+00	9.470648e-01
1.650000000000001e+00	9.559330e-01
1.660000000000001e+00	9.648051e-01
1.670000000000001e+00	9.736808e-01
1.680000000000001e+00	9.825602e-01
1.690000000000001e+00	9.914431e-01
1.700000000000001e+00	1.000330e+00
1.710000000000001e+00	1.009220e+00
1.720000000000001e+00	1.018113e+00
1.730000000000001e+00	1.027010e+00
1.740000000000001e+00	1.035910e+00
1.750000000000001e+00	1.044813e+00
1.760000000000001e+00	1.053720e+00
1.770000000000001e+00	1.062630e+00
1.780000000000001e+00	1.071543e+00
1.790000000000001e+00	1.080459e+00
1.800000000000001e+00	1.089378e+00
1.810000000000001e+00	1.098300e+00
1.820000000000001e+00	1.107225e+00
1.830000000000001e+00	1.116152e+00
1.840000000000001e+00	1.125083e+00
1.850000000000001e+00	1.134017e+00
1.860000000000001e+00	1.142953e+00
1.870000000000001e+00	1.151892e+00
1.880000000000001e+00	1.160834e+00
1.890000000000001e+00	1.169778e+00
1.900000000000001e+00	1.178725e+00
1.910000000000001e+00	1.187675e+00
1.920000000000001e+00	1.196627e+00
1.930000000000001e+00	1.205582e+00
1.940000000000002e+00	1.214539e+00
1.950000000000002e+00	1.223499e+00
1.960000000000002e+00	1.232461e+00
1.970000000000002e+00	1.241426e+00
1.980000000000002e+00	1.250393e+00
1.990000000000002e+00	1.259362e+00
2.000000000000001e+00	1.268333e+00
2.010000000000001e+00	1.277307e+00
2.020000000000001e+00	1.286283e+00
2.030000000000001e+00	1.295262e+00
2.040000000000000e+00	1.304242e+00
2.050000000000000e+00	1.313224e+00
2.060000000000000e+00	1.322209e+00
2.070000000000000e+00	1.331196e+00
2.080000000000000e+00	1.340185e+00
2.089999999999999e+00	1.349176e+00
2.099999999999999e+00	1.358169e+00
2.109999999999999e+00	1.367164e+00
2.119999999999999e+00	1.376161e+00
2.129999999999999e+00	1.385159e+00
2.139999999999998e+00	1.394160e+00
2.149999999999998e+00	1.403163e+00
2.159999999999998e+00	1.412168e+00
2.169999999999998e+00	1.421174e+00
2.179999999999997e+00	1.430182e+00
2.189999999999997e+00	1.439192e+00
2.199999999999997e+00	1.448204e+00
2.209999999999997e+00	1.457218e+00
2.219999999999997e+00	1.466233e+00
2.229999999999996e+00	1.475250e+00
2.239999999999996e+00	1.484269e+00
2.249999999999996e+00	1.493290e+00
2.259999999999996e+00	1.502312e+00
2.269999999999996e+00	1.511336e+00
2.279999999999995e+00	1.520361e+00
2.289999999999995e+00	1.529388e+00
2.299999999999995e+00	1.538417e+00
2.309999999999995e+00	1.547447e+00
2.319999999999995e+00	1.556479e+00
2.329999999999994e+00	1.565512e+00
2.339999999999994e+00	1.574547e+00
2.349999999999994e+00	1.583584e+00
2.359999999999994e+00	1.592622e+00
2.369999999999993e+00	1.601661e+00
2.379999999999993e+00	1.610702e+00
2.389999999999993e+00	1.619744e+00
2.399999999999993e+00	1.628788e+00
2.409999999999993e+00	1.637833e+00
2.419999999999992e+00	1.646879e+00
2.429999999999992e+00	1.655927e+00
2.439999999999992e+00	1.664976e+00
2.449999999999992e+00	1.674027e+00
2.459999999999992e+00	1.683079e+00
2.469999999999991e+00	1.692132e+00
2.479999999999991e+00	1.701187e+00
2.489999999999991e+00	1.710242e+00
2.499999999999991e+00	1.719300e+00
2.509999999999990e+00	1.728358e+00
2.519999999999990e+00	1.737418e+00
2.529999999999990e+00	1.746478e+00
2.539999999999990e+00	1.755540e+00
2.549999999999990e+00	1.764604e+00
2.559999999999989e+00	1.773668e+00
2.569999999999989e+00	1.782734e+00
2.579999999999989e+00	1.791801e+00
2.589999999999989e+00	1.800869e+00
2.599999999999989e+00	1.809938e+00
2.609999999999988e+00	1.819009e+00
2.619999999999988e+00	1.828080e+00
2.629999999999988e+00	1.837153e+00
2.639999999999988e+00	1.846226e+00
2.649999999999987e+00	1.855301e+00
2.659999999999987e+00	1.864377e+00
2.669999999999987e+00	1.873454e+00
2.679999999999987e+00	1.882532e+00
2.689999999999987e+00	1.891611e+00
2.699999999999986e+00	1.900691e+00
2.709999999999986e+00	1.909773e+00
2.719999999999986e+00	1.918855e+00
2.729999999999986e+00	1.927938e+00
2.739999999999986e+00	1.937022e+00
2.749999999999985e+00	1.946107e+00
2.759999999999985e+00	1.955194e+00
2.769999999999985e+00	1.964281e+00
2.779999999999985e+00	1.973369e+00
2.789999999999984e+00	1.982458e+00
2.799999999999984e+00	1.991548e+00
2.809999999999984e+00	2.000639e+00
2.819999999999984e+00	2.009731e+00
2.829999999999984e+00	2.018824e+00
2.839999999999983e+00	2.027917e+00
2.849999999999983e+00	2.037012e+00
2.859999999999983e+00	2.046108e+00
2.869999999999983e+00	2.055204e+00
2.879999999999983e+00	2.064301e+00
2.889999999999982e+00	2.073399e+00
2.899999999999982e+00	2.082498e+00
2.909999999999982e+00	2.091598e+00
2.919999999999982e+00	2.100699e+00
2.929999999999982e+00	2.109800e+00
2.939999999999981e+00	2.118903e+00
2.949999999999981e+00	2.128006e+00
2.959999999999981e+00	2.137110e+00
2.969999999999981e+00	2.146214e+00
2.979999999999980e+00	2.155320e+00
2.989999999999980e+00	2.164427e+00
2.999999999999980e+00	2.173534e+00
3.009999999999980e+00	2.182642e+00
3.019999999999980e+00	2.191750e+00
3.029999999999979e+00	2.200860e+00
3.039999999999979e+00	2.209970e+00
3.049999999999979e+00	2.219081e+00
3.059999999999979e+00	2.228193e+00
3.069999999999979e+00	2.237305e+00
3.079999999999978e+00	2.246418e+00
3.089999999999978e+00	2.255532e+00
3.099999999999978e+00	2.264647e+00
3.109999999999978e+00	2.273762e+00
3.119999999999977e+00	2.282878e+00
3.129999999999977e+00	2.291995e+00
3.139999999999977e+00	2.301112e+00
3.149999999999977e+00	2.310230e+00
3.159999999999977e+00	2.319349e+00
3.169999999999976e+00	2.328468e+00
3.179999999999976e+00	2.337589e+00
3.189999999999976e+00	2.346709e+00
3.199999999999976e+00	2.355831e+00
3.209999999999976e+00	2.364953e+00
3.219999999999975e+00	2.374075e+00
3.229999999999975e+00	2.383198e+00
3.239999999999975e+00	2.392323e+00
3.249999999999975e+00	2.401447e+00
3.259999999999974e+00	2.410572e+00
3.269999999999974e+00	2.419698e+00
3.279999999999974e+00	2.428824e+00
3.289999999999974e+00	2.437952e+00
3.299999999999974e+00	2.447079e+00
3.309999999999973e+00	2.456207e+00
3.319999999999973e+00	2.465336e+00
3.329999999999973e+00	2.474465e+00
3.339999999999973e+00	2.483595e+00
3.349999999999973e+00	2.492726e+00
3.359999999999972e+00	2.501857e+00
3.369999999999972e+00	2.510988e+00
3.379999999999972e+00	2.520121e+00
3.389999999999972e+00	2.529253e+00
3.399999999999971e+00	2.538387e+00
3.409999999999971e+00	2.547521e+00
3.419999999999971e+00	2.556655e+00
3.429999999999971e+00	2.565790e+00
3.439999999999971e+00	2.574925e+00
3.449999999999970e+00	2.584061e+00
3.459999999999970e+00	2.593198e+00
3.469999999999970e+00	2.602334e+00
3.479999999999970e+00	2.611472e+00
3.489999999999970e+00	2.620610e+00
3.499999999999969e+00	2.629749e+00
3.509999999999969e+00	2.638887e+00
3.519999999999969e+00	2.648027e+00
3.529999999999969e+00	2.657167e+00
3.539999999999969e+00	2.666307e+00
3.549999999999968e+00	2.675448e+00
3.559999999999968e+00	2.684590e+00
3.569999999999968e+00	2.693732e+00
3.579999999999968e+00	2.702874e+00
3.589999999999967e+00	2.712017e+00
3.599999999999967e+00	2.721160e+00
3.609999999999967e+00	2.730304e+00
3.619999999999967e+00	2.739448e+00
3.629999999999967e+00	2.748592e+00
3.639999999999966e+00	2.757737e+00
3.649999999999966e+00	2.766883e+00
3.659999999999966e+00	2.776029e+00
3.669999999999966e+00	2.785175e+00
3.679999999999966e+00	2.794322e+00
3.689999999999965e+00	2.803469e+00
3.699999999999965e+00	2.812617e+00
3.709999999999965e+00	2.821765e+00
3.719999999999965e+00	2.830913e+00
3.729999999999964e+00	2.840062e+00
3.739999999999964e+00	2.849211e+00
3.749999999999964e+00	2.858361e+00
3.759999999999964e+00	2.867511e+00
3.769999999999964e+00	2.876662e+00
3.779999999999963e+00	2.885812e+00
3.789999999999963e+00	2.894964e+00
3.799999999999963e+00	2.904115e+00
3.809999999999963e+00	2.913267e+00
3.819999999999963e+00	2.922420e+00
3.829999999999962e+00	2.931572e+00
3.839999999999962e+00	2.940726e+00
3.849999999999962e+00	2.949879e+00
3.859999999999962e+00	2.959033e+00
3.869999999999961e+00	2.968187e+00
3.879999999999961e+00	2.977342e+00
3.889999999999961e+00	2.986497e+00
3.899999999999961e+00	2.995652e+00
3.909999999999961e+00	3.004808e+00
3.919999999999960e+00	3.013964e+00
3.929999999999960e+00	3.023120e+00
3.939999999999960e+00	3.032277e+00
3.949999999999960e+00	3.041434e+00
3.959999999999960e+00	3.050591e+00
3.969999999999959e+00	3.059749e+00
3.979999999999959e+00	3.068907e+00
3.989999999999959e+00	3.078065e+00
3.999999999999959e+00	3.087224e+00
4.009999999999959e+00	3.096383e+00
4.019999999999959e+00	3.105542e+00
4.029999999999959e+00	3.114702e+00
4.039999999999958e+00	3.123862e+00
4.049999999999958e+00	3.133022e+00
4.059999999999958e+00	3.142183e+00
4.069999999999958e+00	3.151344e+00
4.079999999999957e+00	3.160505e+00
4.089999999999957e+00	3.169666e+00
4.099999999999957e+00	3.178828e+00
4.109999999999957e+00	3.187990e+00
4.119999999999957e+00	3.197152e+00
4.129999999999956e+00	3.206315e+00
4.139999999999956e+00	3.215478e+00
4.149999999999956e+00	3.224641e+00
4.159999999999956e+00	3.233805e+00
4.169999999999956e+00	3.242969e+00
4.179999999999955e+00	3.252133e+00
4.189999999999955e+00	3.261297e+00
4.199999999999955e+00	3.270462e+00
4.209999999999955e+00	3.279626e+00
4.219999999999954e+00	3.288791e+00
4.229999999999954e+00	3.297957e+00
4.239999999999954e+00	3.307122e+00
4.249999999999954e+00	3.316288e+00
4.259999999999954e+00	3.325455e+00
4.269999999999953e+00	3.334621e+00
4.279999999999953e+00	3.343788e+00
4.289999999999953e+00	3.352955e+00
4.299999999999953e+00	3.362122e+00
4.309999999999953e+00	3.371289e+00
4.319999999999952e+00	3.380457e+00
4.329999999999952e+00	3.389625e+00
4.339999999999952e+00	3.398793e+00
4.349999999999952e+00	3.407962e+00
4.359999999999951e+00	3.417130e+00
4.369999999999951e+00	3.426299e+00
4.379999999999951e+00	3.435468e+00
4.389999999999951e+00	3.444638e+00
4.399999999999951e+00	3.453807e+00
4.409999999999950e+00	3.462977e+00
4.419999999999950e+00	3.472147e+00
4.429999999999950e+00	3.481317e+00
4.439999999999950e+00	3.490488e+00
4.449999999999950e+00	3.499658e+00
4.459999999999949e+00	3.508829e+00
4.469999999999949e+00	3.518000e+00
4.479999999999949e+00	3.527171e+00
4.489999999999949e+00	3.536343e+00
4.499999999999948e+00	3.545515e+00
4.509999999999948e+00	3.554687e+00
4.519999999999948e+00	3.563859e+00
4.529999999999948e+00	3.573031e+00
4.539999999999948e+00	3.582204e+00
4.549999999999947e+00	3.591376e+00
4.559999999999947e+00	3.600549e+00
4.569999999999947e+00	3.609722e+00
4.579999999999947e+00	3.618896e+00
4.589999999999947e+00	3.628069e+00
4.599999999999946e+00	3.637243e+00
4.609999999999946e+00	3.646417e+00
4.619999999999946e+00	3.655591e+00
4.629999999999946e+00	3.664765e+00
4.639999999999946e+00	3.673939e+00
4.649999999999945e+00	3.683114e+00
4.659999999999945e+00	3.692289e+00
4.669999999999945e+00	3.701463e+00
4.679999999999945e+00	3.710639e+00
4.689999999999944e+00	3.719814e+00
4.699999999999944e+00	3.728989e+00
4.709999999999944e+00	3.738165e+00
4.719999999999944e+00	3.747341e+00
4.729999999999944e+00	3.756517e+00
4.739999999999943e+00	3.765693e+00
4.749999999999943e+00	3.774869e+00
4.759999999999943e+00	3.784046e+00
4.769999999999943e+00	3.793222e+00
4.779999999999943e+00	3.802399e+00
4.789999999999942e+00	3.811576e+00
4.799999999999942e+00	3.820753e+00
4.809999999999942e+00	3.829930e+00
4.819999999999942e+00	3.839108e+00
4.829999999999941e+00	3.848285e+00
4.839999999999941e+00	3.857463e+00
4.849999999999941e+00	3.866641e+00
4.859999999999941e+00	3.875819e+00
4.869999999999941e+00	3.884997e+00
4.879999999999940e+00	3.894175e+00
4.889999999999940e+00	3.903353e+00
4.899999999999940e+00	3.912532e+00
4.909999999999940e+00	3.921711e+00
4.919999999999940e+00	3.930890e+00
4.929999999999939e+00	3.940068e+00
4.939999999999939e+00	3.949248e+00
4.949999999999939e+00	3.958427e+00
4.959999999999939e+00	3.967606e+00
4.969999999999938e+00	3.976785e+00
4.979999999999938e+00	3.985965e+00
4.989999999999938e+00	3.995145e+00
4.999999999999938e+00	4.004325e+00
5.009999999999938e+00	4.013505e+00
5.019999999999937e+00	4.022685e+00
5.029999999999937e+00	4.031865e+00
5.039999999999937e+00	4.041045e+00
5.049999999999937e+00	4.050226e+00
5.059999999999937e+00	4.059406e+00
5.069999999999936e+00	4.068587e+00
5.079999999999936e+00	4.077768e+00
5.089999999999936e+00	4.086949e+00
5.099999999999936e+00	4.096130e+00
5.109999999999935e+00	4.105311e+00
5.119999999999935e+00	4.114492e+00
5.129999999999935e+00	4.123673e+00
5.139999999999935e+00	4.132855e+00
5.149999999999935e+00	4.142036e+00
5.159999999999934e+00	4.151218e+00
5.169999999999934e+00	4.160400e+00
5.179999999999934e+00	4.169582e+00
5.189999999999934e+00	4.178764e+00
5.199999999999934e+00	4.187946e+00
5.209999999999933e+00	4.197128e+00
5.219999999999933e+00	4.206310e+00
5.229999999999933e+00	4.215492e+00
5.239999999999933e+00	4.224675e+00
5.249999999999932e+00	4.233857e+00
5.259999999999932e+00	4.243040e+00
5.269999999999932e+00	4.252223e+00
5.279999999999932e+00	4.261405e+00
5.289999999999932e+00	4.270588e+00
5.299999999999931e+00	4.279771e+00
5.309999999999931e+00	4.288954e+00
5.319999999999931e+00	4.298137e+00
5.329999999999931e+00	4.307321e+00
5.339999999999931e+00	4.316504e+00
5.349999999999930e+00	4.325687e+00
5.359999999999930e+00	4.334870e+00
5.369999999999930e+00	4.344053e+00
5.379999999999930e+00	4.353237e+00
5.389999999999930e+00	4.362420e+00
5.399999999999929e+00	4.371603e+00
5.409999999999929e+00	4.380787e+00
5.419999999999929e+00	4.389970e+00
5.429999999999929e+00	4.399153e+00
5.439999999999928e+00	4.408336e+00
5.449999999999928e+00	4.417519e+00
5.459999999999928e+00	4.426701e+00
5.469999999999928e+00	4.435883e+00
5.479999999999928e+00	4.445065e+00
5.489999999999927e+00	4.454245e+00
5.499999999999927e+00	4.463425e+00
5.509999999999927e+00	4.472604e+00
5.519999999999927e+00	4.481781e+00
5.529999999999927e+00	4.490957e+00
5.539999999999926e+00	4.500131e+00
5.549999999999926e+00	4.509302e+00
5.559999999999926e+00	4.518469e+00
5.569999999999926e+00	4.527632e+00
5.579999999999925e+00	4.536789e+00
5.589999999999925e+00	4.545940e+00
5.599999999999925e+00	4.555082e+00
5.609999999999925e+00	4.564214e+00
5.619999999999925e+00	4.573332e+00
5.629999999999924e+00	4.582434e+00
5.639999999999924e+00	4.591515e+00
5.649999999999924e+00	4.600571e+00
5.659999999999924e+00	4.609594e+00
5.669999999999924e+00	4.618579e+00
5.679999999999923e+00	4.627517e+00
5.689999999999923e+00	4.636395e+00
5.699999999999923e+00	4.645203e+00
5.709999999999923e+00	4.653925e+00
5.719999999999922e+00	4.662544e+00
5.729999999999922e+00	4.671041e+00
5.739999999999922e+00	4.679395e+00
5.749999999999922e+00	4.687583e+00
5.759999999999922e+00	4.695583e+00
5.769999999999921e+00	4.703370e+00
5.779999999999921e+00	4.710921e+00
5.789999999999921e+00	4.718217e+00
5.799999999999921e+00	4.725240e+00
5.809999999999921e+00	4.731977e+00
5.819999999999920e+00	4.738420e+00
5.829999999999920e+00	4.744565e+00
5.839999999999920e+00	4.750412e+00
5.849999999999920e+00	4.755968e+00
5.859999999999919e+00	4.761239e+00
5.869999999999919e+00	4.766238e+00
5.879999999999919e+00	4.770976e+00
5.889999999999919e+00	4.775468e+00
5.899999999999919e+00	4.779729e+00
5.909999999999918e+00	4.783773e+00
5.919999999999918e+00	4.787615e+00
5.929999999999918e+00	4.791269e+00
5.939999999999918e+00	4.794748e+00
5.949999999999918e+00	4.798065e+00
5.959999999999917e+00	4.801231e+00
5.969999999999917e+00	4.804258e+00
5.979999999999917e+00	4.807155e+00
5.989999999999917e+00	4.809932e+00
5.999999999999917e+00	4.812597e+00
6.009999999999916e+00	4.815158e+00
6.019999999999916e+00	4.817622e+00
6.029999999999916e+00	4.819996e+00
6.039999999999916e+00	4.822286e+00
6.049999999999915e+00	4.824497e+00
6.059999999999915e+00	4.826635e+00
6.069999999999915e+00	4.828703e+00
6.079999999999915e+00	4.830707e+00
6.089999999999915e+00	4.832650e+00
6.099999999999914e+00	4.834536e+00
6.109999999999914e+00	4.836369e+00
6.119999999999914e+00	4.838150e+00
6.129999999999914e+00	4.839883e+00
6.139999999999914e+00	4.841571e+00
6.149999999999913e+00	4.843217e+00
6.159999999999913e+00	4.844821e+00
6.169999999999913e+00	4.846388e+00
6.179999999999913e+00	4.847918e+00
6.189999999999912e+00	4.849412e+00
6.199999999999912e+00	4.850874e+00
6.209999999999912e+00	4.852304e+00
6.219999999999912e+00	4.853705e+00
6.229999999999912e+00	4.855077e+00
6.239999999999911e+00	4.856421e+00
6.249999999999911e+00	4.857740e+00
6.259999999999911e+00	4.859033e+00
6.269999999999911e+00	4.860302e+00
6.279999999999911e+00	4.861549e+00
6.289999999999910e+00	4.862774e+00
6.299999999999910e+00	4.863977e+00
6.309999999999910e+00	4.865161e+00
6.319999999999910e+00	4.866325e+00
6.329999999999909e+00	4.867470e+00
6.339999999999909e+00	4.868597e+00
6.349999999999909e+00	4.869707e+00
6.359999999999909e+00	4.870800e+00
6.369999999999909e+00	4.871877e+00
6.379999999999908e+00	4.872939e+00
6.389999999999908e+00	4.873986e+00
6.399999999999908e+00	4.875018e+00
6.409999999999908e+00	4.876036e+00
6.419999999999908e+00	4.877041e+00
6.429999999999907e+00	4.878033e+00
6.439999999999907e+00	4.879012e+00
6.449999999999907e+00	4.879979e+00
6.459999999999907e+00	4.880934e+00
6.469999999999906e+00	4.881878e+00
6.479999999999906e+00	4.882811e+00
6.489999999999906e+00	4.883732e+00
6.499999999999906e+00	4.884644e+00
6.509999999999906e+00	4.885545e+00
6.519999999999905e+00	4.886436e+00
6.529999999999905e+00	4.887318e+00
6.539999999999905e+00	4.888191e+00
6.549999999999905e+00	4.889054e+00
6.559999999999905e+00	4.889909e+00
6.569999999999904e+00	4.890755e+00
6.579999999999904e+00	4.891593e+00
6.589999999999904e+00	4.892423e+00
6.599999999999904e+00	4.893245e+00
6.609999999999904e+00	4.894059e+00
6.619999999999903e+00	4.894866e+00
6.629999999999903e+00	4.895666e+00
6.639999999999903e+00	4.896458e+00
6.649999999999903e+00	4.897243e+00
6.659999999999902e+00	4.898023e+00
6.669999999999902e+00	4.898795e+00
6.679999999999902e+00	4.899560e+00
6.689999999999902e+00	4.900320e+00
6.699999999999902e+00	4.901073e+00
6.709999999999901e+00	4.901821e+00
6.719999999999901e+00	4.902562e+00
6.729999999999901e+00	4.903298e+00
6.739999999999901e+00	4.904028e+00
6.749999999999901e+00	4.904753e+00
6.759999999999900e+00	4.905473e+00
6.769999999999900e+00	4.906187e+00
6.779999999999900e+00	4.906896e+00
6.789999999999900e+00	4.907600e+00
6.799999999999899e+00	4.908299e+00
6.809999999999899e+00	4.908994e+00
6.819999999999899e+00	4.909684e+00
6.829999999999899e+00	4.910369e+00
6.839999999999899e+00	4.911050e+00
6.849999999999898e+00	4.911726e+00
6.859999999999898e+00	4.912398e+00
6.869999999999898e+00	4.913066e+00
6.879999999999898e+00	4.913730e+00
6.889999999999898e+00	4.914389e+00
6.899999999999897e+00	4.915045e+00
6.909999999999897e+00	4.915696e+00
6.919999999999897e+00	4.916344e+00
6.929999999999897e+00	4.916988e+00
6.939999999999896e+00	4.917628e+00
6.949999999999896e+00	4.918265e+00
6.959999999999896e+00	4.918899e+00
6.969999999999896e+00	4.919528e+00
6.979999999999896e+00	4.920155e+00
6.989999999999895e+00	4.920777e+00
6.999999999999895e+00	4.921397e+00
7.009999999999895e+00	4.922013e+00
7.019999999999895e+00	4.922626e+00
7.029999999999895e+00	4.923236e+00
7.039999999999894e+00	4.923843e+00
7.049999999999894e+00	4.924447e+00
7.059999999999894e+00	4.925048e+00
7.069999999999894e+00	4.925646e+00
7.079999999999893e+00	4.926241e+00
7.089999999999893e+00	4.926834e+00
7.099999999999893e+00	4.927423e+00
7.109999999999893e+00	4.928010e+00
7.119999999999893e+00	4.928594e+00
7.129999999999892e+00	4.929175e+00
7.139999999999892e+00	4.929754e+00
7.149999999999892e+00	4.930331e+00
7.159999999999892e+00	4.930904e+00
7.169999999999892e+00	4.931476e+00
7.179999999999891e+00	4.932045e+00
7.189999999999891e+00	4.932611e+00
7.199999999999891e+00	4.933175e+00
7.209999999999891e+00	4.933737e+00
7.219999999999891e+00	4.934296e+00
7.229999999999890e+00	4.934853e+00
7.239999999999890e+00	4.935408e+00
7.249999999999890e+00	4.935961e+00
7.259999999999890e+00	4.936512e+00
7.269999999999889e+00	4.937060e+00
7.279999999999889e+00	4.937606e+00
7.289999999999889e+00	4.938150e+00
7.299999999999889e+00	4.938693e+00
7.309999999999889e+00	4.939232e+00
7.319999999999888e+00	4.939771e+00
7.329999999999888e+00	4.940307e+00
7.339999999999888e+00	4.940841e+00
7.349999999999888e+00	4.941374e+00
7.359999999999888e+00	4.941904e+00
7.369999999999887e+00	4.942433e+00
7.379999999999887e+00	4.942960e+00
7.389999999999887e+00	4.943485e+00
7.399999999999887e+00	4.944008e+00
7.409999999999886e+00	4.944530e+00
7.419999999999886e+00	4.945049e+00
7.429999999999886e+00	4.945568e+00
7.439999999999886e+00	4.946084e+00
7.449999999999886e+00	4.946599e+00
7.459999999999885e+00	4.947112e+00
7.469999999999885e+00	4.947623e+00
7.479999999999885e+00	4.948133e+00
7.489999999999885e+00	4.948641e+00
7.499999999999885e+00	4.949148e+00
7.509999999999884e+00	4.949654e+00
7.519999999999884e+00	4.950157e+00
7.529999999999884e+00	4.950659e+00
7.539999999999884e+00	4.951160e+00
7.549999999999883e+00	4.951659e+00
7.559999999999883e+00	4.952157e+00
7.569999999999883e+00	4.952653e+00
7.579999999999883e+00	4.953148e+00
7.589999999999883e+00	4.953642e+00
7.599999999999882e+00	4.954134e+00
7.609999999999882e+00	4.954625e+00
7.619999999999882e+00	4.955115e+00
7.629999999999882e+00	4.955603e+00
7.639999999999882e+00	4.956090e+00
7.649999999999881e+00	4.956575e+00
7.659999999999881e+00	4.957060e+00
7.669999999999881e+00	4.957543e+00
7.679999999999881e+00	4.958025e+00
7.689999999999880e+00	4.958505e+00
7.699999999999880e+00	4.958984e+00
7.709999999999880e+00	4.959463e+00
7.719999999999880e+00	4.959939e+00
7.729999999999880e+00	4.960415e+00
7.739999999999879e+00	4.960890e+00
7.749999999999879e+00	4.961364e+00
7.759999999999879e+00	4.961836e+00
7.769999999999879e+00	4.962307e+00
7.779999999999879e+00	4.962777e+00
7.789999999999878e+00	4.963246e+00
7.799999999999878e+00	4.963714e+00
7.809999999999878e+00	4.964181e+00
7.819999999999878e+00	4.964647e+00
7.829999999999878e+00	4.965111e+00
7.839999999999877e+00	4.965575e+00
7.849999999999877e+00	4.966038e+00
7.859999999999877e+00	4.966499e+00
7.869999999999877e+00	4.966960e+00
7.879999999999876e+00	4.967419e+00
7.889999999999876e+00	4.967878e+00
7.899999999999876e+00	4.968336e+00
7.909999999999876e+00	4.968792e+00
7.919999999999876e+00	4.969248e+00
7.929999999999875e+00	4.969703e+00
7.939999999999875e+00	4.970156e+00
7.949999999999875e+00	4.970609e+00
7.959999999999875e+00	4.971061e+00
7.969999999999875e+00	4.971512e+00
7.979999999999874e+00	4.971962e+00
7.989999999999874e+00	4.972412e+00
7.999999999999874e+00	4.972860e+00
8.009999999999874e+00	4.973308e+00
8.019999999999873e+00	4.973754e+00
8.029999999999873e+00	4.974200e+00
8.039999999999873e+00	4.974645e+00
8.049999999999873e+00	4.975089e+00
8.059999999999873e+00	4.975532e+00
8.069999999999872e+00	4.975975e+00
8.079999999999872e+00	4.976416e+00
8.089999999999872e+00	4.976857e+00
8.099999999999872e+00	4.977297e+00
8.109999999999872e+00	4.977736e+00
8.119999999999871e+00	4.978175e+00
8.129999999999871e+00	4.978612e+00
8.139999999999871e+00	4.979049e+00
8.149999999999871e+00	4.979486e+00
8.159999999999870e+00	4.979921e+00
8.169999999999870e+00	4.980356e+00
8.179999999999870e+00	4.980790e+00
8.189999999999870e+00	4.981223e+00
8.199999999999870e+00	4.981655e+00
8.209999999999869e+00	4.982087e+00
8.219999999999869e+00	4.982518e+00
8.229999999999869e+00	4.982948e+00
8.239999999999869e+00	4.983377e+00
8.249999999999869e+00	4.983807e+00
8.259999999999868e+00	4.984235e+00
8.269999999999868e+00	4.984663e+00
8.279999999999868e+00	4.985089e+00
8.289999999999868e+00	4.985515e+00
8.299999999999867e+00	4.985941e+00
8.309999999999867e+00	4.986366e+00
8.319999999999867e+00	4.986790e+00
8.329999999999867e+00	4.987214e+00
8.339999999999867e+00	4.987637e+00
8.349999999999866e+00	4.988059e+00
8.359999999999866e+00	4.988481e+00
8.369999999999866e+00	4.988902e+00
8.379999999999866e+00	4.989322e+00
8.389999999999866e+00	4.989742e+00
8.399999999999865e+00	4.990161e+00
8.409999999999865e+00	4.990580e+00
8.419999999999865e+00	4.990998e+00
8.429999999999865e+00	4.991415e+00
8.439999999999864e+00	4.991832e+00
8.449999999999864e+00	4.992248e+00
8.459999999999864e+00	4.992664e+00
8.469999999999864e+00	4.993079e+00
8.479999999999864e+00	4.993494e+00
8.489999999999863e+00	4.993907e+00
8.499999999999863e+00	4.994321e+00
8.509999999999863e+00	4.994734e+00
8.519999999999863e+00	4.995146e+00
8.529999999999863e+00	4.995558e+00
8.539999999999862e+00	4.995969e+00
8.549999999999862e+00	4.996380e+00
8.559999999999862e+00	4.996790e+00
8.569999999999862e+00	4.997200e+00
8.579999999999862e+00	4.997609e+00
8.589999999999861e+00	4.998018e+00
8.599999999999861e+00	4.998426e+00
8.609999999999861e+00	4.998834e+00
8.619999999999861e+00	4.999241e+00
8.629999999999860e+00	4.999647e+00
8.639999999999860e+00	5.000053e+00
8.649999999999860e+00	5.000459e+00
8.659999999999860e+00	5.000864e+00
8.669999999999860e+00	5.001269e+00
8.679999999999859e+00	5.001673e+00
8.689999999999859e+00	5.002077e+00
8.699999999999859e+00	5.002480e+00
8.709999999999859e+00	5.002883e+00
8.719999999999859e+00	5.003285e+00
8.729999999999858e+00	5.003687e+00
8.739999999999858e+00	5.004088e+00
8.749999999999858e+00	5.004489e+00
8.759999999999858e+00	5.004890e+00
8.769999999999857e+00	5.005290e+00
8.779999999999857e+00	5.005690e+00
8.789999999999857e+00	5.006089e+00
8.799999999999857e+00	5.006487e+00
8.809999999999857e+00	5.006886e+00
8.819999999999856e+00	5.007284e+00
8.829999999999856e+00	5.007681e+00
8.839999999999856e+00	5.008078e+00
8.849999999999856e+00	5.008475e+00
8.859999999999856e+00	5.008871e+00
8.869999999999855e+00	5.009266e+00
8.879999999999855e+00	5.009662e+00
8.889999999999855e+00	5.010057e+00
8.899999999999855e+00	5.010451e+00
8.909999999999854e+00	5.010846e+00
8.919999999999854e+00	5.011240e+00
8.929999999999854e+00	5.011633e+00
8.939999999999854e+00	5.012026e+00
8.949999999999854e+00	5.012418e+00
8.959999999999853e+00	5.012811e+00
8.969999999999853e+00	5.013202e+00
8.979999999999853e+00	5.013594e+00
8.989999999999853e+00	5.013985e+00
8.999999999999853e+00	5.014376e+00
9.009999999999852e+00	5.014766e+00
9.019999999999852e+00	5.015156e+00
9.029999999999852e+00	5.015545e+00
9.039999999999852e+00	5.015935e+00
9.049999999999851e+00	5.016324e+00
9.059999999999851e+00	5.016712e+00
9.069999999999851e+00	5.017100e+00
9.079999999999851e+00	5.017488e+00
9.089999999999851e+00	5.017876e+00
9.099999999999850e+00	5.018262e+00
9.109999999999850e+00	5.018650e+00
9.119999999999850e+00	5.019036e+00
9.129999999999850e+00	5.019422e+00
9.139999999999850e+00	5.019808e+00
9.149999999999849e+00	5.020193e+00
9.159999999999849e+00	5.020578e+00
9.169999999999849e+00	5.020963e+00
9.179999999999849e+00	5.021347e+00
9.189999999999849e+00	5.021731e+00
9.199999999999848e+00	5.022115e+00
9.209999999999848e+00	5.022499e+00
9.219999999999848e+00	5.022882e+00
9.229999999999848e+00	5.023264e+00
9.239999999999847e+00	5.023647e+00
9.249999999999847e+00	5.024029e+00
9.259999999999847e+00	5.024411e+00
9.269999999999847e+00	5.024793e+00
9.279999999999847e+00	5.025174e+00
9.289999999999846e+00	5.025555e+00
9.299999999999846e+00	5.025936e+00
9.309999999999846e+00	5.026316e+00
9.319999999999846e+00	5.026696e+00
9.329999999999846e+00	5.027076e+00
9.339999999999845e+00	5.027455e+00
9.349999999999845e+00	5.027834e+00
9.359999999999845e+00	5.028214e+00
9.369999999999845e+00	5.028592e+00
9.379999999999844e+00	5.028970e+00
9.389999999999844e+00	5.029348e+00
9.399999999999844e+00	5.029726e+00
9.409999999999844e+00	5.030104e+00
9.419999999999844e+00	5.030481e+00
9.429999999999843e+00	5.030858e+00
9.439999999999843e+00	5.031234e+00
9.449999999999843e+00	5.031611e+00
9.459999999999843e+00	5.031987e+00
9.469999999999843e+00	5.032363e+00
9.479999999999842e+00	5.032738e+00
9.489999999999842e+00	5.033114e+00
9.499999999999842e+00	5.033489e+00
9.509999999999842e+00	5.033864e+00
9.519999999999841e+00	5.034238e+00
9.529999999999841e+00	5.034613e+00
9.539999999999841e+00	5.034986e+00
9.549999999999841e+00	5.035360e+00
9.559999999999841e+00	5.035734e+00
9.569999999999840e+00	5.036107e+00
9.579999999999840e+00	5.036480e+00
9.589999999999840e+00	5.036853e+00
9.599999999999840e+00	5.037225e+00
9.609999999999840e+00	5.037598e+00
9.619999999999839e+00	5.037970e+00
9.629999999999839e+00	5.038342e+00
9.639999999999839e+00	5.038713e+00
9.649999999999839e+00	5.039084e+00
9.659999999999838e+00	5.039455e+00
9.669999999999838e+00	5.039826e+00
9.679999999999838e+00	5.040197e+00
9.689999999999838e+00	5.040567e+00
9.699999999999838e+00	5.040938e+00
9.709999999999837e+00	5.041307e+00
9.719999999999837e+00	5.041677e+00
9.729999999999837e+00	5.042047e+00
9.739999999999837e+00	5.042416e+00
9.749999999999837e+00	5.042785e+00
9.759999999999836e+00	5.043154e+00
9.769999999999836e+00	5.043523e+00
9.779999999999836e+00	5.043891e+00
9.789999999999836e+00	5.044259e+00
9.799999999999836e+00	5.044627e+00
9.809999999999835e+00	5.044995e+00
9.819999999999835e+00	5.045362e+00
9.829999999999835e+00	5.045730e+00
9.839999999999835e+00	5.046097e+00
9.849999999999834e+00	5.046464e+00
9.859999999999834e+00	5.046831e+00
9.869999999999834e+00	5.047197e+00
9.879999999999834e+00	5.047564e+00
9.889999999999834e+00	5.047930e+00
9.899999999999833e+00	5.048295e+00
9.909999999999833e+00	5.048661e+00
9.919999999999833e+00	5.049026e+00
9.929999999999833e+00	5.049392e+00
9.939999999999833e+00	5.049757e+00
9.949999999999832e+00	5.050122e+00
9.959999999999832e+00	5.050487e+00
9.969999999999832e+00	5.050851e+00
9.979999999999832e+00	5.051216e+00
9.989999999999831e+00	5.051579e+00
9.999999999999831e+00	5.051944e+00
1.000999999999983e+01	5.052307e+00
1.001999999999983e+01	5.052671e+00
1.002999999999983e+01	5.053034e+00
1.003999999999983e+01	5.053398e+00
1.004999999999983e+01	5.053761e+00
1.005999999999983e+01	5.054123e+00
1.006999999999983e+01	5.054486e+00
1.007999999999983e+01	5.054849e+00
1.008999999999983e+01	5.055211e+00
1.009999999999983e+01	5.055573e+00
1.010999999999983e+01	5.055935e+00
1.011999999999983e+01	5.056297e+00
1.012999999999983e+01	5.056658e+00
1.013999999999983e+01	5.057020e+00
1.014999999999983e+01	5.057381e+00
1.015999999999983e+01	5.057742e+00
1.016999999999983e+01	5.058103e+00
1.017999999999983e+01	5.058464e+00
1.018999999999983e+01	5.058825e+00
1.019999999999983e+01	5.059185e+00
1.020999999999983e+01	5.059545e+00
1.021999999999983e+01	5.059905e+00
1.022999999999983e+01	5.060265e+00
1.023999999999983e+01	5.060625e+00
1.024999999999983e+01	5.060985e+00
1.025999999999983e+01	5.061344e+00
1.026999999999983e+01	5.061703e+00
1.027999999999983e+01	5.062062e+00
1.028999999999983e+01	5.062421e+00
1.029999999999982e+01	5.062780e+00
1.030999999999982e+01	5.063138e+00
1.031999999999982e+01	5.063497e+00
1.032999999999982e+01	5.063856e+00
1.033999999999982e+01	5.064214e+00
1.034999999999982e+01	5.064572e+00
1.035999999999982e+01	5.064929e+00
1.036999999999982e+01	5.065288e+00
1.037999999999982e+01	5.065645e+00
1.038999999999982e+01	5.066002e+00
1.039999999999982e+01	5.066360e+00
1.040999999999982e+01	5.066717e+00
1.041999999999982e+01	5.067074e+00
1.042999999999982e+01	5.067431e+00
1.043999999999982e+01	5.067788e+00
1.044999999999982e+01	5.068144e+00
1.045999999999982e+01	5.068501e+00
1.046999999999982e+01	5.068857e+00
1.047999999999982e+01	5.069213e+00
1.048999999999982e+01	5.069569e+00
1.049999999999982e+01	5.069925e+00
1.050999999999982e+01	5.070281e+00
1.051999999999982e+01	5.070636e+00
1.052999999999982e+01	5.070992e+00
1.053999999999982e+01	5.071347e+00
1.054999999999982e+01	5.071702e+00
1.055999999999982e+01	5.072057e+00
1.056999999999982e+01	5.072412e+00
1.057999999999982e+01	5.072767e+00
1.058999999999982e+01	5.073122e+00
1.059999999999982e+01	5.073476e+00
1.060999999999982e+01	5.073831e+00
1.061999999999982e+01	5.074185e+00
1.062999999999982e+01	5.074539e+00
1.063999999999982e+01	5.074893e+00
1.064999999999982e+01	5.075247e+00
1.065999999999982e+01	5.075601e+00
1.066999999999982e+01	5.075954e+00
1.067999999999982e+01	5.076308e+00
1.068999999999982e+01	5.076662e+00
1.069999999999982e+01	5.077015e+00
1.070999999999982e+01	5.077368e+00
1.071999999999982e+01	5.077721e+00
1.072999999999982e+01	5.078074e+00
1.073999999999982e+01	5.078427e+00
1.074999999999982e+01	5.078779e+00
1.075999999999982e+01	5.079132e+00
1.076999999999981e+01	5.079484e+00
1.077999999999981e+01	5.079837e+00
1.078999999999981e+01	5.080189e+00
1.079999999999981e+01	5.080541e+00
1.080999999999981e+01	5.080893e+00
1.081999999999981e+01	5.081245e+00
1.082999999999981e+01	5.081597e+00
1.083999999999981e+01	5.081948e+00
1.084999999999981e+01	5.082300e+00
1.085999999999981e+01	5.082651e+00
1.086999999999981e+01	5.083003e+00
1.087999999999981e+01	5.083354e+00
1.088999999999981e+01	5.083705e+00
1.089999999999981e+01	5.084056e+00
1.090999999999981e+01	5.084407e+00
1.091999999999981e+01	5.084757e+00
1.092999999999981e+01	5.085108e+00
1.093999999999981e+01	5.085459e+00
1.094999999999981e+01	5.085809e+00
1.095999999999981e+01	5.086160e+00
1.096999999999981e+01	5.086510e+00
1.097999999999981e+01	5.086860e+00
1.098999999999981e+01	5.087210e+00
1.099999999999981e+01	5.087560e+00
1.100999999999981e+01	5.087910e+00
1.101999999999981e+01	5.088260e+00
1.102999999999981e+01	5.088609e+00
1.103999999999981e+01	5.088959e+00
1.104999999999981e+01	5.089308e+00
1.105999999999981e+01	5.089657e+00
1.106999999999981e+01	5.090007e+00
1.107999999999981e+01	5.090356e+00
1.108999999999981e+01	5.090705e+00
1.109999999999981e+01	5.091054e+00
1.110999999999981e+01	5.091403e+00
1.111999999999981e+01	5.091752e+00
1.112999999999981e+01	5.092100e+00
1.113999999999981e+01	5.092449e+00
1.114999999999981e+01	5.092797e+00
1.115999999999981e+01	5.093146e+00
1.116999999999981e+01	5.093494e+00
1.117999999999981e+01	5.093842e+00
1.118999999999981e+01	5.094191e+00
1.119999999999981e+01	5.094538e+00
1.120999999999981e+01	5.094886e+00
1.121999999999981e+01	5.095234e+00
1.122999999999981e+01	5.095582e+00
1.123999999999980e+01	5.095930e+00
1.124999999999980e+01	5.096277e+00
1.125999999999980e+01	5.096625e+00
1.126999999999980e+01	5.096972e+00
1.127999999999980e+01	5.097320e+00
1.128999999999980e+01	5.097667e+00
1.129999999999980e+01	5.098014e+00
1.130999999999980e+01	5.098361e+00
1.131999999999980e+01	5.098708e+00
1.132999999999980e+01	5.099055e+00
1.133999999999980e+01	5.099402e+00
1.134999999999980e+01	5.099749e+00
1.135999999999980e+01	5.100095e+00
1.136999999999980e+01	5.100442e+00
1.137999999999980e+01	5.100788e+00
1.138999999999980e+01	5.101135e+00
1.139999999999980e+01	5.101481e+00
1.140999999999980e+01	5.101827e+00
1.141999999999980e+01	5.102173e+00
1.142999999999980e+01	5.102520e+00
1.143999999999980e+01	5.102866e+00
1.144999999999980e+01	5.103211e+00
1.145999999999980e+01	5.103558e+00
1.146999999999980e+01	5.103903e+00
1.147999999999980e+01	5.104249e+00
1.148999999999980e+01	5.104595e+00
1.149999999999980e+01	5.104940e+00
1.150999999999980e+01	5.105286e+00
1.151999999999980e+01	5.105631e+00
1.152999999999980e+01	5.105977e+00
1.153999999999980e+01	5.106322e+00
1.154999999999980e+01	5.106667e+00
1.155999999999980e+01	5.107012e+00
1.156999999999980e+01	5.107357e+00
1.157999999999980e+01	5.107702e+00
1.158999999999980e+01	5.108047e+00
1.159999999999980e+01	5.108392e+00
1.160999999999980e+01	5.108737e+00
1.161999999999980e+01	5.109081e+00
1.162999999999980e+01	5.109426e+00
1.163999999999980e+01	5.109771e+00
1.164999999999980e+01	5.110115e+00
1.165999999999980e+01	5.110460e+00
1.166999999999980e+01	5.110804e+00
1.167999999999980e+01	5.111148e+00
1.168999999999980e+01	5.111493e+00
1.169999999999980e+01	5.111837e+00
1.170999999999979e+01	5.112181e+00
1.171999999999979e+01	5.112525e+00
1.172999999999979e+01	5.112869e+00
1.173999999999979e+01	5.113213e+00
1.174999999999979e+01	5.113557e+00
1.175999999999979e+01	5.113901e+00
1.176999999999979e+01	5.114244e+00
1.177999999999979e+01	5.114588e+00
1.178999999999979e+01	5.114932e+00
1.179999999999979e+01	5.115275e+00
1.180999999999979e+01	5.115618e+00
1.181999999999979e+01	5.115962e+00
1.182999999999979e+01	5.116305e+00
1.183999999999979e+01	5.116649e+00
1.184999999999979e+01	5.116992e+00
1.185999999999979e+01	5.117335e+00
1.186999999999979e+01	5.117678e+00
1.187999999999979e+01	5.118021e+00
1.188999999999979e+01	5.118364e+00
1.189999999999979e+01	5.118707e+00
1.190999999999979e+01	5.119050e+00
1.191999999999979e+01	5.119393e+00
1.192999999999979e+01	5.119736e+00
1.193999999999979e+01	5.120078e+00
1.194999999999979e+01	5.120421e+00
1.195999999999979e+01	5.120763e+00
1.196999999999979e+01	5.121106e+00
1.197999999999979e+01	5.121449e+00
1.198999999999979e+01	5.121791e+00
1.199999999999979e+01	5.122133e+00
1.200999999999979e+01	5.122476e+00
1.201999999999979e+01	5.122818e+00
1.202999999999979e+01	5.123160e+00
1.203999999999979e+01	5.123502e+00
1.204999999999979e+01	5.123845e+00
1.205999999999979e+01	5.124187e+00
1.206999999999979e+01	5.124528e+00
1.207999999999979e+01	5.124870e+00
1.208999999999979e+01	5.125213e+00
1.209999999999979e+01	5.125554e+00
1.210999999999979e+01	5.125896e+00
1.211999999999979e+01	5.126238e+00
1.212999999999979e+01	5.126580e+00
1.213999999999979e+01	5.126921e+00
1.214999999999979e+01	5.127263e+00
1.215999999999979e+01	5.127604e+00
1.216999999999978e+01	5.127946e+00
1.217999999999978e+01	5.128287e+00
1.218999999999978e+01	5.128629e+00
1.219999999999978e+01	5.128970e+00
1.220999999999978e+01	5.129312e+00
1.221999999999978e+01	5.129653e+00
1.222999999999978e+01	5.129994e+00
1.223999999999978e+01	5.130335e+00
1.224999999999978e+01	5.130676e+00
1.225999999999978e+01	5.131018e+00
1.226999999999978e+01	5.131359e+00
1.227999999999978e+01	5.131700e+00
1.228999999999978e+01	5.132041e+00
1.229999999999978e+01	5.132381e+00
1.230999999999978e+01	5.132722e+00
1.231999999999978e+01	5.133063e+00
1.232999999999978e+01	5.133404e+00
1.233999999999978e+01	5.133745e+00
1.234999999999978e+01	5.134085e+00
1.235999999999978e+01	5.134426e+00
1.236999999999978e+01	5.134767e+00
1.237999999999978e+01	5.135107e+00
1.238999999999978e+01	5.135448e+00
1.239999999999978e+01	5.135788e+00
1.240999999999978e+01	5.136129e+00
1.241999999999978e+01	5.136469e+00
1.242999999999978e+01	5.136809e+00
1.243999999999978e+01	5.137150e+00
1.244999999999978e+01	5.137490e+00
1.245999999999978e+01	5.137830e+00
1.246999999999978e+01	5.138171e+00
1.247999999999978e+01	5.138511e+00
1.248999999999978e+01	5.138851e+00
1.249999999999978e+01	5.139191e+00
1.250999999999978e+01	5.139531e+00
1.251999999999978e+01	5.139871e+00
1.252999999999978e+01	5.140211e+00
1.253999999999978e+01	5.140551e+00
1.254999999999978e+01	5.140891e+00
1.255999999999978e+01	5.141231e+00
1.256999999999978e+01	5.141571e+00
1.257999999999978e+01	5.141911e+00
1.258999999999978e+01	5.142250e+00
1.259999999999978e+01	5.142590e+00
1.260999999999978e+01	5.142930e+00
1.261999999999978e+01	5.143269e+00
1.262999999999978e+01	5.143609e+00
1.263999999999977e+01	5.143949e+00
1.264999999999977e+01	5.144288e+00
1.265999999999977e+01	5.144628e+00
1.266999999999977e+01	5.144967e+00
1.267999999999977e+01	5.145307e+00
1.268999999999977e+01	5.145646e+00
1.269999999999977e+01	5.145985e+00
1.270999999999977e+01	5.146325e+00
1.271999999999977e+01	5.146664e+00
1.272999999999977e+01	5.147003e+00
1.273999999999977e+01	5.147343e+00
1.274999999999977e+01	5.147682e+00
1.275999999999977e+01	5.148021e+00
1.276999999999977e+01	5.148360e+00
1.277999999999977e+01	5.148699e+00
1.278999999999977e+01	5.149038e+00
1.279999999999977e+01	5.149377e+00
1.280999999999977e+01	5.149716e+00
1.281999999999977e+01	5.150055e+00
1.282999999999977e+01	5.150394e+00
1.283999999999977e+01	5.150733e+00
1.284999999999977e+01	5.151073e+00
1.285999999999977e+01	5.151412e+00
1.286999999999977e+01	5.151750e+00
1.287999999999977e+01	5.152089e+00
1.288999999999977e+01	5.152428e+00
1.289999999999977e+01	5.152767e+00
1.290999999999977e+01	5.153105e+00
1.291999999999977e+01	5.153444e+00
1.292999999999977e+01	5.153783e+00
1.293999999999977e+01	5.154121e+00
1.294999999999977e+01	5.154460e+00
1.295999999999977e+01	5.154799e+00
1.296999999999977e+01	5.155138e+00
1.297999999999977e+01	5.155476e+00
1.298999999999977e+01	5.155815e+00
1.299999999999977e+01	5.156153e+00
1.300999999999977e+01	5.156492e+00
1.301999999999977e+01	5.156830e+00
1.302999999999977e+01	5.157168e+00
1.303999999999977e+01	5.157507e+00
1.304999999999977e+01	5.157845e+00
1.305999999999977e+01	5.158184e+00
1.306999999999977e+01	5.158522e+00
1.307999999999977e+01	5.158860e+00
1.308999999999977e+01	5.159199e+00
1.309999999999977e+01	5.159537e+00
1.310999999999976e+01	5.159875e+00
1.311999999999976e+01	5.160213e+00
1.312999999999976e+01	5.160552e+00
1.313999999999976e+01	5.160890e+00
1.314999999999976e+01	5.161228e+00
1.315999999999976e+01	5.161566e+00
1.316999999999976e+01	5.161904e+00
1.317999999999976e+01	5.162242e+00
1.318999999999976e+01	5.162580e+00
1.319999999999976e+01	5.162919e+00
1.320999999999976e+01	5.163257e+00
1.321999999999976e+01	5.163595e+00
1.322999999999976e+01	5.163933e+00
1.323999999999976e+01	5.164270e+00
1.324999999999976e+01	5.164608e+00
1.325999999999976e+01	5.164947e+00
1.326999999999976e+01	5.165285e+00
1.327999999999976e+01	5.165622e+00
1.328999999999976e+01	5.165960e+00
1.329999999999976e+01	5.166298e+00
1.330999999999976e+01	5.166636e+00
1.331999999999976e+01	5.166974e+00
1.332999999999976e+01	5.167312e+00
1.333999999999976e+01	5.167649e+00
1.334999999999976e+01	5.167987e+00
1.335999999999976e+01	5.168325e+00
1.336999999999976e+01	5.168663e+00
1.337999999999976e+01	5.169000e+00
1.338999999999976e+01	5.169338e+00
1.339999999999976e+01	5.169676e+00
1.340999999999976e+01	5.170013e+00
1.341999999999976e+01	5.170351e+00
1.342999999999976e+01	5.170689e+00
1.343999999999976e+01	5.171026e+00
1.344999999999976e+01	5.171364e+00
1.345999999999976e+01	5.171701e+00
1.346999999999976e+01	5.172039e+00
1.347999999999976e+01	5.172377e+00
1.348999999999976e+01	5.172714e+00
1.349999999999976e+01	5.173051e+00
1.350999999999976e+01	5.173389e+00
1.351999999999976e+01	5.173727e+00
1.352999999999976e+01	5.174064e+00
1.353999999999976e+01	5.174401e+00
1.354999999999976e+01	5.174739e+00
1.355999999999976e+01	5.175076e+00
1.356999999999976e+01	5.175414e+00
1.357999999999975e+01	5.175751e+00
1.358999999999975e+01	5.176089e+00
1.359999999999975e+01	5.176426e+00
1.360999999999975e+01	5.176764e+00
1.361999999999975e+01	5.177101e+00
1.362999999999975e+01	5.177438e+00
1.363999999999975e+01	5.177775e+00
1.364999999999975e+01	5.178113e+00
1.365999999999975e+01	5.178450e+00
1.366999999999975e+01	5.178787e+00
1.367999999999975e+01	5.179124e+00
1.368999999999975e+01	5.179462e+00
1.369999999999975e+01	5.179799e+00
1.370999999999975e+01	5.180136e+00
1.371999999999975e+01	5.180473e+00
1.372999999999975e+01	5.180811e+00
1.373999999999975e+01	5.181148e+00
1.374999999999975e+01	5.181485e+00
1.375999999999975e+01	5.181822e+00
1.376999999999975e+01	5.182159e+00
1.377999999999975e+01	5.182497e+00
1.378999999999975e+01	5.182834e+00
1.379999999999975e+01	5.183171e+00
1.380999999999975e+01	5.183508e+00
1.381999999999975e+01	5.183845e+00
1.382999999999975e+01	5.184182e+00
1.383999999999975e+01	5.184519e+00
1.384999999999975e+01	5.184856e+00
1.385999999999975e+01	5.185194e+00
1.386999999999975e+01	5.185531e+00
1.387999999999975e+01	5.185868e+00
1.388999999999975e+01	5.186205e+00
1.389999999999975e+01	5.186542e+00
1.390999999999975e+01	5.186879e+00
1.391999999999975e+01	5.187216e+00
1.392999999999975e+01	5.187553e+00
1.393999999999975e+01	5.187890e+00
1.394999999999975e+01	5.188227e+00
1.395999999999975e+01	5.188564e+00
1.396999999999975e+01	5.188901e+00
1.397999999999975e+01	5.189238e+00
1.398999999999975e+01	5.189575e+00
1.399999999999975e+01	5.189912e+00
1.400999999999975e+01	5.190249e+00
1.401999999999975e+01	5.190586e+00
1.402999999999975e+01	5.190923e+00
1.403999999999975e+01	5.191260e+00
1.404999999999974e+01	5.191597e+00
1.405999999999974e+01	5.191934e+00
1.406999999999974e+01	5.192271e+00
1.407999999999974e+01	5.192607e+00
1.408999999999974e+01	5.192945e+00
1.409999999999974e+01	5.193282e+00
1.410999999999974e+01	5.193618e+00
1.411999999999974e+01	5.193955e+00
1.412999999999974e+01	5.194292e+00
1.413999999999974e+01	5.194629e+00
1.414999999999974e+01	5.194966e+00
1.415999999999974e+01	5.195303e+00
1.416999999999974e+01	5.195640e+00
1.417999999999974e+01	5.195977e+00
1.418999999999974e+01	5.196313e+00
1.419999999999974e+01	5.196651e+00
1.420999999999974e+01	5.196987e+00
1.421999999999974e+01	5.197324e+00
1.422999999999974e+01	5.197661e+00
1.423999999999974e+01	5.197998e+00
1.424999999999974e+01	5.198335e+00
1.425999999999974e+01	5.198671e+00
1.426999999999974e+01	5.199008e+00
1.427999999999974e+01	5.199345e+00
1.428999999999974e+01	5.199682e+00
1.429999999999974e+01	5.200019e+00
1.430999999999974e+01	5.200356e+00
1.431999999999974e+01	5.200693e+00
1.432999999999974e+01	5.201029e+00
1.433999999999974e+01	5.201366e+00
1.434999999999974e+01	5.201703e+00
1.435999999999974e+01	5.202040e+00
1.436999999999974e+01	5.202377e+00
1.437999999999974e+01	5.202713e+00
1.438999999999974e+01	5.203050e+00
1.439999999999974e+01	5.203387e+00
1.440999999999974e+01	5.203724e+00
1.441999999999974e+01	5.204061e+00
1.442999999999974e+01	5.204398e+00
1.443999999999974e+01	5.204734e+00
1.444999999999974e+01	5.205071e+00
1.445999999999974e+01	5.205408e+00
1.446999999999974e+01	5.205745e+00
1.447999999999974e+01	5.206082e+00
1.448999999999974e+01	5.206419e+00
1.449999999999974e+01	5.206755e+00
1.450999999999974e+01	5.207092e+00
1.451999999999973e+01	5.207429e+00
1.452999999999973e+01	5.207766e+00
1.453999999999973e+01	5.208103e+00
1.454999999999973e+01	5.208439e+00
1.455999999999973e+01	5.208776e+00
1.456999999999973e+01	5.209113e+00
1.457999999999973e+01	5.209450e+00
1.458999999999973e+01	5.209787e+00
1.459999999999973e+01	5.210124e+00
1.460999999999973e+01	5.210460e+00
1.461999999999973e+01	5.210797e+00
1.462999999999973e+01	5.211134e+00
1.463999999999973e+01	5.211471e+00
1.464999999999973e+01	5.211808e+00
1.465999999999973e+01	5.212144e+00
1.466999999999973e+01	5.212481e+00
1.467999999999973e+01	5.212818e+00
1.468999999999973e+01	5.213155e+00
1.469999999999973e+01	5.213492e+00
1.470999999999973e+01	5.213829e+00
1.471999999999973e+01	5.214166e+00
1.472999999999973e+01	5.214502e+00
1.473999999999973e+01	5.214839e+00
1.474999999999973e+01	5.215176e+00
1.475999999999973e+01	5.215513e+00
1.476999999999973e+01	5.215850e+00
1.477999999999973e+01	5.216187e+00
1.478999999999973e+01	5.216524e+00
1.479999999999973e+01	5.216860e+00
1.480999999999973e+01	5.217197e+00
1.481999999999973e+01	5.217534e+00
1.482999999999973e+01	5.217871e+00
1.483999999999973e+01	5.218208e+00
1.484999999999973e+01	5.218545e+00
1.485999999999973e+01	5.218882e+00
1.486999999999973e+01	5.219219e+00
1.487999999999973e+01	5.219555e+00
1.488999999999973e+01	5.219893e+00
1.489999999999973e+01	5.220230e+00
1.490999999999973e+01	5.220566e+00
1.491999999999973e+01	5.220903e+00
1.492999999999973e+01	5.221240e+00
1.493999999999973e+01	5.221577e+00
1.494999999999973e+01	5.221914e+00
1.495999999999973e+01	5.222251e+00
1.496999999999973e+01	5.222588e+00
1.497999999999973e+01	5.222925e+00
1.498999999999972e+01	5.223262e+00
1.499999999999972e+01	5.223599e+00
1.500999999999972e+01	5.223936e+00
1.501999999999972e+01	5.224273e+00
1.502999999999972e+01	5.224610e+00
1.503999999999972e+01	5.224947e+00
1.504999999999972e+01	5.225284e+00
1.505999999999972e+01	5.225621e+00
1.506999999999972e+01	5.225958e+00
1.507999999999972e+01	5.226295e+00
1.508999999999972e+01	5.226632e+00
1.509999999999972e+01	5.226969e+00
1.510999999999972e+01	5.227306e+00
1.511999999999972e+01	5.227643e+00
1.512999999999972e+01	5.227980e+00
1.513999999999972e+01	5.228317e+00
1.514999999999972e+01	5.228654e+00
1.515999999999972e+01	5.228991e+00
1.516999999999972e+01	5.229328e+00
1.517999999999972e+01	5.229665e+00
1.518999999999972e+01	5.230002e+00
1.519999999999972e+01	5.230340e+00
1.520999999999972e+01	5.230677e+00
1.521999999999972e+01	5.231014e+00
1.522999999999972e+01	5.231351e+00
1.523999999999972e+01	5.231688e+00
1.524999999999972e+01	5.232025e+00
1.525999999999972e+01	5.232362e+00
1.526999999999972e+01	5.232699e+00
1.527999999999972e+01	5.233037e+00
1.528999999999972e+01	5.233374e+00
1.529999999999972e+01	5.233711e+00
1.530999999999972e+01	5.234048e+00
1.531999999999972e+01	5.234385e+00
1.532999999999972e+01	5.234723e+00
1.533999999999972e+01	5.235060e+00
1.534999999999972e+01	5.235397e+00
1.535999999999972e+01	5.235734e+00
1.536999999999972e+01	5.236072e+00
1.537999999999972e+01	5.236409e+00
1.538999999999972e+01	5.236746e+00
1.539999999999972e+01	5.237083e+00
1.540999999999972e+01	5.237421e+00
1.541999999999972e+01	5.237758e+00
1.542999999999972e+01	5.238095e+00
1.543999999999972e+01	5.238433e+00
1.544999999999972e+01	5.238770e+00
1.545999999999971e+01	5.239108e+00
1.546999999999971e+01	5.239445e+00
1.547999999999971e+01	5.239782e+00
1.548999999999971e+01	5.240119e+00
1.549999999999971e+01	5.240457e+00
1.550999999999971e+01	5.240794e+00
1.551999999999971e+01	5.241132e+00
1.552999999999971e+01	5.241469e+00
1.553999999999971e+01	5.241807e+00
1.554999999999971e+01	5.242144e+00
1.555999999999971e+01	5.242481e+00
1.556999999999971e+01	5.242819e+00
1.557999999999971e+01	5.243156e+00
1.558999999999971e+01	5.243494e+00
1.559999999999971e+01	5.243831e+00
1.560999999999971e+01	5.244169e+00
1.561999999999971e+01	5.244506e+00
1.562999999999971e+01	5.244844e+00
1.563999999999971e+01	5.245182e+00
1.564999999999971e+01	5.245519e+00
1.565999999999971e+01	5.245857e+00
1.566999999999971e+01	5.246194e+00
1.567999999999971e+01	5.246532e+00
1.568999999999971e+01	5.246870e+00
1.569999999999971e+01	5.247207e+00
1.570999999999971e+01	5.247545e+00
1.571999999999971e+01	5.247882e+00
1.572999999999971e+01	5.248220e+00
1.573999999999971e+01	5.248558e+00
1.574999999999971e+01	5.248895e+00
1.575999999999971e+01	5.249233e+00
1.576999999999971e+01	5.249571e+00
1.577999999999971e+01	5.249908e+00
1.578999999999971e+01	5.250246e+00
1.579999999999971e+01	5.250584e+00
1.580999999999971e+01	5.250922e+00
1.581999999999971e+01	5.251259e+00
1.582999999999971e+01	5.251597e+00
1.583999999999971e+01	5.251935e+00
1.584999999999971e+01	5.252273e+00
1.585999999999971e+01	5.252611e+00
1.586999999999971e+01	5.252948e+00
1.587999999999971e+01	5.253286e+00
1.588999999999971e+01	5.253624e+00
1.589999999999971e+01	5.253962e+00
1.590999999999971e+01	5.254300e+00
1.591999999999971e+01	5.254638e+00
1.592999999999970e+01	5.254976e+00
1.593999999999970e+01	5.255314e+00
1.594999999999970e+01	5.255652e+00
1.595999999999970e+01	5.255990e+00
1.596999999999970e+01	5.256328e+00
1.597999999999970e+01	5.256666e+00
1.598999999999970e+01	5.257004e+00
1.599999999999970e+01	5.257342e+00
1.600999999999970e+01	5.257680e+00
1.601999999999970e+01	5.258018e+00
1.602999999999971e+01	5.258356e+00
1.603999999999971e+01	5.258694e+00
1.604999999999971e+01	5.259032e+00
1.605999999999971e+01	5.259370e+00
1.606999999999971e+01	5.259708e+00
1.607999999999971e+01	5.260046e+00
1.608999999999972e+01	5.260385e+00
1.609999999999972e+01	5.260723e+00
1.610999999999972e+01	5.261061e+00
1.611999999999972e+01	5.261399e+00
1.612999999999972e+01	5.261737e+00
1.613999999999972e+01	5.262076e+00
1.614999999999973e+01	5.262414e+00
1.615999999999973e+01	5.262752e+00
1.616999999999973e+01	5.263091e+00
1.617999999999973e+01	5.263429e+00
1.618999999999973e+01	5.263767e+00
1.619999999999973e+01	5.264105e+00
1.620999999999973e+01	5.264444e+00
1.621999999999974e+01	5.264782e+00
1.622999999999974e+01	5.265121e+00
1.623999999999974e+01	5.265459e+00
1.624999999999974e+01	5.265798e+00
1.625999999999974e+01	5.266136e+00
1.626999999999974e+01	5.266474e+00
1.627999999999975e+01	5.266813e+00
1.628999999999975e+01	5.267151e+00
1.629999999999975e+01	5.267490e+00
1.630999999999975e+01	5.267828e+00
1.631999999999975e+01	5.268167e+00
1.632999999999975e+01	5.268506e+00
1.633999999999975e+01	5.268844e+00
1.634999999999976e+01	5.269183e+00
1.635999999999976e+01	5.269521e+00
1.636999999999976e+01	5.269860e+00
1.637999999999976e+01	5.270198e+00
1.638999999999976e+01	5.270537e+00
1.639999999999976e+01	5.270876e+00
1.640999999999977e+01	5.271214e+00
1.641999999999977e+01	5.271553e+00
1.642999999999977e+01	5.271892e+00
1.643999999999977e+01	5.272231e+00
1.644999999999977e+01	5.272570e+00
1.645999999999977e+01	5.272908e+00
1.646999999999978e+01	5.273247e+00
1.647999999999978e+01	5.273586e+00
1.648999999999978e+01	5.273925e+00
1.649999999999978e+01	5.274263e+00
1.650999999999978e+01	5.274602e+00
1.651999999999978e+01	5.274941e+00
1.652999999999978e+01	5.275280e+00
1.653999999999979e+01	5.275619e+00
1.654999999999979e+01	5.275958e+00
1.655999999999979e+01	5.276297e+00
1.656999999999979e+01	5.276636e+00
1.657999999999979e+01	5.276975e+00
1.658999999999979e+01	5.277314e+00
1.659999999999980e+01	5.277653e+00
1.660999999999980e+01	5.277992e+00
1.661999999999980e+01	5.278331e+00
1.662999999999980e+01	5.278670e+00
1.663999999999980e+01	5.279009e+00
1.664999999999980e+01	5.279349e+00
1.665999999999980e+01	5.279688e+00
1.666999999999981e+01	5.280027e+00
1.667999999999981e+01	5.280366e+00
1.668999999999981e+01	5.280705e+00
1.669999999999981e+01	5.281044e+00
1.670999999999981e+01	5.281384e+00
1.671999999999981e+01	5.281723e+00
1.672999999999982e+01	5.282063e+00
1.673999999999982e+01	5.282402e+00
1.674999999999982e+01	5.282741e+00
1.675999999999982e+01	5.283081e+00
1.676999999999982e+01	5.283420e+00
1.677999999999982e+01	5.283759e+00
1.678999999999983e+01	5.284099e+00
1.679999999999983e+01	5.284438e+00
1.680999999999983e+01	5.284778e+00
1.681999999999983e+01	5.285117e+00
1.682999999999983e+01	5.285457e+00
1.683999999999983e+01	5.285796e+00
1.684999999999983e+01	5.286136e+00
1.685999999999984e+01	5.286475e+00
1.686999999999984e+01	5.286815e+00
1.687999999999984e+01	5.287154e+00
1.688999999999984e+01	5.287494e+00
1.689999999999984e+01	5.287834e+00
1.690999999999984e+01	5.288173e+00
1.691999999999985e+01	5.288513e+00
1.692999999999985e+01	5.288853e+00
1.693999999999985e+01	5.289193e+00
1.694999999999985e+01	5.289532e+00
1.695999999999985e+01	5.289872e+00
1.696999999999985e+01	5.290212e+00
1.697999999999985e+01	5.290552e+00
1.698999999999986e+01	5.290891e+00
1.699999999999986e+01	5.291231e+00
1.700999999999986e+01	5.291571e+00
1.701999999999986e+01	5.291911e+00
1.702999999999986e+01	5.292251e+00
1.703999999999986e+01	5.292591e+00
1.704999999999987e+01	5.292931e+00
1.705999999999987e+01	5.293271e+00
1.706999999999987e+01	5.293611e+00
1.707999999999987e+01	5.293951e+00
1.708999999999987e+01	5.294291e+00
1.709999999999987e+01	5.294631e+00
1.710999999999988e+01	5.294971e+00
1.711999999999988e+01	5.295311e+00
1.712999999999988e+01	5.295651e+00
1.713999999999988e+01	5.295991e+00
1.714999999999988e+01	5.296332e+00
1.715999999999988e+01	5.296672e+00
1.716999999999988e+01	5.297012e+00
1.717999999999989e+01	5.297352e+00
1.718999999999989e+01	5.297693e+00
1.719999999999989e+01	5.298033e+00
1.720999999999989e+01	5.298373e+00
1.721999999999989e+01	5.298714e+00
1.722999999999989e+01	5.299054e+00
1.723999999999990e+01	5.299394e+00
1.724999999999990e+01	5.299735e+00
1.725999999999990e+01	5.300075e+00
1.726999999999990e+01	5.300416e+00
1.727999999999990e+01	5.300756e+00
1.728999999999990e+01	5.301096e+00
1.729999999999990e+01	5.301437e+00
1.730999999999991e+01	5.301778e+00
1.731999999999991e+01	5.302118e+00
1.732999999999991e+01	5.302459e+00
1.733999999999991e+01	5.302799e+00
1.734999999999991e+01	5.303140e+00
1.735999999999991e+01	5.303481e+00
1.736999999999992e+01	5.303822e+00
1.737999999999992e+01	5.304162e+00
1.738999999999992e+01	5.304503e+00
1.739999999999992e+01	5.304843e+00
1.740999999999992e+01	5.305184e+00
1.741999999999992e+01	5.305525e+00
1.742999999999993e+01	5.305866e+00
1.743999999999993e+01	5.306207e+00
1.744999999999993e+01	5.306548e+00
1.745999999999993e+01	5.306889e+00
1.746999999999993e+01	5.307230e+00
1.747999999999993e+01	5.307570e+00
1.748999999999993e+01	5.307911e+00
1.749999999999994e+01	5.308252e+00
1.750999999999994e+01	5.308593e+00
1.751999999999994e+01	5.308935e+00
1.752999999999994e+01	5.309276e+00
1.753999999999994e+01	5.309617e+00
1.754999999999994e+01	5.309958e+00
1.755999999999995e+01	5.310299e+00
1.756999999999995e+01	5.310640e+00
1.757999999999995e+01	5.310981e+00
1.758999999999995e+01	5.311322e+00
1.759999999999995e+01	5.311664e+00
1.760999999999995e+01	5.312005e+00
1.761999999999995e+01	5.312346e+00
1.762999999999996e+01	5.312687e+00
1.763999999999996e+01	5.313029e+00
1.764999999999996e+01	5.313370e+00
1.765999999999996e+01	5.313712e+00
1.766999999999996e+01	5.314053e+00
1.767999999999996e+01	5.314394e+00
1.768999999999997e+01	5.314736e+00
1.769999999999997e+01	5.315077e+00
1.770999999999997e+01	5.315419e+00
1.771999999999997e+01	5.315761e+00
1.772999999999997e+01	5.316102e+00
1.773999999999997e+01	5.316443e+00
1.774999999999998e+01	5.316785e+00
1.775999999999998e+01	5.317127e+00
1.776999999999998e+01	5.317469e+00
1.777999999999998e+01	5.317810e+00
1.778999999999998e+01	5.318152e+00
1.779999999999998e+01	5.318493e+00
1.780999999999998e+01	5.318835e+00
1.781999999999999e+01	5.319177e+00
1.782999999999999e+01	5.319519e+00
1.783999999999999e+01	5.319861e+00
1.784999999999999e+01	5.320202e+00
1.785999999999999e+01	5.320544e+00
1.786999999999999e+01	5.320886e+00
1.788000000000000e+01	5.321229e+00
1.789000000000000e+01	5.321570e+00
1.790000000000000e+01	5.321912e+00
1.791000000000000e+01	5.322254e+00
1.792000000000000e+01	5.322597e+00
1.793000000000000e+01	5.322938e+00
1.794000000000000e+01	5.323280e+00
1.795000000000001e+01	5.323623e+00
1.796000000000001e+01	5.323965e+00
1.797000000000001e+01	5.324307e+00
1.798000000000001e+01	5.324649e+00
1.799000000000001e+01	5.324991e+00
1.800000000000001e+01	5.325334e+00
1.801000000000002e+01	5.325676e+00
1.802000000000002e+01	5.326018e+00
1.803000000000002e+01	5.326361e+00
1.804000000000002e+01	5.326703e+00
1.805000000000002e+01	5.327045e+00
1.806000000000002e+01	5.327388e+00
1.807000000000003e+01	5.327730e+00
1.808000000000003e+01	5.328073e+00
1.809000000000003e+01	5.328415e+00
1.810000000000003e+01	5.328758e+00
1.811000000000003e+01	5.329100e+00
1.812000000000003e+01	5.329443e+00
1.813000000000003e+01	5.329785e+00
1.814000000000004e+01	5.330128e+00
1.815000000000004e+01	5.330471e+00
1.816000000000004e+01	5.330813e+00
1.817000000000004e+01	5.331156e+00
1.818000000000004e+01	5.331499e+00
1.819000000000004e+01	5.331841e+00
1.820000000000005e+01	5.332184e+00
1.821000000000005e+01	5.332527e+00
1.822000000000005e+01	5.332870e+00
1.823000000000005e+01	5.333213e+00
1.824000000000005e+01	5.333556e+00
1.825000000000005e+01	5.333899e+00
1.826000000000005e+01	5.334241e+00
1.827000000000006e+01	5.334584e+00
1.828000000000006e+01	5.334928e+00
1.829000000000006e+01	5.335270e+00
1.830000000000006e+01	5.335613e+00
1.831000000000006e+01	5.335957e+00
1.832000000000006e+01	5.336300e+00
1.833000000000007e+01	5.336643e+00
1.834000000000007e+01	5.336986e+00
1.835000000000007e+01	5.337329e+00
1.836000000000007e+01	5.337672e+00
1.837000000000007e+01	5.338016e+00
1.838000000000007e+01	5.338359e+00
1.839000000000008e+01	5.338702e+00
1.840000000000008e+01	5.339046e+00
1.841000000000008e+01	5.339389e+00
1.842000000000008e+01	5.339732e+00
1.843000000000008e+01	5.340076e+00
1.844000000000008e+01	5.340419e+00
1.845000000000008e+01	5.340763e+00
1.846000000000009e+01	5.341106e+00
1.847000000000009e+01	5.341450e+00
1.848000000000009e+01	5.341793e+00
1.849000000000009e+01	5.342137e+00
1.850000000000009e+01	5.342481e+00
1.851000000000009e+01	5.342824e+00
1.852000000000010e+01	5.343168e+00
1.853000000000010e+01	5.343512e+00
1.854000000000010e+01	5.343855e+00
1.855000000000010e+01	5.344199e+00
1.856000000000010e+01	5.344543e+00
1.857000000000010e+01	5.344887e+00
1.858000000000010e+01	5.345231e+00
1.859000000000011e+01	5.345574e+00
1.860000000000011e+01	5.345918e+00
1.861000000000011e+01	5.346262e+00
1.862000000000011e+01	5.346606e+00
1.863000000000011e+01	5.346950e+00
1.864000000000011e+01	5.347294e+00
1.865000000000012e+01	5.347638e+00
1.866000000000012e+01	5.347982e+00
1.867000000000012e+01	5.348326e+00
1.868000000000012e+01	5.348670e+00
1.869000000000012e+01	5.349015e+00
1.870000000000012e+01	5.349359e+00
1.871000000000013e+01	5.349703e+00
1.872000000000013e+01	5.350047e+00
1.873000000000013e+01	5.350391e+00
1.874000000000013e+01	5.350736e+00
1.875000000000013e+01	5.351080e+00
1.876000000000013e+01	5.351425e+00
1.877000000000013e+01	5.351769e+00
1.878000000000014e+01	5.352113e+00
1.879000000000014e+01	5.352458e+00
1.880000000000014e+01	5.352802e+00
1.881000000000014e+01	5.353147e+00
1.882000000000014e+01	5.353491e+00
1.883000000000014e+01	5.353836e+00
1.884000000000015e+01	5.354180e+00
1.885000000000015e+01	5.354525e+00
1.886000000000015e+01	5.354870e+00
1.887000000000015e+01	5.355215e+00
1.888000000000015e+01	5.355559e+00
1.889000000000015e+01	5.355904e+00
1.890000000000015e+01	5.356249e+00
1.891000000000016e+01	5.356594e+00
1.892000000000016e+01	5.356938e+00
1.893000000000016e+01	5.357283e+00
1.894000000000016e+01	5.357628e+00
1.895000000000016e+01	5.357973e+00
1.896000000000016e+01	5.358318e+00
1.897000000000017e+01	5.358663e+00
1.898000000000017e+01	5.359008e+00
1.899000000000017e+01	5.359353e+00
1.900000000000017e+01	5.359698e+00
1.901000000000017e+01	5.360043e+00
1.902000000000017e+01	5.360388e+00
1.903000000000018e+01	5.360734e+00
1.904000000000018e+01	5.361079e+00
1.905000000000018e+01	5.361424e+00
1.906000000000018e+01	5.361769e+00
1.907000000000018e+01	5.362114e+00
1.908000000000018e+01	5.362460e+00
1.909000000000018e+01	5.362805e+00
1.910000000000019e+01	5.363151e+00
1.911000000000019e+01	5.363496e+00
1.912000000000019e+01	5.363841e+00
1.913000000000019e+01	5.364187e+00
1.914000000000019e+01	5.364532e+00
1.915000000000019e+01	5.364878e+00
1.916000000000020e+01	5.365223e+00
1.917000000000020e+01	5.365569e+00
1.918000000000020e+01	5.365914e+00
1.919000000000020e+01	5.366260e+00
1.920000000000020e+01	5.366606e+00
1.921000000000020e+01	5.366951e+00
1.922000000000020e+01	5.367297e+00
1.923000000000021e+01	5.367643e+00
1.924000000000021e+01	5.367989e+00
1.925000000000021e+01	5.368335e+00
1.926000000000021e+01	5.368680e+00
1.927000000000021e+01	5.369027e+00
1.928000000000021e+01	5.369372e+00
1.929000000000022e+01	5.369719e+00
1.930000000000022e+01	5.370064e+00
1.931000000000022e+01	5.370410e+00
1.932000000000022e+01	5.370757e+00
1.933000000000022e+01	5.371102e+00
1.934000000000022e+01	5.371449e+00
1.935000000000023e+01	5.371795e+00
1.936000000000023e+01	5.372141e+00
1.937000000000023e+01	5.372487e+00
1.938000000000023e+01	5.372833e+00
1.939000000000023e+01	5.373180e+00
1.940000000000023e+01	5.373526e+00
1.941000000000023e+01	5.373872e+00
1.942000000000024e+01	5.374218e+00
1.943000000000024e+01	5.374565e+00
1.944000000000024e+01	5.374911e+00
1.945000000000024e+01	5.375258e+00
1.946000000000024e+01	5.375605e+00
1.947000000000024e+01	5.375951e+00
1.948000000000025e+01	5.376297e+00
1.949000000000025e+01	5.376644e+00
1.950000000000025e+01	5.376991e+00
1.951000000000025e+01	5.377337e+00
1.952000000000025e+01	5.377684e+00
1.953000000000025e+01	5.378031e+00
1.954000000000025e+01	5.378377e+00
1.955000000000026e+01	5.378724e+00
1.956000000000026e+01	5.379071e+00
1.957000000000026e+01	5.379418e+00
1.958000000000026e+01	5.379765e+00
1.959000000000026e+01	5.380112e+00
1.960000000000026e+01	5.380458e+00
1.961000000000027e+01	5.380805e+00
1.962000000000027e+01	5.381153e+00
1.963000000000027e+01	5.381500e+00
1.964000000000027e+01	5.381846e+00
1.965000000000027e+01	5.382194e+00
1.966000000000027e+01	5.382541e+00
1.967000000000028e+01	5.382888e+00
1.968000000000028e+01	5.383235e+00
1.969000000000028e+01	5.383583e+00
1.970000000000028e+01	5.383930e+00
1.971000000000028e+01	5.384277e+00
1.972000000000028e+01	5.384624e+00
1.973000000000028e+01	5.384972e+00
1.974000000000029e+01	5.385319e+00
1.975000000000029e+01	5.385666e+00
1.976000000000029e+01	5.386014e+00
1.977000000000029e+01	5.386361e+00
1.978000000000029e+01	5.386709e+00
1.979000000000029e+01	5.387056e+00
1.980000000000030e+01	5.387404e+00
1.981000000000030e+01	5.387752e+00
1.982000000000030e+01	5.388099e+00
1.983000000000030e+01	5.388447e+00
1.984000000000030e+01	5.388794e+00
1.985000000000030e+01	5.389143e+00
1.986000000000030e+01	5.389490e+00
1.987000000000031e+01	5.389838e+00
1.988000000000031e+01	5.390186e+00
1.989000000000031e+01	5.390533e+00
1.990000000000031e+01	5.390882e+00
1.991000000000031e+01	5.391230e+00
1.992000000000031e+01	5.391577e+00
1.993000000000032e+01	5.391925e+00
1.994000000000032e+01	5.392273e+00
1.995000000000032e+01	5.392622e+00
1.996000000000032e+01	5.392970e+00
1.997000000000032e+01	5.393318e+00
1.998000000000032e+01	5.393666e+00
1.999000000000033e+01	5.394014e+00
2.000000000000033e+01	5.394362e+00
2.001000000000033e+01	5.394711e+00
2.002000000000033e+01	5.395059e+00
2.003000000000033e+01	5.395407e+00
2.004000000000033e+01	5.395755e+00
2.005000000000033e+01	5.396104e+00
2.006000000000034e+01	5.396452e+00
2.007000000000034e+01	5.396801e+00
2.008000000000034e+01	5.397149e+00
2.009000000000034e+01	5.397498e+00
2.010000000000034e+01	5.397846e+00
2.011000000000034e+01	5.398195e+00
2.012000000000035e+01	5.398543e+00
2.013000000000035e+01	5.398892e+00
2.014000000000035e+01	5.399241e+00
2.015000000000035e+01	5.399590e+00
2.016000000000035e+01	5.399939e+00
2.017000000000035e+01	5.400287e+00
2.018000000000035e+01	5.400636e+00
2.019000000000036e+01	5.400985e+00
2.020000000000036e+01	5.401334e+00
2.021000000000036e+01	5.401683e+00
2.022000000000036e+01	5.402031e+00
2.023000000000036e+01	5.402380e+00
2.024000000000036e+01	5.402730e+00
2.025000000000037e+01	5.403079e+00
2.026000000000037e+01	5.403428e+00
2.027000000000037e+01	5.403777e+00
2.028000000000037e+01	5.404126e+00
2.029000000000037e+01	5.404475e+00
2.030000000000037e+01	5.404825e+00
2.031000000000038e+01	5.405174e+00
2.032000000000038e+01	5.405523e+00
2.033000000000038e+01	5.405872e+00
2.034000000000038e+01	5.406222e+00
2.035000000000038e+01	5.406571e+00
2.036000000000038e+01	5.406920e+00
2.037000000000038e+01	5.407270e+00
2.038000000000039e+01	5.407619e+00
2.039000000000039e+01	5.407969e+00
2.040000000000039e+01	5.408319e+00
2.041000000000039e+01	5.408668e+00
2.042000000000039e+01	5.409018e+00
2.043000000000039e+01	5.409368e+00
2.044000000000040e+01	5.409717e+00
2.045000000000040e+01	5.410067e+00
2.046000000000040e+01	5.410417e+00
2.047000000000040e+01	5.410767e+00
2.048000000000040e+01	5.411116e+00
2.049000000000040e+01	5.411466e+00
2.050000000000041e+01	5.411816e+00
2.051000000000041e+01	5.412166e+00
2.052000000000041e+01	5.412516e+00
2.053000000000041e+01	5.412866e+00
2.054000000000041e+01	5.413216e+00
2.055000000000041e+01	5.413566e+00
2.056000000000041e+01	5.413916e+00
2.057000000000042e+01	5.414267e+00
2.058000000000042e+01	5.414617e+00
2.059000000000042e+01	5.414967e+00
2.060000000000042e+01	5.415317e+00
2.061000000000042e+01	5.415668e+00
2.062000000000042e+01	5.416018e+00
2.063000000000043e+01	5.416368e+00
2.064000000000043e+01	5.416718e+00
2.065000000000043e+01	5.417069e+00
2.066000000000043e+01	5.417419e+00
2.067000000000043e+01	5.417770e+00
2.068000000000043e+01	5.418120e+00
2.069000000000043e+01	5.418471e+00
2.070000000000044e+01	5.418821e+00
2.071000000000044e+01	5.419172e+00
2.072000000000044e+01	5.419523e+00
2.073000000000044e+01	5.419873e+00
2.074000000000044e+01	5.420224e+00
2.075000000000044e+01	5.420575e+00
2.076000000000045e+01	5.420926e+00
2.077000000000045e+01	5.421277e+00
2.078000000000045e+01	5.421628e+00
2.079000000000045e+01	5.421978e+00
2.080000000000045e+01	5.422329e+00
2.081000000000045e+01	5.422680e+00
2.082000000000046e+01	5.423031e+00
2.083000000000046e+01	5.423382e+00
2.084000000000046e+01	5.423733e+00
2.085000000000046e+01	5.424084e+00
2.086000000000046e+01	5.424436e+00
2.087000000000046e+01	5.424787e+00
2.088000000000046e+01	5.425138e+00
2.089000000000047e+01	5.425489e+00
2.090000000000047e+01	5.425840e+00
2.091000000000047e+01	5.426192e+00
2.092000000000047e+01	5.426543e+00
2.093000000000047e+01	5.426895e+00
2.094000000000047e+01	5.427246e+00
2.095000000000048e+01	5.427598e+00
2.096000000000048e+01	5.427949e+00
2.097000000000048e+01	5.428300e+00
2.098000000000048e+01	5.428652e+00
2.099000000000048e+01	5.429004e+00
2.100000000000048e+01	5.429355e+00
2.101000000000048e+01	5.429707e+00
2.102000000000049e+01	5.430058e+00
2.103000000000049e+01	5.430410e+00
2.104000000000049e+01	5.430762e+00
2.105000000000049e+01	5.431114e+00
2.106000000000049e+01	5.431466e+00
2.107000000000049e+01	5.431818e+00
2.108000000000050e+01	5.432169e+00
2.109000000000050e+01	5.432522e+00
2.110000000000050e+01	5.432874e+00
2.111000000000050e+01	5.433226e+00
2.112000000000050e+01	5.433578e+00
2.113000000000050e+01	5.433930e+00
2.114000000000051e+01	5.434282e+00
2.115000000000051e+01	5.434634e+00
2.116000000000051e+01	5.434986e+00
2.117000000000051e+01	5.435338e+00
2.118000000000051e+01	5.435691e+00
2.119000000000051e+01	5.436043e+00
2.120000000000051e+01	5.436396e+00
2.121000000000052e+01	5.436748e+00
2.122000000000052e+01	5.437100e+00
2.123000000000052e+01	5.437453e+00
2.124000000000052e+01	5.437805e+00
2.125000000000052e+01	5.438158e+00
2.126000000000052e+01	5.438510e+00
2.127000000000053e+01	5.438863e+00
2.128000000000053e+01	5.439216e+00
2.129000000000053e+01	5.439568e+00
2.130000000000053e+01	5.439921e+00
2.131000000000053e+01	5.440274e+00
2.132000000000053e+01	5.440626e+00
2.133000000000053e+01	5.440979e+00
2.134000000000054e+01	5.441332e+00
2.135000000000054e+01	5.441685e+00
2.136000000000054e+01	5.442038e+00
2.137000000000054e+01	5.442391e+00
2.138000000000054e+01	5.442744e+00
2.139000000000054e+01	5.443097e+00
2.140000000000055e+01	5.443450e+00
2.141000000000055e+01	5.443803e+00
2.142000000000055e+01	5.444156e+00
2.143000000000055e+01	5.444509e+00
2.144000000000055e+01	5.444862e+00
2.145000000000055e+01	5.445216e+00
2.146000000000056e+01	5.445569e+00
2.147000000000056e+01	5.445922e+00
2.148000000000056e+01	5.446276e+00
2.149000000000056e+01	5.446629e+00
2.150000000000056e+01	5.446982e+00
2.151000000000056e+01	5.447336e+00
2.152000000000056e+01	5.447690e+00
2.153000000000057e+01	5.448043e+00
2.154000000000057e+01	5.448396e+00
2.155000000000057e+01	5.448750e+00
2.156000000000057e+01	5.449104e+00
2.157000000000057e+01	5.449457e+00
2.158000000000057e+01	5.449811e+00
2.159000000000058e+01	5.450165e+00
2.160000000000058e+01	5.450519e+00
2.161000000000058e+01	5.450872e+00
2.162000000000058e+01	5.451226e+00
2.163000000000058e+01	5.451580e+00
2.164000000000058e+01	5.451934e+00
2.165000000000058e+01	5.452288e+00
2.166000000000059e+01	5.452642e+00
2.167000000000059e+01	5.452996e+00
2.168000000000059e+01	5.453350e+00
2.169000000000059e+01	5.453704e+00
2.170000000000059e+01	5.454058e+00
2.171000000000059e+01	5.454412e+00
2.172000000000060e+01	5.454767e+00
2.173000000000060e+01	5.455121e+00
2.174000000000060e+01	5.455475e+00
2.175000000000060e+01	5.455830e+00
2.176000000000060e+01	5.456184e+00
2.177000000000060e+01	5.456538e+00
2.178000000000061e+01	5.456893e+00
2.179000000000061e+01	5.457247e+00
2.180000000000061e+01	5.457602e+00
2.181000000000061e+01	5.457956e+00
2.182000000000061e+01	5.458311e+00
2.183000000000061e+01	5.458666e+00
2.184000000000061e+01	5.459020e+00
2.185000000000062e+01	5.459375e+00
2.186000000000062e+01	5.459730e+00
2.187000000000062e+01	5.460084e+00
2.188000000000062e+01	5.460439e+00
2.189000000000062e+01	5.460794e+00
2.190000000000062e+01	5.461149e+00
2.191000000000063e+01	5.461504e+00
2.192000000000063e+01	5.461859e+00
2.193000000000063e+01	5.462214e+00
2.194000000000063e+01	5.462569e+00
2.195000000000063e+01	5.462924e+00
2.196000000000063e+01	5.463279e+00
2.197000000000063e+01	5.463634e+00
2.198000000000064e+01	5.463989e+00
2.199000000000064e+01	5.464345e+00
2.200000000000064e+01	5.464700e+00
2.201000000000064e+01	5.465055e+00
2.202000000000064e+01	5.465410e+00
2.203000000000064e+01	5.465766e+00
2.204000000000065e+01	5.466121e+00
2.205000000000065e+01	5.466476e+00
2.206000000000065e+01	5.466832e+00
2.207000000000065e+01	5.467187e+00
2.208000000000065e+01	5.467543e+00
2.209000000000065e+01	5.467899e+00
2.210000000000066e+01	5.468254e+00
2.211000000000066e+01	5.468610e+00
2.212000000000066e+01	5.468966e+00
2.213000000000066e+01	5.469321e+00
2.214000000000066e+01	5.469677e+00
2.215000000000066e+01	5.470033e+00
2.216000000000066e+01	5.470389e+00
2.217000000000067e+01	5.470745e+00
2.218000000000067e+01	5.471101e+00
2.219000000000067e+01	5.471457e+00
2.220000000000067e+01	5.471813e+00
2.221000000000067e+01	5.472168e+00
2.222000000000067e+01	5.472525e+00
2.223000000000068e+01	5.472881e+00
2.224000000000068e+01	5.473237e+00
2.225000000000068e+01	5.473593e+00
2.226000000000068e+01	5.473949e+00
2.227000000000068e+01	5.474306e+00
2.228000000000068e+01	5.474662e+00
2.229000000000068e+01	5.475018e+00
2.230000000000069e+01	5.475375e+00
2.231000000000069e+01	5.475731e+00
2.232000000000069e+01	5.476087e+00
2.233000000000069e+01	5.476444e+00
2.234000000000069e+01	5.476800e+00
2.235000000000069e+01	5.477157e+00
2.236000000000070e+01	5.477513e+00
2.237000000000070e+01	5.477870e+00
2.238000000000070e+01	5.478227e+00
2.239000000000070e+01	5.478583e+00
2.240000000000070e+01	5.478940e+00
2.241000000000070e+01	5.479297e+00
2.242000000000071e+01	5.479654e+00
2.243000000000071e+01	5.480011e+00
2.244000000000071e+01	5.480368e+00
2.245000000000071e+01	5.480724e+00
2.246000000000071e+01	5.481081e+00
2.247000000000071e+01	5.481438e+00
2.248000000000071e+01	5.481795e+00
2.249000000000072e+01	5.482152e+00
2.250000000000072e+01	5.482510e+00
2.251000000000072e+01	5.482867e+00
2.252000000000072e+01	5.483224e+00
2.253000000000072e+01	5.483581e+00
2.254000000000072e+01	5.483938e+00
2.255000000000073e+01	5.484296e+00
2.256000000000073e+01	5.484653e+00
2.257000000000073e+01	5.485011e+00
2.258000000000073e+01	5.485368e+00
2.259000000000073e+01	5.485725e+00
2.260000000000073e+01	5.486083e+00
2.261000000000073e+01	5.486440e+00
2.262000000000074e+01	5.486798e+00
2.263000000000074e+01	5.487155e+00
2.264000000000074e+01	5.487513e+00
2.265000000000074e+01	5.487871e+00
2.266000000000074e+01	5.488229e+00
2.267000000000074e+01	5.488586e+00
2.268000000000075e+01	5.488944e+00
2.269000000000075e+01	5.489302e+00
2.270000000000075e+01	5.489660e+00
2.271000000000075e+01	5.490018e+00
2.272000000000075e+01	5.490376e+00
2.273000000000075e+01	5.490734e+00
2.274000000000076e+01	5.491092e+00
2.275000000000076e+01	5.491450e+00
2.276000000000076e+01	5.491808e+00
2.277000000000076e+01	5.492166e+00
2.278000000000076e+01	5.492524e+00
2.279000000000076e+01	5.492882e+00
2.280000000000076e+01	5.493241e+00
2.281000000000077e+01	5.493599e+00
2.282000000000077e+01	5.493957e+00
2.283000000000077e+01	5.494316e+00
2.284000000000077e+01	5.494674e+00
2.285000000000077e+01	5.495032e+00
2.286000000000077e+01	5.495391e+00
2.287000000000078e+01	5.495749e+00
2.288000000000078e+01	5.496108e+00
2.289000000000078e+01	5.496467e+00
2.290000000000078e+01	5.496825e+00
2.291000000000078e+01	5.497184e+00
2.292000000000078e+01	5.497542e+00
2.293000000000078e+01	5.497901e+00
2.294000000000079e+01	5.498260e+00
2.295000000000079e+01	5.498619e+00
2.296000000000079e+01	5.498978e+00
2.297000000000079e+01	5.499337e+00
2.298000000000079e+01	5.499696e+00
2.299000000000079e+01	5.500055e+00
2.300000000000080e+01	5.500414e+00
2.301000000000080e+01	5.500773e+00
2.302000000000080e+01	5.501132e+00
2.303000000000080e+01	5.501491e+00
2.304000000000080e+01	5.501850e+00
2.305000000000080e+01	5.502209e+00
2.306000000000081e+01	5.502569e+00
2.307000000000081e+01	5.502928e+00
2.308000000000081e+01	5.503287e+00
2.309000000000081e+01	5.503646e+00
2.310000000000081e+01	5.504006e+00
2.311000000000081e+01	5.504365e+00
2.312000000000081e+01	5.504725e+00
2.313000000000082e+01	5.505085e+00
2.314000000000082e+01	5.505444e+00
2.315000000000082e+01	5.505804e+00
2.316000000000082e+01	5.506163e+00
2.317000000000082e+01	5.506523e+00
2.318000000000082e+01	5.506883e+00
2.319000000000083e+01	5.507242e+00
2.320000000000083e+01	5.507602e+00
2.321000000000083e+01	5.507962e+00
2.322000000000083e+01	5.508322e+00
2.323000000000083e+01	5.508682e+00
2.324000000000083e+01	5.509042e+00
2.325000000000083e+01	5.509402e+00
2.326000000000084e+01	5.509762e+00
2.327000000000084e+01	5.510122e+00
2.328000000000084e+01	5.510482e+00
2.329000000000084e+01	5.510842e+00
2.330000000000084e+01	5.511202e+00
2.331000000000084e+01	5.511562e+00
2.332000000000085e+01	5.511922e+00
2.333000000000085e+01	5.512283e+00
2.334000000000085e+01	5.512643e+00
2.335000000000085e+01	5.513003e+00
2.336000000000085e+01	5.513364e+00
2.337000000000085e+01	5.513724e+00
2.338000000000086e+01	5.514085e+00
2.339000000000086e+01	5.514445e+00
2.340000000000086e+01	5.514806e+00
2.341000000000086e+01	5.515166e+00
2.342000000000086e+01	5.515527e+00
2.343000000000086e+01	5.515888e+00
2.344000000000086e+01	5.516249e+00
2.345000000000087e+01	5.516609e+00
2.346000000000087e+01	5.516970e+00
2.347000000000087e+01	5.517331e+00
2.348000000000087e+01	5.517692e+00
2.349000000000087e+01	5.518053e+00
2.350000000000087e+01	5.518414e+00
2.351000000000088e+01	5.518775e+00
2.352000000000088e+01	5.519135e+00
2.353000000000088e+01	5.519497e+00
2.354000000000088e+01	5.519858e+00
2.355000000000088e+01	5.520219e+00
2.356000000000088e+01	5.520580e+00
2.357000000000088e+01	5.520941e+00
2.358000000000089e+01	5.521303e+00
2.359000000000089e+01	5.521664e+00
2.360000000000089e+01	5.522025e+00
2.361000000000089e+01	5.522387e+00
2.362000000000089e+01	5.522748e+00
2.363000000000089e+01	5.523109e+00
2.364000000000090e+01	5.523471e+00
2.365000000000090e+01	5.523833e+00
2.366000000000090e+01	5.524194e+00
2.367000000000090e+01	5.524556e+00
2.368000000000090e+01	5.524918e+00
2.369000000000090e+01	5.525279e+00
2.370000000000091e+01	5.525641e+00
2.371000000000091e+01	5.526002e+00
2.372000000000091e+01	5.526364e+00
2.373000000000091e+01	5.526726e+00
2.374000000000091e+01	5.527088e+00
2.375000000000091e+01	5.527450e+00
2.376000000000091e+01	5.527812e+00
2.377000000000092e+01	5.528174e+00
2.378000000000092e+01	5.528536e+00
2.379000000000092e+01	5.528898e+00
2.380000000000092e+01	5.529260e+00
2.381000000000092e+01	5.529623e+00
2.382000000000092e+01	5.529984e+00
2.383000000000093e+01	5.530347e+00
2.384000000000093e+01	5.530709e+00
2.385000000000093e+01	5.531072e+00
2.386000000000093e+01	5.531434e+00
2.387000000000093e+01	5.531796e+00
2.388000000000093e+01	5.532159e+00
2.389000000000093e+01	5.532521e+00
2.390000000000094e+01	5.532884e+00
2.391000000000094e+01	5.533246e+00
2.392000000000094e+01	5.533609e+00
2.393000000000094e+01	5.533971e+00
2.394000000000094e+01	5.534334e+00
2.395000000000094e+01	5.534697e+00
2.396000000000095e+01	5.535059e+00
2.397000000000095e+01	5.535422e+00
2.398000000000095e+01	5.535785e+00
2.399000000000095e+01	5.536148e+00
2.400000000000000e+01	5.536511e+00
