vreg	V(vo)
0.000000000000000e+00	7.754413e-12
1.000000000000000e-02	6.839836e-10
2.000000000000000e-02	1.588395e-09
3.000000000000000e-02	2.789617e-09
4.000000000000000e-02	4.370398e-09
5.000000000000000e-02	6.425631e-09
6.000000000000000e-02	9.056255e-09
7.000000000000001e-02	1.235732e-08
8.000000000000000e-02	1.639950e-08
9.000000000000000e-02	2.120583e-08
9.999999999999999e-02	2.672990e-08
1.100000000000000e-01	3.284503e-08
1.200000000000000e-01	3.935413e-08
1.300000000000000e-01	4.602340e-08
1.400000000000000e-01	5.263095e-08
1.500000000000000e-01	5.901446e-08
1.600000000000000e-01	6.510047e-08
1.700000000000000e-01	7.090940e-08
1.800000000000000e-01	7.653786e-08
1.900000000000000e-01	8.212815e-08
2.000000000000000e-01	8.783508e-08
2.100000000000000e-01	9.379465e-08
2.200000000000001e-01	1.001016e-07
2.300000000000001e-01	1.067984e-07
2.400000000000001e-01	1.138646e-07
2.500000000000001e-01	1.212162e-07
2.600000000000001e-01	1.287240e-07
2.700000000000001e-01	1.362082e-07
2.800000000000001e-01	1.434810e-07
2.900000000000001e-01	1.503558e-07
3.000000000000001e-01	1.566735e-07
3.100000000000001e-01	1.623254e-07
3.200000000000001e-01	1.672818e-07
3.300000000000001e-01	1.715320e-07
3.400000000000001e-01	1.751412e-07
3.500000000000001e-01	1.781905e-07
3.600000000000002e-01	1.807636e-07
3.700000000000002e-01	1.829475e-07
3.800000000000002e-01	1.848255e-07
3.900000000000002e-01	1.864624e-07
4.000000000000002e-01	1.879088e-07
4.100000000000002e-01	1.892369e-07
4.200000000000002e-01	1.904512e-07
4.300000000000002e-01	1.915877e-07
4.400000000000002e-01	1.926761e-07
4.500000000000002e-01	1.937158e-07
4.600000000000002e-01	1.947267e-07
4.700000000000003e-01	1.957170e-07
4.800000000000003e-01	1.966997e-07
4.900000000000003e-01	1.976669e-07
5.000000000000002e-01	1.986232e-07
5.100000000000002e-01	1.995759e-07
5.200000000000002e-01	2.005320e-07
5.300000000000002e-01	2.014749e-07
5.400000000000003e-01	2.024208e-07
5.500000000000003e-01	2.033670e-07
5.600000000000003e-01	2.043179e-07
5.700000000000003e-01	2.052569e-07
5.800000000000003e-01	2.062075e-07
5.900000000000003e-01	2.071547e-07
6.000000000000003e-01	2.081054e-07
6.100000000000003e-01	2.090585e-07
6.200000000000003e-01	2.100065e-07
6.300000000000003e-01	2.109609e-07
6.400000000000003e-01	2.119190e-07
6.500000000000004e-01	2.128768e-07
6.600000000000004e-01	2.138295e-07
6.700000000000004e-01	2.147924e-07
6.800000000000004e-01	2.157558e-07
6.900000000000004e-01	2.167189e-07
7.000000000000004e-01	2.176832e-07
7.100000000000004e-01	2.186516e-07
7.200000000000004e-01	2.196134e-07
7.300000000000004e-01	2.205881e-07
7.400000000000004e-01	2.215558e-07
7.500000000000004e-01	2.225308e-07
7.600000000000005e-01	2.235055e-07
7.700000000000005e-01	2.244751e-07
7.800000000000005e-01	2.254531e-07
7.900000000000005e-01	2.264350e-07
8.000000000000005e-01	2.274182e-07
8.100000000000005e-01	2.283925e-07
8.200000000000005e-01	2.293825e-07
8.300000000000005e-01	2.303736e-07
8.400000000000005e-01	2.313569e-07
8.500000000000005e-01	2.323462e-07
8.600000000000005e-01	2.333306e-07
8.700000000000006e-01	2.343270e-07
8.800000000000006e-01	2.353106e-07
8.900000000000006e-01	2.363065e-07
9.000000000000006e-01	2.372996e-07
9.100000000000006e-01	2.382902e-07
9.200000000000006e-01	2.393004e-07
9.300000000000006e-01	2.402962e-07
9.400000000000006e-01	2.412927e-07
9.500000000000006e-01	2.422987e-07
9.600000000000006e-01	2.432973e-07
9.700000000000006e-01	2.443029e-07
9.800000000000006e-01	2.453093e-07
9.900000000000007e-01	2.463164e-07
1.000000000000001e+00	2.473261e-07
1.010000000000001e+00	2.483330e-07
1.020000000000001e+00	2.493388e-07
1.030000000000001e+00	2.503568e-07
1.040000000000001e+00	2.513663e-07
1.050000000000001e+00	2.523901e-07
1.060000000000001e+00	2.534001e-07
1.070000000000001e+00	2.544149e-07
1.080000000000001e+00	2.554436e-07
1.090000000000001e+00	2.564604e-07
1.100000000000001e+00	2.574810e-07
1.110000000000001e+00	2.585030e-07
1.120000000000001e+00	2.595354e-07
1.130000000000001e+00	2.605507e-07
1.140000000000001e+00	2.615836e-07
1.150000000000001e+00	2.626173e-07
1.160000000000001e+00	2.636376e-07
1.170000000000001e+00	2.646706e-07
1.180000000000001e+00	2.656984e-07
1.190000000000001e+00	2.667418e-07
1.200000000000001e+00	2.677698e-07
1.210000000000001e+00	2.688131e-07
1.220000000000001e+00	2.698428e-07
1.230000000000001e+00	2.708838e-07
1.240000000000001e+00	2.719231e-07
1.250000000000001e+00	2.729705e-07
1.260000000000001e+00	2.740130e-07
1.270000000000001e+00	2.750554e-07
1.280000000000001e+00	2.760999e-07
1.290000000000001e+00	2.771471e-07
1.300000000000001e+00	2.782002e-07
1.310000000000001e+00	2.792499e-07
1.320000000000001e+00	2.802996e-07
1.330000000000001e+00	2.813570e-07
1.340000000000001e+00	2.824101e-07
1.350000000000001e+00	2.834553e-07
1.360000000000001e+00	2.845159e-07
1.370000000000001e+00	2.855771e-07
1.380000000000001e+00	2.866215e-07
1.390000000000001e+00	2.876827e-07
1.400000000000001e+00	2.887478e-07
1.410000000000001e+00	2.898072e-07
1.420000000000001e+00	2.908687e-07
1.430000000000001e+00	2.919315e-07
1.440000000000001e+00	2.929948e-07
1.450000000000001e+00	2.940629e-07
1.460000000000001e+00	2.951305e-07
1.470000000000001e+00	2.961953e-07
1.480000000000001e+00	2.972690e-07
1.490000000000001e+00	2.983393e-07
1.500000000000001e+00	2.994092e-07
1.510000000000001e+00	3.004827e-07
1.520000000000001e+00	3.015538e-07
1.530000000000001e+00	3.026373e-07
1.540000000000001e+00	3.037099e-07
1.550000000000001e+00	3.047818e-07
1.560000000000001e+00	3.058641e-07
1.570000000000001e+00	3.069486e-07
1.580000000000001e+00	3.080245e-07
1.590000000000001e+00	3.091135e-07
1.600000000000001e+00	3.101986e-07
1.610000000000001e+00	3.112787e-07
1.620000000000001e+00	3.123711e-07
1.630000000000001e+00	3.134578e-07
1.640000000000001e+00	3.145485e-07
1.650000000000001e+00	3.156372e-07
1.660000000000001e+00	3.167408e-07
1.670000000000001e+00	3.178647e-07
1.680000000000001e+00	3.189647e-07
1.690000000000001e+00	3.200910e-07
1.700000000000001e+00	3.212346e-07
1.710000000000001e+00	3.223919e-07
1.720000000000001e+00	3.235805e-07
1.730000000000001e+00	3.248180e-07
1.740000000000001e+00	3.261142e-07
1.750000000000001e+00	3.275235e-07
1.760000000000001e+00	3.290460e-07
1.770000000000001e+00	3.307790e-07
1.780000000000001e+00	3.328166e-07
1.790000000000001e+00	3.352895e-07
1.800000000000001e+00	3.383918e-07
1.810000000000001e+00	3.424383e-07
1.820000000000001e+00	3.478571e-07
1.830000000000001e+00	3.553184e-07
1.840000000000001e+00	3.657655e-07
1.850000000000001e+00	3.806425e-07
1.860000000000001e+00	4.021154e-07
1.870000000000001e+00	4.333608e-07
1.880000000000001e+00	4.792572e-07
1.890000000000001e+00	5.471786e-07
1.900000000000001e+00	6.482909e-07
1.910000000000001e+00	7.995025e-07
1.920000000000001e+00	1.026464e-06
1.930000000000001e+00	1.367738e-06
1.940000000000002e+00	1.881177e-06
1.950000000000002e+00	2.653258e-06
1.960000000000002e+00	3.812766e-06
1.970000000000002e+00	5.551098e-06
1.980000000000002e+00	8.152219e-06
1.990000000000002e+00	1.203653e-05
2.000000000000001e+00	1.782587e-05
2.010000000000001e+00	2.643865e-05
2.020000000000001e+00	3.923006e-05
2.030000000000001e+00	5.819769e-05
2.040000000000000e+00	8.628359e-05
2.050000000000000e+00	1.278174e-04
2.060000000000000e+00	1.891664e-04
2.070000000000000e+00	2.796878e-04
2.080000000000000e+00	4.131255e-04
2.089999999999999e+00	6.096535e-04
2.099999999999999e+00	8.988687e-04
2.109999999999999e+00	1.324166e-03
2.119999999999999e+00	1.949130e-03
2.129999999999999e+00	2.866865e-03
2.139999999999998e+00	4.213572e-03
2.149999999999998e+00	6.188275e-03
2.159999999999998e+00	9.081363e-03
2.169999999999998e+00	1.331563e-02
2.179999999999997e+00	1.950487e-02
2.189999999999997e+00	2.853640e-02
2.199999999999997e+00	4.168539e-02
2.209999999999997e+00	6.076881e-02
2.219999999999997e+00	8.834445e-02
2.229999999999996e+00	1.279517e-01
2.239999999999996e+00	1.843726e-01
2.249999999999996e+00	2.638585e-01
2.259999999999996e+00	3.742276e-01
2.269999999999996e+00	5.247020e-01
2.279999999999995e+00	7.253671e-01
2.289999999999995e+00	9.862168e-01
2.299999999999995e+00	1.315770e+00
2.309999999999995e+00	1.498527e+00
2.319999999999995e+00	1.538029e+00
2.329999999999994e+00	1.564319e+00
2.339999999999994e+00	1.585508e+00
2.349999999999994e+00	1.604119e+00
2.359999999999994e+00	1.620887e+00
2.369999999999993e+00	1.636111e+00
2.379999999999993e+00	1.650139e+00
2.389999999999993e+00	1.663190e+00
2.399999999999993e+00	1.675438e+00
2.409999999999993e+00	1.687033e+00
2.419999999999992e+00	1.698100e+00
2.429999999999992e+00	1.708744e+00
2.439999999999992e+00	1.719045e+00
2.449999999999992e+00	1.729068e+00
2.459999999999992e+00	1.738859e+00
2.469999999999991e+00	1.748454e+00
2.479999999999991e+00	1.757879e+00
2.489999999999991e+00	1.767153e+00
2.499999999999991e+00	1.776293e+00
2.509999999999990e+00	1.785315e+00
2.519999999999990e+00	1.794239e+00
2.529999999999990e+00	1.803085e+00
2.539999999999990e+00	1.811880e+00
2.549999999999990e+00	1.820653e+00
2.559999999999989e+00	1.829436e+00
2.569999999999989e+00	1.838259e+00
2.579999999999989e+00	1.847151e+00
2.589999999999989e+00	1.856133e+00
2.599999999999989e+00	1.865216e+00
2.609999999999988e+00	1.874403e+00
2.619999999999988e+00	1.883686e+00
2.629999999999988e+00	1.893054e+00
2.639999999999988e+00	1.902491e+00
2.649999999999987e+00	1.911984e+00
2.659999999999987e+00	1.921517e+00
2.669999999999987e+00	1.931082e+00
2.679999999999987e+00	1.940669e+00
2.689999999999987e+00	1.950271e+00
2.699999999999986e+00	1.959885e+00
2.709999999999986e+00	1.969508e+00
2.719999999999986e+00	1.979136e+00
2.729999999999986e+00	1.988767e+00
2.739999999999986e+00	1.998402e+00
2.749999999999985e+00	2.008038e+00
2.759999999999985e+00	2.017676e+00
2.769999999999985e+00	2.027315e+00
2.779999999999985e+00	2.036955e+00
2.789999999999984e+00	2.046595e+00
2.799999999999984e+00	2.056236e+00
2.809999999999984e+00	2.065877e+00
2.819999999999984e+00	2.075518e+00
2.829999999999984e+00	2.085159e+00
2.839999999999983e+00	2.094800e+00
2.849999999999983e+00	2.104442e+00
2.859999999999983e+00	2.114084e+00
2.869999999999983e+00	2.123725e+00
2.879999999999983e+00	2.133367e+00
2.889999999999982e+00	2.143009e+00
2.899999999999982e+00	2.152651e+00
2.909999999999982e+00	2.162293e+00
2.919999999999982e+00	2.171935e+00
2.929999999999982e+00	2.181577e+00
2.939999999999981e+00	2.191220e+00
2.949999999999981e+00	2.200862e+00
2.959999999999981e+00	2.210504e+00
2.969999999999981e+00	2.220146e+00
2.979999999999980e+00	2.229789e+00
2.989999999999980e+00	2.239431e+00
2.999999999999980e+00	2.249074e+00
3.009999999999980e+00	2.258716e+00
3.019999999999980e+00	2.268358e+00
3.029999999999979e+00	2.278001e+00
3.039999999999979e+00	2.287643e+00
3.049999999999979e+00	2.297286e+00
3.059999999999979e+00	2.306928e+00
3.069999999999979e+00	2.316571e+00
3.079999999999978e+00	2.326213e+00
3.089999999999978e+00	2.335856e+00
3.099999999999978e+00	2.345498e+00
3.109999999999978e+00	2.355141e+00
3.119999999999977e+00	2.364783e+00
3.129999999999977e+00	2.374426e+00
3.139999999999977e+00	2.384068e+00
3.149999999999977e+00	2.393711e+00
3.159999999999977e+00	2.403353e+00
3.169999999999976e+00	2.412996e+00
3.179999999999976e+00	2.422638e+00
3.189999999999976e+00	2.432280e+00
3.199999999999976e+00	2.441923e+00
3.209999999999976e+00	2.451565e+00
3.219999999999975e+00	2.461207e+00
3.229999999999975e+00	2.470850e+00
3.239999999999975e+00	2.480492e+00
3.249999999999975e+00	2.490134e+00
3.259999999999974e+00	2.499777e+00
3.269999999999974e+00	2.509419e+00
3.279999999999974e+00	2.519061e+00
3.289999999999974e+00	2.528703e+00
3.299999999999974e+00	2.538345e+00
3.309999999999973e+00	2.547987e+00
3.319999999999973e+00	2.557629e+00
3.329999999999973e+00	2.567271e+00
3.339999999999973e+00	2.576913e+00
3.349999999999973e+00	2.586555e+00
3.359999999999972e+00	2.596197e+00
3.369999999999972e+00	2.605839e+00
3.379999999999972e+00	2.615481e+00
3.389999999999972e+00	2.625123e+00
3.399999999999971e+00	2.634764e+00
3.409999999999971e+00	2.644406e+00
3.419999999999971e+00	2.654047e+00
3.429999999999971e+00	2.663689e+00
3.439999999999971e+00	2.673331e+00
3.449999999999970e+00	2.682972e+00
3.459999999999970e+00	2.692613e+00
3.469999999999970e+00	2.702255e+00
3.479999999999970e+00	2.711896e+00
3.489999999999970e+00	2.721537e+00
3.499999999999969e+00	2.731178e+00
3.509999999999969e+00	2.740819e+00
3.519999999999969e+00	2.750460e+00
3.529999999999969e+00	2.760101e+00
3.539999999999969e+00	2.769742e+00
3.549999999999968e+00	2.779383e+00
3.559999999999968e+00	2.789024e+00
3.569999999999968e+00	2.798664e+00
3.579999999999968e+00	2.808305e+00
3.589999999999967e+00	2.817945e+00
3.599999999999967e+00	2.827586e+00
3.609999999999967e+00	2.837226e+00
3.619999999999967e+00	2.846867e+00
3.629999999999967e+00	2.856507e+00
3.639999999999966e+00	2.866147e+00
3.649999999999966e+00	2.875787e+00
3.659999999999966e+00	2.885427e+00
3.669999999999966e+00	2.895067e+00
3.679999999999966e+00	2.904707e+00
3.689999999999965e+00	2.914347e+00
3.699999999999965e+00	2.923987e+00
3.709999999999965e+00	2.933626e+00
3.719999999999965e+00	2.943266e+00
3.729999999999964e+00	2.952905e+00
3.739999999999964e+00	2.962545e+00
3.749999999999964e+00	2.972184e+00
3.759999999999964e+00	2.981823e+00
3.769999999999964e+00	2.991462e+00
3.779999999999963e+00	3.001102e+00
3.789999999999963e+00	3.010741e+00
3.799999999999963e+00	3.020380e+00
3.809999999999963e+00	3.030018e+00
3.819999999999963e+00	3.039657e+00
3.829999999999962e+00	3.049296e+00
3.839999999999962e+00	3.058934e+00
3.849999999999962e+00	3.068573e+00
3.859999999999962e+00	3.078211e+00
3.869999999999961e+00	3.087850e+00
3.879999999999961e+00	3.097488e+00
3.889999999999961e+00	3.107126e+00
3.899999999999961e+00	3.116764e+00
3.909999999999961e+00	3.126402e+00
3.919999999999960e+00	3.136040e+00
3.929999999999960e+00	3.145678e+00
3.939999999999960e+00	3.155315e+00
3.949999999999960e+00	3.164953e+00
3.959999999999960e+00	3.174591e+00
3.969999999999959e+00	3.184228e+00
3.979999999999959e+00	3.193865e+00
3.989999999999959e+00	3.203503e+00
3.999999999999959e+00	3.213140e+00
4.009999999999959e+00	3.222777e+00
4.019999999999959e+00	3.232414e+00
4.029999999999959e+00	3.242051e+00
4.039999999999958e+00	3.251688e+00
4.049999999999958e+00	3.261324e+00
4.059999999999958e+00	3.270961e+00
4.069999999999958e+00	3.280597e+00
4.079999999999957e+00	3.290234e+00
4.089999999999957e+00	3.299870e+00
4.099999999999957e+00	3.309506e+00
4.109999999999957e+00	3.319142e+00
4.119999999999957e+00	3.328778e+00
4.129999999999956e+00	3.338414e+00
4.139999999999956e+00	3.348050e+00
4.149999999999956e+00	3.357686e+00
4.159999999999956e+00	3.367321e+00
4.169999999999956e+00	3.376957e+00
4.179999999999955e+00	3.386592e+00
4.189999999999955e+00	3.396228e+00
4.199999999999955e+00	3.405863e+00
4.209999999999955e+00	3.415498e+00
4.219999999999954e+00	3.425133e+00
4.229999999999954e+00	3.434768e+00
4.239999999999954e+00	3.444403e+00
4.249999999999954e+00	3.454037e+00
4.259999999999954e+00	3.463672e+00
4.269999999999953e+00	3.473306e+00
4.279999999999953e+00	3.482941e+00
4.289999999999953e+00	3.492575e+00
4.299999999999953e+00	3.502209e+00
4.309999999999953e+00	3.511843e+00
4.319999999999952e+00	3.521477e+00
4.329999999999952e+00	3.531111e+00
4.339999999999952e+00	3.540745e+00
4.349999999999952e+00	3.550379e+00
4.359999999999951e+00	3.560013e+00
4.369999999999951e+00	3.569646e+00
4.379999999999951e+00	3.579279e+00
4.389999999999951e+00	3.588913e+00
4.399999999999951e+00	3.598546e+00
4.409999999999950e+00	3.608179e+00
4.419999999999950e+00	3.617812e+00
4.429999999999950e+00	3.627445e+00
4.439999999999950e+00	3.637078e+00
4.449999999999950e+00	3.646710e+00
4.459999999999949e+00	3.656343e+00
4.469999999999949e+00	3.665975e+00
4.479999999999949e+00	3.675608e+00
4.489999999999949e+00	3.685240e+00
4.499999999999948e+00	3.694872e+00
4.509999999999948e+00	3.704504e+00
4.519999999999948e+00	3.714136e+00
4.529999999999948e+00	3.723768e+00
4.539999999999948e+00	3.733400e+00
4.549999999999947e+00	3.743031e+00
4.559999999999947e+00	3.752663e+00
4.569999999999947e+00	3.762294e+00
4.579999999999947e+00	3.771925e+00
4.589999999999947e+00	3.781557e+00
4.599999999999946e+00	3.791188e+00
4.609999999999946e+00	3.800819e+00
4.619999999999946e+00	3.810449e+00
4.629999999999946e+00	3.820080e+00
4.639999999999946e+00	3.829711e+00
4.649999999999945e+00	3.839341e+00
4.659999999999945e+00	3.848972e+00
4.669999999999945e+00	3.858602e+00
4.679999999999945e+00	3.868232e+00
4.689999999999944e+00	3.877862e+00
4.699999999999944e+00	3.887492e+00
4.709999999999944e+00	3.897122e+00
4.719999999999944e+00	3.906752e+00
4.729999999999944e+00	3.916382e+00
4.739999999999943e+00	3.926012e+00
4.749999999999943e+00	3.935641e+00
4.759999999999943e+00	3.945270e+00
4.769999999999943e+00	3.954900e+00
4.779999999999943e+00	3.964529e+00
4.789999999999942e+00	3.974158e+00
4.799999999999942e+00	3.983787e+00
4.809999999999942e+00	3.993415e+00
4.819999999999942e+00	4.003044e+00
4.829999999999941e+00	4.012673e+00
4.839999999999941e+00	4.022301e+00
4.849999999999941e+00	4.031929e+00
4.859999999999941e+00	4.041558e+00
4.869999999999941e+00	4.051186e+00
4.879999999999940e+00	4.060814e+00
4.889999999999940e+00	4.070442e+00
4.899999999999940e+00	4.080070e+00
4.909999999999940e+00	4.089697e+00
4.919999999999940e+00	4.099325e+00
4.929999999999939e+00	4.108953e+00
4.939999999999939e+00	4.118580e+00
4.949999999999939e+00	4.128207e+00
4.959999999999939e+00	4.137835e+00
4.969999999999938e+00	4.147461e+00
4.979999999999938e+00	4.157088e+00
4.989999999999938e+00	4.166715e+00
4.999999999999938e+00	4.176342e+00
5.009999999999938e+00	4.185968e+00
5.019999999999937e+00	4.195595e+00
5.029999999999937e+00	4.205222e+00
5.039999999999937e+00	4.214848e+00
5.049999999999937e+00	4.224474e+00
5.059999999999937e+00	4.234100e+00
5.069999999999936e+00	4.243726e+00
5.079999999999936e+00	4.253352e+00
5.089999999999936e+00	4.262978e+00
5.099999999999936e+00	4.272603e+00
5.109999999999935e+00	4.282228e+00
5.119999999999935e+00	4.291854e+00
5.129999999999935e+00	4.301479e+00
5.139999999999935e+00	4.311104e+00
5.149999999999935e+00	4.320729e+00
5.159999999999934e+00	4.330354e+00
5.169999999999934e+00	4.339979e+00
5.179999999999934e+00	4.349604e+00
5.189999999999934e+00	4.359229e+00
5.199999999999934e+00	4.368853e+00
5.209999999999933e+00	4.378477e+00
5.219999999999933e+00	4.388102e+00
5.229999999999933e+00	4.397726e+00
5.239999999999933e+00	4.407350e+00
5.249999999999932e+00	4.416974e+00
5.259999999999932e+00	4.426598e+00
5.269999999999932e+00	4.436221e+00
5.279999999999932e+00	4.445845e+00
5.289999999999932e+00	4.455468e+00
5.299999999999931e+00	4.465091e+00
5.309999999999931e+00	4.474714e+00
5.319999999999931e+00	4.484337e+00
5.329999999999931e+00	4.493960e+00
5.339999999999931e+00	4.503583e+00
5.349999999999930e+00	4.513206e+00
5.359999999999930e+00	4.522829e+00
5.369999999999930e+00	4.532451e+00
5.379999999999930e+00	4.542073e+00
5.389999999999930e+00	4.551695e+00
5.399999999999929e+00	4.561317e+00
5.409999999999929e+00	4.570939e+00
5.419999999999929e+00	4.580560e+00
5.429999999999929e+00	4.590181e+00
5.439999999999928e+00	4.599802e+00
5.449999999999928e+00	4.609423e+00
5.459999999999928e+00	4.619043e+00
5.469999999999928e+00	4.628663e+00
5.479999999999928e+00	4.638283e+00
5.489999999999927e+00	4.647902e+00
5.499999999999927e+00	4.657521e+00
5.509999999999927e+00	4.667139e+00
5.519999999999927e+00	4.676756e+00
5.529999999999927e+00	4.686372e+00
5.539999999999926e+00	4.695988e+00
5.549999999999926e+00	4.705602e+00
5.559999999999926e+00	4.715215e+00
5.569999999999926e+00	4.724826e+00
5.579999999999925e+00	4.734436e+00
5.589999999999925e+00	4.744043e+00
5.599999999999925e+00	4.753647e+00
5.609999999999925e+00	4.763248e+00
5.619999999999925e+00	4.772845e+00
5.629999999999924e+00	4.782437e+00
5.639999999999924e+00	4.792024e+00
5.649999999999924e+00	4.801603e+00
5.659999999999924e+00	4.811174e+00
5.669999999999924e+00	4.820735e+00
5.679999999999923e+00	4.830284e+00
5.689999999999923e+00	4.839818e+00
5.699999999999923e+00	4.849334e+00
5.709999999999923e+00	4.858828e+00
5.719999999999922e+00	4.868294e+00
5.729999999999922e+00	4.877727e+00
5.739999999999922e+00	4.887117e+00
5.749999999999922e+00	4.896455e+00
5.759999999999922e+00	4.905727e+00
5.769999999999921e+00	4.914913e+00
5.779999999999921e+00	4.923989e+00
5.789999999999921e+00	4.932923e+00
5.799999999999921e+00	4.941671e+00
5.809999999999921e+00	4.950176e+00
5.819999999999920e+00	4.958368e+00
5.829999999999920e+00	4.966159e+00
5.839999999999920e+00	4.973453e+00
5.849999999999920e+00	4.980145e+00
5.859999999999919e+00	4.986142e+00
5.869999999999919e+00	4.991368e+00
5.879999999999919e+00	4.995782e+00
5.889999999999919e+00	4.999393e+00
5.899999999999919e+00	5.002255e+00
5.909999999999918e+00	5.004459e+00
5.919999999999918e+00	5.006117e+00
5.929999999999918e+00	5.007340e+00
5.939999999999918e+00	5.008230e+00
5.949999999999918e+00	5.008871e+00
5.959999999999917e+00	5.009332e+00
5.969999999999917e+00	5.009662e+00
5.979999999999917e+00	5.009899e+00
5.989999999999917e+00	5.010070e+00
5.999999999999917e+00	5.010195e+00
6.009999999999916e+00	5.010288e+00
6.019999999999916e+00	5.010359e+00
6.029999999999916e+00	5.010413e+00
6.039999999999916e+00	5.010457e+00
6.049999999999915e+00	5.010492e+00
6.059999999999915e+00	5.010522e+00
6.069999999999915e+00	5.010549e+00
6.079999999999915e+00	5.010573e+00
6.089999999999915e+00	5.010595e+00
6.099999999999914e+00	5.010615e+00
6.109999999999914e+00	5.010635e+00
6.119999999999914e+00	5.010654e+00
6.129999999999914e+00	5.010673e+00
6.139999999999914e+00	5.010692e+00
6.149999999999913e+00	5.010710e+00
6.159999999999913e+00	5.010727e+00
6.169999999999913e+00	5.010746e+00
6.179999999999913e+00	5.010763e+00
6.189999999999912e+00	5.010781e+00
6.199999999999912e+00	5.010798e+00
6.209999999999912e+00	5.010816e+00
6.219999999999912e+00	5.010834e+00
6.229999999999912e+00	5.010851e+00
6.239999999999911e+00	5.010869e+00
6.249999999999911e+00	5.010886e+00
6.259999999999911e+00	5.010904e+00
6.269999999999911e+00	5.010921e+00
6.279999999999911e+00	5.010939e+00
6.289999999999910e+00	5.010956e+00
6.299999999999910e+00	5.010974e+00
6.309999999999910e+00	5.010991e+00
6.319999999999910e+00	5.011009e+00
6.329999999999909e+00	5.011026e+00
6.339999999999909e+00	5.011044e+00
6.349999999999909e+00	5.011061e+00
6.359999999999909e+00	5.011079e+00
6.369999999999909e+00	5.011096e+00
6.379999999999908e+00	5.011114e+00
6.389999999999908e+00	5.011131e+00
6.399999999999908e+00	5.011148e+00
6.409999999999908e+00	5.011166e+00
6.419999999999908e+00	5.011183e+00
6.429999999999907e+00	5.011201e+00
6.439999999999907e+00	5.011218e+00
6.449999999999907e+00	5.011236e+00
6.459999999999907e+00	5.011253e+00
6.469999999999906e+00	5.011271e+00
6.479999999999906e+00	5.011288e+00
6.489999999999906e+00	5.011305e+00
6.499999999999906e+00	5.011322e+00
6.509999999999906e+00	5.011340e+00
6.519999999999905e+00	5.011357e+00
6.529999999999905e+00	5.011374e+00
6.539999999999905e+00	5.011392e+00
6.549999999999905e+00	5.011409e+00
6.559999999999905e+00	5.011426e+00
6.569999999999904e+00	5.011444e+00
6.579999999999904e+00	5.011461e+00
6.589999999999904e+00	5.011479e+00
6.599999999999904e+00	5.011496e+00
6.609999999999904e+00	5.011513e+00
6.619999999999903e+00	5.011531e+00
6.629999999999903e+00	5.011548e+00
6.639999999999903e+00	5.011565e+00
6.649999999999903e+00	5.011583e+00
6.659999999999902e+00	5.011600e+00
6.669999999999902e+00	5.011617e+00
6.679999999999902e+00	5.011634e+00
6.689999999999902e+00	5.011652e+00
6.699999999999902e+00	5.011669e+00
6.709999999999901e+00	5.011686e+00
6.719999999999901e+00	5.011703e+00
6.729999999999901e+00	5.011721e+00
6.739999999999901e+00	5.011738e+00
6.749999999999901e+00	5.011755e+00
6.759999999999900e+00	5.011773e+00
6.769999999999900e+00	5.011790e+00
6.779999999999900e+00	5.011807e+00
6.789999999999900e+00	5.011825e+00
6.799999999999899e+00	5.011842e+00
6.809999999999899e+00	5.011859e+00
6.819999999999899e+00	5.011876e+00
6.829999999999899e+00	5.011893e+00
6.839999999999899e+00	5.011910e+00
6.849999999999898e+00	5.011928e+00
6.859999999999898e+00	5.011945e+00
6.869999999999898e+00	5.011962e+00
6.879999999999898e+00	5.011979e+00
6.889999999999898e+00	5.011996e+00
6.899999999999897e+00	5.012013e+00
6.909999999999897e+00	5.012031e+00
6.919999999999897e+00	5.012048e+00
6.929999999999897e+00	5.012065e+00
6.939999999999896e+00	5.012083e+00
6.949999999999896e+00	5.012099e+00
6.959999999999896e+00	5.012116e+00
6.969999999999896e+00	5.012134e+00
6.979999999999896e+00	5.012151e+00
6.989999999999895e+00	5.012168e+00
6.999999999999895e+00	5.012185e+00
7.009999999999895e+00	5.012202e+00
7.019999999999895e+00	5.012219e+00
7.029999999999895e+00	5.012237e+00
7.039999999999894e+00	5.012254e+00
7.049999999999894e+00	5.012271e+00
7.059999999999894e+00	5.012288e+00
7.069999999999894e+00	5.012305e+00
7.079999999999893e+00	5.012322e+00
7.089999999999893e+00	5.012339e+00
7.099999999999893e+00	5.012356e+00
7.109999999999893e+00	5.012373e+00
7.119999999999893e+00	5.012391e+00
7.129999999999892e+00	5.012407e+00
7.139999999999892e+00	5.012424e+00
7.149999999999892e+00	5.012442e+00
7.159999999999892e+00	5.012459e+00
7.169999999999892e+00	5.012475e+00
7.179999999999891e+00	5.012493e+00
7.189999999999891e+00	5.012510e+00
7.199999999999891e+00	5.012527e+00
7.209999999999891e+00	5.012544e+00
7.219999999999891e+00	5.012561e+00
7.229999999999890e+00	5.012578e+00
7.239999999999890e+00	5.012595e+00
7.249999999999890e+00	5.012612e+00
7.259999999999890e+00	5.012629e+00
7.269999999999889e+00	5.012646e+00
7.279999999999889e+00	5.012663e+00
7.289999999999889e+00	5.012680e+00
7.299999999999889e+00	5.012697e+00
7.309999999999889e+00	5.012714e+00
7.319999999999888e+00	5.012731e+00
7.329999999999888e+00	5.012748e+00
7.339999999999888e+00	5.012764e+00
7.349999999999888e+00	5.012782e+00
7.359999999999888e+00	5.012799e+00
7.369999999999887e+00	5.012815e+00
7.379999999999887e+00	5.012833e+00
7.389999999999887e+00	5.012849e+00
7.399999999999887e+00	5.012866e+00
7.409999999999886e+00	5.012883e+00
7.419999999999886e+00	5.012900e+00
7.429999999999886e+00	5.012917e+00
7.439999999999886e+00	5.012934e+00
7.449999999999886e+00	5.012951e+00
7.459999999999885e+00	5.012968e+00
7.469999999999885e+00	5.012985e+00
7.479999999999885e+00	5.013001e+00
7.489999999999885e+00	5.013019e+00
7.499999999999885e+00	5.013035e+00
7.509999999999884e+00	5.013052e+00
7.519999999999884e+00	5.013069e+00
7.529999999999884e+00	5.013086e+00
7.539999999999884e+00	5.013103e+00
7.549999999999883e+00	5.013120e+00
7.559999999999883e+00	5.013137e+00
7.569999999999883e+00	5.013154e+00
7.579999999999883e+00	5.013170e+00
7.589999999999883e+00	5.013187e+00
7.599999999999882e+00	5.013204e+00
7.609999999999882e+00	5.013221e+00
7.619999999999882e+00	5.013237e+00
7.629999999999882e+00	5.013255e+00
7.639999999999882e+00	5.013271e+00
7.649999999999881e+00	5.013288e+00
7.659999999999881e+00	5.013305e+00
7.669999999999881e+00	5.013322e+00
7.679999999999881e+00	5.013339e+00
7.689999999999880e+00	5.013355e+00
7.699999999999880e+00	5.013372e+00
7.709999999999880e+00	5.013389e+00
7.719999999999880e+00	5.013406e+00
7.729999999999880e+00	5.013422e+00
7.739999999999879e+00	5.013439e+00
7.749999999999879e+00	5.013456e+00
7.759999999999879e+00	5.013473e+00
7.769999999999879e+00	5.013490e+00
7.779999999999879e+00	5.013506e+00
7.789999999999878e+00	5.013523e+00
7.799999999999878e+00	5.013540e+00
7.809999999999878e+00	5.013556e+00
7.819999999999878e+00	5.013573e+00
7.829999999999878e+00	5.013590e+00
7.839999999999877e+00	5.013607e+00
7.849999999999877e+00	5.013623e+00
7.859999999999877e+00	5.013640e+00
7.869999999999877e+00	5.013657e+00
7.879999999999876e+00	5.013673e+00
7.889999999999876e+00	5.013690e+00
7.899999999999876e+00	5.013707e+00
7.909999999999876e+00	5.013723e+00
7.919999999999876e+00	5.013740e+00
7.929999999999875e+00	5.013757e+00
7.939999999999875e+00	5.013773e+00
7.949999999999875e+00	5.013790e+00
7.959999999999875e+00	5.013807e+00
7.969999999999875e+00	5.013824e+00
7.979999999999874e+00	5.013840e+00
7.989999999999874e+00	5.013857e+00
7.999999999999874e+00	5.013874e+00
8.009999999999874e+00	5.013890e+00
8.019999999999873e+00	5.013907e+00
8.029999999999873e+00	5.013924e+00
8.039999999999873e+00	5.013940e+00
8.049999999999873e+00	5.013957e+00
8.059999999999873e+00	5.013973e+00
8.069999999999872e+00	5.013990e+00
8.079999999999872e+00	5.014007e+00
8.089999999999872e+00	5.014023e+00
8.099999999999872e+00	5.014040e+00
8.109999999999872e+00	5.014056e+00
8.119999999999871e+00	5.014073e+00
8.129999999999871e+00	5.014090e+00
8.139999999999871e+00	5.014106e+00
8.149999999999871e+00	5.014122e+00
8.159999999999870e+00	5.014139e+00
8.169999999999870e+00	5.014156e+00
8.179999999999870e+00	5.014173e+00
8.189999999999870e+00	5.014189e+00
8.199999999999870e+00	5.014205e+00
8.209999999999869e+00	5.014222e+00
8.219999999999869e+00	5.014238e+00
8.229999999999869e+00	5.014255e+00
8.239999999999869e+00	5.014272e+00
8.249999999999869e+00	5.014288e+00
8.259999999999868e+00	5.014305e+00
8.269999999999868e+00	5.014321e+00
8.279999999999868e+00	5.014338e+00
8.289999999999868e+00	5.014354e+00
8.299999999999867e+00	5.014371e+00
8.309999999999867e+00	5.014387e+00
8.319999999999867e+00	5.014404e+00
8.329999999999867e+00	5.014421e+00
8.339999999999867e+00	5.014437e+00
8.349999999999866e+00	5.014453e+00
8.359999999999866e+00	5.014470e+00
8.369999999999866e+00	5.014486e+00
8.379999999999866e+00	5.014503e+00
8.389999999999866e+00	5.014519e+00
8.399999999999865e+00	5.014535e+00
8.409999999999865e+00	5.014552e+00
8.419999999999865e+00	5.014568e+00
8.429999999999865e+00	5.014585e+00
8.439999999999864e+00	5.014601e+00
8.449999999999864e+00	5.014618e+00
8.459999999999864e+00	5.014634e+00
8.469999999999864e+00	5.014651e+00
8.479999999999864e+00	5.014667e+00
8.489999999999863e+00	5.014684e+00
8.499999999999863e+00	5.014700e+00
8.509999999999863e+00	5.014716e+00
8.519999999999863e+00	5.014733e+00
8.529999999999863e+00	5.014749e+00
8.539999999999862e+00	5.014766e+00
8.549999999999862e+00	5.014782e+00
8.559999999999862e+00	5.014798e+00
8.569999999999862e+00	5.014815e+00
8.579999999999862e+00	5.014831e+00
8.589999999999861e+00	5.014847e+00
8.599999999999861e+00	5.014864e+00
8.609999999999861e+00	5.014880e+00
8.619999999999861e+00	5.014896e+00
8.629999999999860e+00	5.014913e+00
8.639999999999860e+00	5.014929e+00
8.649999999999860e+00	5.014946e+00
8.659999999999860e+00	5.014962e+00
8.669999999999860e+00	5.014978e+00
8.679999999999859e+00	5.014995e+00
8.689999999999859e+00	5.015011e+00
8.699999999999859e+00	5.015028e+00
8.709999999999859e+00	5.015044e+00
8.719999999999859e+00	5.015060e+00
8.729999999999858e+00	5.015076e+00
8.739999999999858e+00	5.015092e+00
8.749999999999858e+00	5.015109e+00
8.759999999999858e+00	5.015125e+00
8.769999999999857e+00	5.015141e+00
8.779999999999857e+00	5.015158e+00
8.789999999999857e+00	5.015174e+00
8.799999999999857e+00	5.015190e+00
8.809999999999857e+00	5.015207e+00
8.819999999999856e+00	5.015223e+00
8.829999999999856e+00	5.015239e+00
8.839999999999856e+00	5.015255e+00
8.849999999999856e+00	5.015272e+00
8.859999999999856e+00	5.015288e+00
8.869999999999855e+00	5.015304e+00
8.879999999999855e+00	5.015320e+00
8.889999999999855e+00	5.015337e+00
8.899999999999855e+00	5.015353e+00
8.909999999999854e+00	5.015369e+00
8.919999999999854e+00	5.015385e+00
8.929999999999854e+00	5.015401e+00
8.939999999999854e+00	5.015418e+00
8.949999999999854e+00	5.015434e+00
8.959999999999853e+00	5.015450e+00
8.969999999999853e+00	5.015466e+00
8.979999999999853e+00	5.015482e+00
8.989999999999853e+00	5.015499e+00
8.999999999999853e+00	5.015515e+00
9.009999999999852e+00	5.015531e+00
9.019999999999852e+00	5.015547e+00
9.029999999999852e+00	5.015563e+00
9.039999999999852e+00	5.015580e+00
9.049999999999851e+00	5.015596e+00
9.059999999999851e+00	5.015612e+00
9.069999999999851e+00	5.015628e+00
9.079999999999851e+00	5.015645e+00
9.089999999999851e+00	5.015661e+00
9.099999999999850e+00	5.015676e+00
9.109999999999850e+00	5.015693e+00
9.119999999999850e+00	5.015709e+00
9.129999999999850e+00	5.015725e+00
9.139999999999850e+00	5.015741e+00
9.149999999999849e+00	5.015758e+00
9.159999999999849e+00	5.015773e+00
9.169999999999849e+00	5.015790e+00
9.179999999999849e+00	5.015806e+00
9.189999999999849e+00	5.015822e+00
9.199999999999848e+00	5.015838e+00
9.209999999999848e+00	5.015854e+00
9.219999999999848e+00	5.015870e+00
9.229999999999848e+00	5.015886e+00
9.239999999999847e+00	5.015903e+00
9.249999999999847e+00	5.015918e+00
9.259999999999847e+00	5.015934e+00
9.269999999999847e+00	5.015951e+00
9.279999999999847e+00	5.015966e+00
9.289999999999846e+00	5.015983e+00
9.299999999999846e+00	5.015999e+00
9.309999999999846e+00	5.016015e+00
9.319999999999846e+00	5.016031e+00
9.329999999999846e+00	5.016047e+00
9.339999999999845e+00	5.016063e+00
9.349999999999845e+00	5.016079e+00
9.359999999999845e+00	5.016095e+00
9.369999999999845e+00	5.016111e+00
9.379999999999844e+00	5.016127e+00
9.389999999999844e+00	5.016143e+00
9.399999999999844e+00	5.016159e+00
9.409999999999844e+00	5.016175e+00
9.419999999999844e+00	5.016191e+00
9.429999999999843e+00	5.016207e+00
9.439999999999843e+00	5.016223e+00
9.449999999999843e+00	5.016239e+00
9.459999999999843e+00	5.016255e+00
9.469999999999843e+00	5.016271e+00
9.479999999999842e+00	5.016287e+00
9.489999999999842e+00	5.016303e+00
9.499999999999842e+00	5.016319e+00
9.509999999999842e+00	5.016335e+00
9.519999999999841e+00	5.016351e+00
9.529999999999841e+00	5.016367e+00
9.539999999999841e+00	5.016383e+00
9.549999999999841e+00	5.016399e+00
9.559999999999841e+00	5.016415e+00
9.569999999999840e+00	5.016431e+00
9.579999999999840e+00	5.016447e+00
9.589999999999840e+00	5.016463e+00
9.599999999999840e+00	5.016479e+00
9.609999999999840e+00	5.016494e+00
9.619999999999839e+00	5.016510e+00
9.629999999999839e+00	5.016526e+00
9.639999999999839e+00	5.016542e+00
9.649999999999839e+00	5.016558e+00
9.659999999999838e+00	5.016574e+00
9.669999999999838e+00	5.016590e+00
9.679999999999838e+00	5.016606e+00
9.689999999999838e+00	5.016622e+00
9.699999999999838e+00	5.016638e+00
9.709999999999837e+00	5.016654e+00
9.719999999999837e+00	5.016669e+00
9.729999999999837e+00	5.016685e+00
9.739999999999837e+00	5.016701e+00
9.749999999999837e+00	5.016717e+00
9.759999999999836e+00	5.016733e+00
9.769999999999836e+00	5.016749e+00
9.779999999999836e+00	5.016765e+00
9.789999999999836e+00	5.016780e+00
9.799999999999836e+00	5.016796e+00
9.809999999999835e+00	5.016812e+00
9.819999999999835e+00	5.016828e+00
9.829999999999835e+00	5.016844e+00
9.839999999999835e+00	5.016860e+00
9.849999999999834e+00	5.016876e+00
9.859999999999834e+00	5.016891e+00
9.869999999999834e+00	5.016907e+00
9.879999999999834e+00	5.016923e+00
9.889999999999834e+00	5.016939e+00
9.899999999999833e+00	5.016954e+00
9.909999999999833e+00	5.016970e+00
9.919999999999833e+00	5.016986e+00
9.929999999999833e+00	5.017002e+00
9.939999999999833e+00	5.017018e+00
9.949999999999832e+00	5.017034e+00
9.959999999999832e+00	5.017049e+00
9.969999999999832e+00	5.017065e+00
9.979999999999832e+00	5.017081e+00
9.989999999999831e+00	5.017097e+00
9.999999999999831e+00	5.017112e+00
1.000999999999983e+01	5.017128e+00
1.001999999999983e+01	5.017144e+00
1.002999999999983e+01	5.017159e+00
1.003999999999983e+01	5.017175e+00
1.004999999999983e+01	5.017191e+00
1.005999999999983e+01	5.017207e+00
1.006999999999983e+01	5.017223e+00
1.007999999999983e+01	5.017239e+00
1.008999999999983e+01	5.017254e+00
1.009999999999983e+01	5.017270e+00
1.010999999999983e+01	5.017285e+00
1.011999999999983e+01	5.017301e+00
1.012999999999983e+01	5.017317e+00
1.013999999999983e+01	5.017333e+00
1.014999999999983e+01	5.017348e+00
1.015999999999983e+01	5.017364e+00
1.016999999999983e+01	5.017380e+00
1.017999999999983e+01	5.017395e+00
1.018999999999983e+01	5.017411e+00
1.019999999999983e+01	5.017427e+00
1.020999999999983e+01	5.017443e+00
1.021999999999983e+01	5.017458e+00
1.022999999999983e+01	5.017474e+00
1.023999999999983e+01	5.017489e+00
1.024999999999983e+01	5.017505e+00
1.025999999999983e+01	5.017521e+00
1.026999999999983e+01	5.017537e+00
1.027999999999983e+01	5.017552e+00
1.028999999999983e+01	5.017568e+00
1.029999999999982e+01	5.017583e+00
1.030999999999982e+01	5.017599e+00
1.031999999999982e+01	5.017615e+00
1.032999999999982e+01	5.017630e+00
1.033999999999982e+01	5.017646e+00
1.034999999999982e+01	5.017662e+00
1.035999999999982e+01	5.017677e+00
1.036999999999982e+01	5.017693e+00
1.037999999999982e+01	5.017708e+00
1.038999999999982e+01	5.017724e+00
1.039999999999982e+01	5.017740e+00
1.040999999999982e+01	5.017755e+00
1.041999999999982e+01	5.017771e+00
1.042999999999982e+01	5.017787e+00
1.043999999999982e+01	5.017802e+00
1.044999999999982e+01	5.017817e+00
1.045999999999982e+01	5.017833e+00
1.046999999999982e+01	5.017848e+00
1.047999999999982e+01	5.017864e+00
1.048999999999982e+01	5.017880e+00
1.049999999999982e+01	5.017895e+00
1.050999999999982e+01	5.017911e+00
1.051999999999982e+01	5.017927e+00
1.052999999999982e+01	5.017942e+00
1.053999999999982e+01	5.017958e+00
1.054999999999982e+01	5.017973e+00
1.055999999999982e+01	5.017989e+00
1.056999999999982e+01	5.018004e+00
1.057999999999982e+01	5.018020e+00
1.058999999999982e+01	5.018035e+00
1.059999999999982e+01	5.018051e+00
1.060999999999982e+01	5.018066e+00
1.061999999999982e+01	5.018082e+00
1.062999999999982e+01	5.018097e+00
1.063999999999982e+01	5.018113e+00
1.064999999999982e+01	5.018128e+00
1.065999999999982e+01	5.018144e+00
1.066999999999982e+01	5.018159e+00
1.067999999999982e+01	5.018175e+00
1.068999999999982e+01	5.018190e+00
1.069999999999982e+01	5.018206e+00
1.070999999999982e+01	5.018221e+00
1.071999999999982e+01	5.018237e+00
1.072999999999982e+01	5.018252e+00
1.073999999999982e+01	5.018268e+00
1.074999999999982e+01	5.018283e+00
1.075999999999982e+01	5.018299e+00
1.076999999999981e+01	5.018314e+00
1.077999999999981e+01	5.018330e+00
1.078999999999981e+01	5.018345e+00
1.079999999999981e+01	5.018360e+00
1.080999999999981e+01	5.018376e+00
1.081999999999981e+01	5.018391e+00
1.082999999999981e+01	5.018407e+00
1.083999999999981e+01	5.018422e+00
1.084999999999981e+01	5.018437e+00
1.085999999999981e+01	5.018453e+00
1.086999999999981e+01	5.018468e+00
1.087999999999981e+01	5.018484e+00
1.088999999999981e+01	5.018499e+00
1.089999999999981e+01	5.018515e+00
1.090999999999981e+01	5.018530e+00
1.091999999999981e+01	5.018545e+00
1.092999999999981e+01	5.018561e+00
1.093999999999981e+01	5.018576e+00
1.094999999999981e+01	5.018591e+00
1.095999999999981e+01	5.018607e+00
1.096999999999981e+01	5.018622e+00
1.097999999999981e+01	5.018638e+00
1.098999999999981e+01	5.018653e+00
1.099999999999981e+01	5.018668e+00
1.100999999999981e+01	5.018684e+00
1.101999999999981e+01	5.018699e+00
1.102999999999981e+01	5.018714e+00
1.103999999999981e+01	5.018730e+00
1.104999999999981e+01	5.018745e+00
1.105999999999981e+01	5.018760e+00
1.106999999999981e+01	5.018776e+00
1.107999999999981e+01	5.018791e+00
1.108999999999981e+01	5.018806e+00
1.109999999999981e+01	5.018822e+00
1.110999999999981e+01	5.018837e+00
1.111999999999981e+01	5.018852e+00
1.112999999999981e+01	5.018867e+00
1.113999999999981e+01	5.018883e+00
1.114999999999981e+01	5.018898e+00
1.115999999999981e+01	5.018914e+00
1.116999999999981e+01	5.018929e+00
1.117999999999981e+01	5.018944e+00
1.118999999999981e+01	5.018960e+00
1.119999999999981e+01	5.018975e+00
1.120999999999981e+01	5.018990e+00
1.121999999999981e+01	5.019005e+00
1.122999999999981e+01	5.019021e+00
1.123999999999980e+01	5.019036e+00
1.124999999999980e+01	5.019051e+00
1.125999999999980e+01	5.019066e+00
1.126999999999980e+01	5.019082e+00
1.127999999999980e+01	5.019097e+00
1.128999999999980e+01	5.019112e+00
1.129999999999980e+01	5.019127e+00
1.130999999999980e+01	5.019143e+00
1.131999999999980e+01	5.019158e+00
1.132999999999980e+01	5.019173e+00
1.133999999999980e+01	5.019188e+00
1.134999999999980e+01	5.019204e+00
1.135999999999980e+01	5.019219e+00
1.136999999999980e+01	5.019234e+00
1.137999999999980e+01	5.019249e+00
1.138999999999980e+01	5.019264e+00
1.139999999999980e+01	5.019279e+00
1.140999999999980e+01	5.019295e+00
1.141999999999980e+01	5.019310e+00
1.142999999999980e+01	5.019325e+00
1.143999999999980e+01	5.019341e+00
1.144999999999980e+01	5.019356e+00
1.145999999999980e+01	5.019371e+00
1.146999999999980e+01	5.019386e+00
1.147999999999980e+01	5.019401e+00
1.148999999999980e+01	5.019416e+00
1.149999999999980e+01	5.019432e+00
1.150999999999980e+01	5.019446e+00
1.151999999999980e+01	5.019462e+00
1.152999999999980e+01	5.019477e+00
1.153999999999980e+01	5.019492e+00
1.154999999999980e+01	5.019507e+00
1.155999999999980e+01	5.019522e+00
1.156999999999980e+01	5.019537e+00
1.157999999999980e+01	5.019553e+00
1.158999999999980e+01	5.019568e+00
1.159999999999980e+01	5.019583e+00
1.160999999999980e+01	5.019598e+00
1.161999999999980e+01	5.019613e+00
1.162999999999980e+01	5.019628e+00
1.163999999999980e+01	5.019643e+00
1.164999999999980e+01	5.019659e+00
1.165999999999980e+01	5.019674e+00
1.166999999999980e+01	5.019689e+00
1.167999999999980e+01	5.019704e+00
1.168999999999980e+01	5.019719e+00
1.169999999999980e+01	5.019734e+00
1.170999999999979e+01	5.019749e+00
1.171999999999979e+01	5.019764e+00
1.172999999999979e+01	5.019779e+00
1.173999999999979e+01	5.019794e+00
1.174999999999979e+01	5.019809e+00
1.175999999999979e+01	5.019825e+00
1.176999999999979e+01	5.019840e+00
1.177999999999979e+01	5.019855e+00
1.178999999999979e+01	5.019870e+00
1.179999999999979e+01	5.019885e+00
1.180999999999979e+01	5.019900e+00
1.181999999999979e+01	5.019915e+00
1.182999999999979e+01	5.019930e+00
1.183999999999979e+01	5.019945e+00
1.184999999999979e+01	5.019960e+00
1.185999999999979e+01	5.019975e+00
1.186999999999979e+01	5.019990e+00
1.187999999999979e+01	5.020005e+00
1.188999999999979e+01	5.020020e+00
1.189999999999979e+01	5.020035e+00
1.190999999999979e+01	5.020050e+00
1.191999999999979e+01	5.020065e+00
1.192999999999979e+01	5.020080e+00
1.193999999999979e+01	5.020095e+00
1.194999999999979e+01	5.020110e+00
1.195999999999979e+01	5.020125e+00
1.196999999999979e+01	5.020140e+00
1.197999999999979e+01	5.020155e+00
1.198999999999979e+01	5.020170e+00
1.199999999999979e+01	5.020185e+00
1.200999999999979e+01	5.020200e+00
1.201999999999979e+01	5.020215e+00
1.202999999999979e+01	5.020230e+00
1.203999999999979e+01	5.020245e+00
1.204999999999979e+01	5.020260e+00
1.205999999999979e+01	5.020275e+00
1.206999999999979e+01	5.020290e+00
1.207999999999979e+01	5.020305e+00
1.208999999999979e+01	5.020319e+00
1.209999999999979e+01	5.020335e+00
1.210999999999979e+01	5.020350e+00
1.211999999999979e+01	5.020364e+00
1.212999999999979e+01	5.020380e+00
1.213999999999979e+01	5.020394e+00
1.214999999999979e+01	5.020409e+00
1.215999999999979e+01	5.020424e+00
1.216999999999978e+01	5.020439e+00
1.217999999999978e+01	5.020454e+00
1.218999999999978e+01	5.020469e+00
1.219999999999978e+01	5.020484e+00
1.220999999999978e+01	5.020499e+00
1.221999999999978e+01	5.020514e+00
1.222999999999978e+01	5.020529e+00
1.223999999999978e+01	5.020544e+00
1.224999999999978e+01	5.020558e+00
1.225999999999978e+01	5.020573e+00
1.226999999999978e+01	5.020588e+00
1.227999999999978e+01	5.020603e+00
1.228999999999978e+01	5.020618e+00
1.229999999999978e+01	5.020633e+00
1.230999999999978e+01	5.020648e+00
1.231999999999978e+01	5.020662e+00
1.232999999999978e+01	5.020677e+00
1.233999999999978e+01	5.020692e+00
1.234999999999978e+01	5.020707e+00
1.235999999999978e+01	5.020722e+00
1.236999999999978e+01	5.020737e+00
1.237999999999978e+01	5.020751e+00
1.238999999999978e+01	5.020766e+00
1.239999999999978e+01	5.020781e+00
1.240999999999978e+01	5.020796e+00
1.241999999999978e+01	5.020811e+00
1.242999999999978e+01	5.020826e+00
1.243999999999978e+01	5.020841e+00
1.244999999999978e+01	5.020855e+00
1.245999999999978e+01	5.020870e+00
1.246999999999978e+01	5.020885e+00
1.247999999999978e+01	5.020900e+00
1.248999999999978e+01	5.020915e+00
1.249999999999978e+01	5.020929e+00
1.250999999999978e+01	5.020944e+00
1.251999999999978e+01	5.020959e+00
1.252999999999978e+01	5.020974e+00
1.253999999999978e+01	5.020988e+00
1.254999999999978e+01	5.021003e+00
1.255999999999978e+01	5.021018e+00
1.256999999999978e+01	5.021033e+00
1.257999999999978e+01	5.021048e+00
1.258999999999978e+01	5.021062e+00
1.259999999999978e+01	5.021077e+00
1.260999999999978e+01	5.021092e+00
1.261999999999978e+01	5.021107e+00
1.262999999999978e+01	5.021122e+00
1.263999999999977e+01	5.021136e+00
1.264999999999977e+01	5.021151e+00
1.265999999999977e+01	5.021166e+00
1.266999999999977e+01	5.021180e+00
1.267999999999977e+01	5.021195e+00
1.268999999999977e+01	5.021210e+00
1.269999999999977e+01	5.021224e+00
1.270999999999977e+01	5.021239e+00
1.271999999999977e+01	5.021254e+00
1.272999999999977e+01	5.021269e+00
1.273999999999977e+01	5.021284e+00
1.274999999999977e+01	5.021298e+00
1.275999999999977e+01	5.021313e+00
1.276999999999977e+01	5.021327e+00
1.277999999999977e+01	5.021342e+00
1.278999999999977e+01	5.021357e+00
1.279999999999977e+01	5.021372e+00
1.280999999999977e+01	5.021386e+00
1.281999999999977e+01	5.021401e+00
1.282999999999977e+01	5.021416e+00
1.283999999999977e+01	5.021430e+00
1.284999999999977e+01	5.021445e+00
1.285999999999977e+01	5.021460e+00
1.286999999999977e+01	5.021474e+00
1.287999999999977e+01	5.021489e+00
1.288999999999977e+01	5.021504e+00
1.289999999999977e+01	5.021518e+00
1.290999999999977e+01	5.021533e+00
1.291999999999977e+01	5.021548e+00
1.292999999999977e+01	5.021562e+00
1.293999999999977e+01	5.021577e+00
1.294999999999977e+01	5.021592e+00
1.295999999999977e+01	5.021606e+00
1.296999999999977e+01	5.021621e+00
1.297999999999977e+01	5.021636e+00
1.298999999999977e+01	5.021650e+00
1.299999999999977e+01	5.021665e+00
1.300999999999977e+01	5.021679e+00
1.301999999999977e+01	5.021694e+00
1.302999999999977e+01	5.021708e+00
1.303999999999977e+01	5.021723e+00
1.304999999999977e+01	5.021738e+00
1.305999999999977e+01	5.021752e+00
1.306999999999977e+01	5.021767e+00
1.307999999999977e+01	5.021781e+00
1.308999999999977e+01	5.021796e+00
1.309999999999977e+01	5.021811e+00
1.310999999999976e+01	5.021825e+00
1.311999999999976e+01	5.021840e+00
1.312999999999976e+01	5.021854e+00
1.313999999999976e+01	5.021869e+00
1.314999999999976e+01	5.021883e+00
1.315999999999976e+01	5.021898e+00
1.316999999999976e+01	5.021913e+00
1.317999999999976e+01	5.021927e+00
1.318999999999976e+01	5.021942e+00
1.319999999999976e+01	5.021956e+00
1.320999999999976e+01	5.021971e+00
1.321999999999976e+01	5.021986e+00
1.322999999999976e+01	5.022000e+00
1.323999999999976e+01	5.022015e+00
1.324999999999976e+01	5.022029e+00
1.325999999999976e+01	5.022044e+00
1.326999999999976e+01	5.022058e+00
1.327999999999976e+01	5.022073e+00
1.328999999999976e+01	5.022087e+00
1.329999999999976e+01	5.022102e+00
1.330999999999976e+01	5.022116e+00
1.331999999999976e+01	5.022130e+00
1.332999999999976e+01	5.022145e+00
1.333999999999976e+01	5.022160e+00
1.334999999999976e+01	5.022174e+00
1.335999999999976e+01	5.022189e+00
1.336999999999976e+01	5.022203e+00
1.337999999999976e+01	5.022218e+00
1.338999999999976e+01	5.022232e+00
1.339999999999976e+01	5.022247e+00
1.340999999999976e+01	5.022261e+00
1.341999999999976e+01	5.022275e+00
1.342999999999976e+01	5.022290e+00
1.343999999999976e+01	5.022305e+00
1.344999999999976e+01	5.022319e+00
1.345999999999976e+01	5.022334e+00
1.346999999999976e+01	5.022348e+00
1.347999999999976e+01	5.022362e+00
1.348999999999976e+01	5.022377e+00
1.349999999999976e+01	5.022391e+00
1.350999999999976e+01	5.022406e+00
1.351999999999976e+01	5.022420e+00
1.352999999999976e+01	5.022435e+00
1.353999999999976e+01	5.022449e+00
1.354999999999976e+01	5.022463e+00
1.355999999999976e+01	5.022478e+00
1.356999999999976e+01	5.022492e+00
1.357999999999975e+01	5.022507e+00
1.358999999999975e+01	5.022521e+00
1.359999999999975e+01	5.022535e+00
1.360999999999975e+01	5.022550e+00
1.361999999999975e+01	5.022564e+00
1.362999999999975e+01	5.022579e+00
1.363999999999975e+01	5.022593e+00
1.364999999999975e+01	5.022607e+00
1.365999999999975e+01	5.022622e+00
1.366999999999975e+01	5.022636e+00
1.367999999999975e+01	5.022651e+00
1.368999999999975e+01	5.022665e+00
1.369999999999975e+01	5.022679e+00
1.370999999999975e+01	5.022694e+00
1.371999999999975e+01	5.022708e+00
1.372999999999975e+01	5.022723e+00
1.373999999999975e+01	5.022737e+00
1.374999999999975e+01	5.022751e+00
1.375999999999975e+01	5.022766e+00
1.376999999999975e+01	5.022780e+00
1.377999999999975e+01	5.022794e+00
1.378999999999975e+01	5.022809e+00
1.379999999999975e+01	5.022823e+00
1.380999999999975e+01	5.022837e+00
1.381999999999975e+01	5.022852e+00
1.382999999999975e+01	5.022866e+00
1.383999999999975e+01	5.022881e+00
1.384999999999975e+01	5.022895e+00
1.385999999999975e+01	5.022909e+00
1.386999999999975e+01	5.022923e+00
1.387999999999975e+01	5.022938e+00
1.388999999999975e+01	5.022952e+00
1.389999999999975e+01	5.022966e+00
1.390999999999975e+01	5.022981e+00
1.391999999999975e+01	5.022995e+00
1.392999999999975e+01	5.023009e+00
1.393999999999975e+01	5.023024e+00
1.394999999999975e+01	5.023038e+00
1.395999999999975e+01	5.023052e+00
1.396999999999975e+01	5.023067e+00
1.397999999999975e+01	5.023081e+00
1.398999999999975e+01	5.023095e+00
1.399999999999975e+01	5.023109e+00
1.400999999999975e+01	5.023124e+00
1.401999999999975e+01	5.023138e+00
1.402999999999975e+01	5.023152e+00
1.403999999999975e+01	5.023166e+00
1.404999999999974e+01	5.023180e+00
1.405999999999974e+01	5.023195e+00
1.406999999999974e+01	5.023209e+00
1.407999999999974e+01	5.023223e+00
1.408999999999974e+01	5.023238e+00
1.409999999999974e+01	5.023252e+00
1.410999999999974e+01	5.023266e+00
1.411999999999974e+01	5.023280e+00
1.412999999999974e+01	5.023294e+00
1.413999999999974e+01	5.023309e+00
1.414999999999974e+01	5.023323e+00
1.415999999999974e+01	5.023337e+00
1.416999999999974e+01	5.023352e+00
1.417999999999974e+01	5.023365e+00
1.418999999999974e+01	5.023380e+00
1.419999999999974e+01	5.023394e+00
1.420999999999974e+01	5.023408e+00
1.421999999999974e+01	5.023423e+00
1.422999999999974e+01	5.023437e+00
1.423999999999974e+01	5.023451e+00
1.424999999999974e+01	5.023465e+00
1.425999999999974e+01	5.023479e+00
1.426999999999974e+01	5.023493e+00
1.427999999999974e+01	5.023508e+00
1.428999999999974e+01	5.023522e+00
1.429999999999974e+01	5.023536e+00
1.430999999999974e+01	5.023550e+00
1.431999999999974e+01	5.023564e+00
1.432999999999974e+01	5.023579e+00
1.433999999999974e+01	5.023592e+00
1.434999999999974e+01	5.023607e+00
1.435999999999974e+01	5.023621e+00
1.436999999999974e+01	5.023635e+00
1.437999999999974e+01	5.023649e+00
1.438999999999974e+01	5.023664e+00
1.439999999999974e+01	5.023678e+00
1.440999999999974e+01	5.023692e+00
1.441999999999974e+01	5.023706e+00
1.442999999999974e+01	5.023720e+00
1.443999999999974e+01	5.023734e+00
1.444999999999974e+01	5.023748e+00
1.445999999999974e+01	5.023762e+00
1.446999999999974e+01	5.023777e+00
1.447999999999974e+01	5.023791e+00
1.448999999999974e+01	5.023805e+00
1.449999999999974e+01	5.023819e+00
1.450999999999974e+01	5.023833e+00
1.451999999999973e+01	5.023847e+00
1.452999999999973e+01	5.023861e+00
1.453999999999973e+01	5.023875e+00
1.454999999999973e+01	5.023890e+00
1.455999999999973e+01	5.023903e+00
1.456999999999973e+01	5.023918e+00
1.457999999999973e+01	5.023932e+00
1.458999999999973e+01	5.023946e+00
1.459999999999973e+01	5.023960e+00
1.460999999999973e+01	5.023974e+00
1.461999999999973e+01	5.023988e+00
1.462999999999973e+01	5.024002e+00
1.463999999999973e+01	5.024016e+00
1.464999999999973e+01	5.024030e+00
1.465999999999973e+01	5.024044e+00
1.466999999999973e+01	5.024058e+00
1.467999999999973e+01	5.024072e+00
1.468999999999973e+01	5.024086e+00
1.469999999999973e+01	5.024100e+00
1.470999999999973e+01	5.024115e+00
1.471999999999973e+01	5.024128e+00
1.472999999999973e+01	5.024143e+00
1.473999999999973e+01	5.024157e+00
1.474999999999973e+01	5.024171e+00
1.475999999999973e+01	5.024185e+00
1.476999999999973e+01	5.024199e+00
1.477999999999973e+01	5.024213e+00
1.478999999999973e+01	5.024227e+00
1.479999999999973e+01	5.024241e+00
1.480999999999973e+01	5.024255e+00
1.481999999999973e+01	5.024269e+00
1.482999999999973e+01	5.024283e+00
1.483999999999973e+01	5.024297e+00
1.484999999999973e+01	5.024311e+00
1.485999999999973e+01	5.024325e+00
1.486999999999973e+01	5.024339e+00
1.487999999999973e+01	5.024353e+00
1.488999999999973e+01	5.024367e+00
1.489999999999973e+01	5.024381e+00
1.490999999999973e+01	5.024395e+00
1.491999999999973e+01	5.024409e+00
1.492999999999973e+01	5.024423e+00
1.493999999999973e+01	5.024436e+00
1.494999999999973e+01	5.024451e+00
1.495999999999973e+01	5.024465e+00
1.496999999999973e+01	5.024478e+00
1.497999999999973e+01	5.024493e+00
1.498999999999972e+01	5.024507e+00
1.499999999999972e+01	5.024520e+00
1.500999999999972e+01	5.024534e+00
1.501999999999972e+01	5.024549e+00
1.502999999999972e+01	5.024562e+00
1.503999999999972e+01	5.024576e+00
1.504999999999972e+01	5.024590e+00
1.505999999999972e+01	5.024604e+00
1.506999999999972e+01	5.024618e+00
1.507999999999972e+01	5.024632e+00
1.508999999999972e+01	5.024646e+00
1.509999999999972e+01	5.024660e+00
1.510999999999972e+01	5.024673e+00
1.511999999999972e+01	5.024688e+00
1.512999999999972e+01	5.024702e+00
1.513999999999972e+01	5.024715e+00
1.514999999999972e+01	5.024729e+00
1.515999999999972e+01	5.024743e+00
1.516999999999972e+01	5.024757e+00
1.517999999999972e+01	5.024771e+00
1.518999999999972e+01	5.024785e+00
1.519999999999972e+01	5.024799e+00
1.520999999999972e+01	5.024813e+00
1.521999999999972e+01	5.024827e+00
1.522999999999972e+01	5.024840e+00
1.523999999999972e+01	5.024854e+00
1.524999999999972e+01	5.024868e+00
1.525999999999972e+01	5.024882e+00
1.526999999999972e+01	5.024896e+00
1.527999999999972e+01	5.024910e+00
1.528999999999972e+01	5.024924e+00
1.529999999999972e+01	5.024938e+00
1.530999999999972e+01	5.024951e+00
1.531999999999972e+01	5.024965e+00
1.532999999999972e+01	5.024979e+00
1.533999999999972e+01	5.024993e+00
1.534999999999972e+01	5.025007e+00
1.535999999999972e+01	5.025021e+00
1.536999999999972e+01	5.025034e+00
1.537999999999972e+01	5.025048e+00
1.538999999999972e+01	5.025062e+00
1.539999999999972e+01	5.025076e+00
1.540999999999972e+01	5.025090e+00
1.541999999999972e+01	5.025104e+00
1.542999999999972e+01	5.025117e+00
1.543999999999972e+01	5.025131e+00
1.544999999999972e+01	5.025145e+00
1.545999999999971e+01	5.025159e+00
1.546999999999971e+01	5.025173e+00
1.547999999999971e+01	5.025187e+00
1.548999999999971e+01	5.025200e+00
1.549999999999971e+01	5.025214e+00
1.550999999999971e+01	5.025228e+00
1.551999999999971e+01	5.025241e+00
1.552999999999971e+01	5.025255e+00
1.553999999999971e+01	5.025269e+00
1.554999999999971e+01	5.025283e+00
1.555999999999971e+01	5.025297e+00
1.556999999999971e+01	5.025311e+00
1.557999999999971e+01	5.025324e+00
1.558999999999971e+01	5.025338e+00
1.559999999999971e+01	5.025352e+00
1.560999999999971e+01	5.025365e+00
1.561999999999971e+01	5.025379e+00
1.562999999999971e+01	5.025393e+00
1.563999999999971e+01	5.025407e+00
1.564999999999971e+01	5.025421e+00
1.565999999999971e+01	5.025434e+00
1.566999999999971e+01	5.025448e+00
1.567999999999971e+01	5.025462e+00
1.568999999999971e+01	5.025476e+00
1.569999999999971e+01	5.025489e+00
1.570999999999971e+01	5.025503e+00
1.571999999999971e+01	5.025517e+00
1.572999999999971e+01	5.025530e+00
1.573999999999971e+01	5.025544e+00
1.574999999999971e+01	5.025558e+00
1.575999999999971e+01	5.025572e+00
1.576999999999971e+01	5.025585e+00
1.577999999999971e+01	5.025599e+00
1.578999999999971e+01	5.025613e+00
1.579999999999971e+01	5.025627e+00
1.580999999999971e+01	5.025640e+00
1.581999999999971e+01	5.025654e+00
1.582999999999971e+01	5.025668e+00
1.583999999999971e+01	5.025681e+00
1.584999999999971e+01	5.025695e+00
1.585999999999971e+01	5.025709e+00
1.586999999999971e+01	5.025723e+00
1.587999999999971e+01	5.025736e+00
1.588999999999971e+01	5.025750e+00
1.589999999999971e+01	5.025764e+00
1.590999999999971e+01	5.025777e+00
1.591999999999971e+01	5.025791e+00
1.592999999999970e+01	5.025805e+00
1.593999999999970e+01	5.025818e+00
1.594999999999970e+01	5.025832e+00
1.595999999999970e+01	5.025845e+00
1.596999999999970e+01	5.025859e+00
1.597999999999970e+01	5.025873e+00
1.598999999999970e+01	5.025886e+00
1.599999999999970e+01	5.025900e+00
1.600999999999970e+01	5.025914e+00
1.601999999999970e+01	5.025927e+00
1.602999999999971e+01	5.025941e+00
1.603999999999971e+01	5.025954e+00
1.604999999999971e+01	5.025968e+00
1.605999999999971e+01	5.025981e+00
1.606999999999971e+01	5.025995e+00
1.607999999999971e+01	5.026009e+00
1.608999999999972e+01	5.026022e+00
1.609999999999972e+01	5.026036e+00
1.610999999999972e+01	5.026050e+00
1.611999999999972e+01	5.026063e+00
1.612999999999972e+01	5.026077e+00
1.613999999999972e+01	5.026091e+00
1.614999999999973e+01	5.026104e+00
1.615999999999973e+01	5.026118e+00
1.616999999999973e+01	5.026131e+00
1.617999999999973e+01	5.026145e+00
1.618999999999973e+01	5.026158e+00
1.619999999999973e+01	5.026172e+00
1.620999999999973e+01	5.026186e+00
1.621999999999974e+01	5.026199e+00
1.622999999999974e+01	5.026213e+00
1.623999999999974e+01	5.026227e+00
1.624999999999974e+01	5.026240e+00
1.625999999999974e+01	5.026254e+00
1.626999999999974e+01	5.026267e+00
1.627999999999975e+01	5.026280e+00
1.628999999999975e+01	5.026294e+00
1.629999999999975e+01	5.026308e+00
1.630999999999975e+01	5.026321e+00
1.631999999999975e+01	5.026335e+00
1.632999999999975e+01	5.026349e+00
1.633999999999975e+01	5.026362e+00
1.634999999999976e+01	5.026375e+00
1.635999999999976e+01	5.026389e+00
1.636999999999976e+01	5.026402e+00
1.637999999999976e+01	5.026416e+00
1.638999999999976e+01	5.026430e+00
1.639999999999976e+01	5.026443e+00
1.640999999999977e+01	5.026457e+00
1.641999999999977e+01	5.026470e+00
1.642999999999977e+01	5.026484e+00
1.643999999999977e+01	5.026497e+00
1.644999999999977e+01	5.026511e+00
1.645999999999977e+01	5.026524e+00
1.646999999999978e+01	5.026538e+00
1.647999999999978e+01	5.026551e+00
1.648999999999978e+01	5.026565e+00
1.649999999999978e+01	5.026578e+00
1.650999999999978e+01	5.026592e+00
1.651999999999978e+01	5.026605e+00
1.652999999999978e+01	5.026618e+00
1.653999999999979e+01	5.026632e+00
1.654999999999979e+01	5.026646e+00
1.655999999999979e+01	5.026659e+00
1.656999999999979e+01	5.026672e+00
1.657999999999979e+01	5.026686e+00
1.658999999999979e+01	5.026700e+00
1.659999999999980e+01	5.026713e+00
1.660999999999980e+01	5.026726e+00
1.661999999999980e+01	5.026740e+00
1.662999999999980e+01	5.026753e+00
1.663999999999980e+01	5.026767e+00
1.664999999999980e+01	5.026780e+00
1.665999999999980e+01	5.026793e+00
1.666999999999981e+01	5.026807e+00
1.667999999999981e+01	5.026821e+00
1.668999999999981e+01	5.026834e+00
1.669999999999981e+01	5.026847e+00
1.670999999999981e+01	5.026861e+00
1.671999999999981e+01	5.026874e+00
1.672999999999982e+01	5.026888e+00
1.673999999999982e+01	5.026901e+00
1.674999999999982e+01	5.026915e+00
1.675999999999982e+01	5.026928e+00
1.676999999999982e+01	5.026941e+00
1.677999999999982e+01	5.026955e+00
1.678999999999983e+01	5.026968e+00
1.679999999999983e+01	5.026982e+00
1.680999999999983e+01	5.026995e+00
1.681999999999983e+01	5.027009e+00
1.682999999999983e+01	5.027022e+00
1.683999999999983e+01	5.027035e+00
1.684999999999983e+01	5.027049e+00
1.685999999999984e+01	5.027062e+00
1.686999999999984e+01	5.027075e+00
1.687999999999984e+01	5.027089e+00
1.688999999999984e+01	5.027102e+00
1.689999999999984e+01	5.027115e+00
1.690999999999984e+01	5.027129e+00
1.691999999999985e+01	5.027142e+00
1.692999999999985e+01	5.027155e+00
1.693999999999985e+01	5.027169e+00
1.694999999999985e+01	5.027183e+00
1.695999999999985e+01	5.027196e+00
1.696999999999985e+01	5.027209e+00
1.697999999999985e+01	5.027223e+00
1.698999999999986e+01	5.027236e+00
1.699999999999986e+01	5.027249e+00
1.700999999999986e+01	5.027263e+00
1.701999999999986e+01	5.027276e+00
1.702999999999986e+01	5.027289e+00
1.703999999999986e+01	5.027302e+00
1.704999999999987e+01	5.027316e+00
1.705999999999987e+01	5.027329e+00
1.706999999999987e+01	5.027342e+00
1.707999999999987e+01	5.027356e+00
1.708999999999987e+01	5.027369e+00
1.709999999999987e+01	5.027382e+00
1.710999999999988e+01	5.027396e+00
1.711999999999988e+01	5.027409e+00
1.712999999999988e+01	5.027422e+00
1.713999999999988e+01	5.027436e+00
1.714999999999988e+01	5.027449e+00
1.715999999999988e+01	5.027462e+00
1.716999999999988e+01	5.027475e+00
1.717999999999989e+01	5.027489e+00
1.718999999999989e+01	5.027502e+00
1.719999999999989e+01	5.027515e+00
1.720999999999989e+01	5.027529e+00
1.721999999999989e+01	5.027542e+00
1.722999999999989e+01	5.027555e+00
1.723999999999990e+01	5.027569e+00
1.724999999999990e+01	5.027582e+00
1.725999999999990e+01	5.027595e+00
1.726999999999990e+01	5.027608e+00
1.727999999999990e+01	5.027622e+00
1.728999999999990e+01	5.027635e+00
1.729999999999990e+01	5.027648e+00
1.730999999999991e+01	5.027661e+00
1.731999999999991e+01	5.027675e+00
1.732999999999991e+01	5.027688e+00
1.733999999999991e+01	5.027701e+00
1.734999999999991e+01	5.027714e+00
1.735999999999991e+01	5.027728e+00
1.736999999999992e+01	5.027741e+00
1.737999999999992e+01	5.027754e+00
1.738999999999992e+01	5.027768e+00
1.739999999999992e+01	5.027781e+00
1.740999999999992e+01	5.027794e+00
1.741999999999992e+01	5.027807e+00
1.742999999999993e+01	5.027821e+00
1.743999999999993e+01	5.027833e+00
1.744999999999993e+01	5.027847e+00
1.745999999999993e+01	5.027860e+00
1.746999999999993e+01	5.027873e+00
1.747999999999993e+01	5.027886e+00
1.748999999999993e+01	5.027900e+00
1.749999999999994e+01	5.027913e+00
1.750999999999994e+01	5.027926e+00
1.751999999999994e+01	5.027939e+00
1.752999999999994e+01	5.027953e+00
1.753999999999994e+01	5.027966e+00
1.754999999999994e+01	5.027979e+00
1.755999999999995e+01	5.027992e+00
1.756999999999995e+01	5.028005e+00
1.757999999999995e+01	5.028018e+00
1.758999999999995e+01	5.028031e+00
1.759999999999995e+01	5.028045e+00
1.760999999999995e+01	5.028058e+00
1.761999999999995e+01	5.028071e+00
1.762999999999996e+01	5.028084e+00
1.763999999999996e+01	5.028098e+00
1.764999999999996e+01	5.028111e+00
1.765999999999996e+01	5.028124e+00
1.766999999999996e+01	5.028137e+00
1.767999999999996e+01	5.028150e+00
1.768999999999997e+01	5.028163e+00
1.769999999999997e+01	5.028176e+00
1.770999999999997e+01	5.028190e+00
1.771999999999997e+01	5.028203e+00
1.772999999999997e+01	5.028216e+00
1.773999999999997e+01	5.028229e+00
1.774999999999998e+01	5.028242e+00
1.775999999999998e+01	5.028255e+00
1.776999999999998e+01	5.028268e+00
1.777999999999998e+01	5.028282e+00
1.778999999999998e+01	5.028295e+00
1.779999999999998e+01	5.028308e+00
1.780999999999998e+01	5.028321e+00
1.781999999999999e+01	5.028334e+00
1.782999999999999e+01	5.028347e+00
1.783999999999999e+01	5.028360e+00
1.784999999999999e+01	5.028373e+00
1.785999999999999e+01	5.028387e+00
1.786999999999999e+01	5.028399e+00
1.788000000000000e+01	5.028412e+00
1.789000000000000e+01	5.028426e+00
1.790000000000000e+01	5.028439e+00
1.791000000000000e+01	5.028452e+00
1.792000000000000e+01	5.028465e+00
1.793000000000000e+01	5.028478e+00
1.794000000000000e+01	5.028491e+00
1.795000000000001e+01	5.028504e+00
1.796000000000001e+01	5.028517e+00
1.797000000000001e+01	5.028530e+00
1.798000000000001e+01	5.028543e+00
1.799000000000001e+01	5.028556e+00
1.800000000000001e+01	5.028570e+00
1.801000000000002e+01	5.028583e+00
1.802000000000002e+01	5.028595e+00
1.803000000000002e+01	5.028609e+00
1.804000000000002e+01	5.028622e+00
1.805000000000002e+01	5.028635e+00
1.806000000000002e+01	5.028648e+00
1.807000000000003e+01	5.028661e+00
1.808000000000003e+01	5.028674e+00
1.809000000000003e+01	5.028687e+00
1.810000000000003e+01	5.028700e+00
1.811000000000003e+01	5.028713e+00
1.812000000000003e+01	5.028726e+00
1.813000000000003e+01	5.028739e+00
1.814000000000004e+01	5.028752e+00
1.815000000000004e+01	5.028765e+00
1.816000000000004e+01	5.028778e+00
1.817000000000004e+01	5.028791e+00
1.818000000000004e+01	5.028804e+00
1.819000000000004e+01	5.028817e+00
1.820000000000005e+01	5.028830e+00
1.821000000000005e+01	5.028843e+00
1.822000000000005e+01	5.028856e+00
1.823000000000005e+01	5.028869e+00
1.824000000000005e+01	5.028883e+00
1.825000000000005e+01	5.028895e+00
1.826000000000005e+01	5.028908e+00
1.827000000000006e+01	5.028921e+00
1.828000000000006e+01	5.028934e+00
1.829000000000006e+01	5.028947e+00
1.830000000000006e+01	5.028960e+00
1.831000000000006e+01	5.028973e+00
1.832000000000006e+01	5.028986e+00
1.833000000000007e+01	5.028999e+00
1.834000000000007e+01	5.029012e+00
1.835000000000007e+01	5.029025e+00
1.836000000000007e+01	5.029038e+00
1.837000000000007e+01	5.029051e+00
1.838000000000007e+01	5.029064e+00
1.839000000000008e+01	5.029077e+00
1.840000000000008e+01	5.029090e+00
1.841000000000008e+01	5.029103e+00
1.842000000000008e+01	5.029116e+00
1.843000000000008e+01	5.029129e+00
1.844000000000008e+01	5.029142e+00
1.845000000000008e+01	5.029155e+00
1.846000000000009e+01	5.029168e+00
1.847000000000009e+01	5.029181e+00
1.848000000000009e+01	5.029193e+00
1.849000000000009e+01	5.029206e+00
1.850000000000009e+01	5.029219e+00
1.851000000000009e+01	5.029233e+00
1.852000000000010e+01	5.029245e+00
1.853000000000010e+01	5.029258e+00
1.854000000000010e+01	5.029271e+00
1.855000000000010e+01	5.029284e+00
1.856000000000010e+01	5.029297e+00
1.857000000000010e+01	5.029310e+00
1.858000000000010e+01	5.029323e+00
1.859000000000011e+01	5.029335e+00
1.860000000000011e+01	5.029348e+00
1.861000000000011e+01	5.029361e+00
1.862000000000011e+01	5.029374e+00
1.863000000000011e+01	5.029387e+00
1.864000000000011e+01	5.029400e+00
1.865000000000012e+01	5.029413e+00
1.866000000000012e+01	5.029426e+00
1.867000000000012e+01	5.029439e+00
1.868000000000012e+01	5.029452e+00
1.869000000000012e+01	5.029465e+00
1.870000000000012e+01	5.029478e+00
1.871000000000013e+01	5.029490e+00
1.872000000000013e+01	5.029503e+00
1.873000000000013e+01	5.029516e+00
1.874000000000013e+01	5.029529e+00
1.875000000000013e+01	5.029541e+00
1.876000000000013e+01	5.029554e+00
1.877000000000013e+01	5.029567e+00
1.878000000000014e+01	5.029580e+00
1.879000000000014e+01	5.029593e+00
1.880000000000014e+01	5.029606e+00
1.881000000000014e+01	5.029619e+00
1.882000000000014e+01	5.029632e+00
1.883000000000014e+01	5.029644e+00
1.884000000000015e+01	5.029657e+00
1.885000000000015e+01	5.029670e+00
1.886000000000015e+01	5.029683e+00
1.887000000000015e+01	5.029696e+00
1.888000000000015e+01	5.029709e+00
1.889000000000015e+01	5.029722e+00
1.890000000000015e+01	5.029734e+00
1.891000000000016e+01	5.029747e+00
1.892000000000016e+01	5.029760e+00
1.893000000000016e+01	5.029773e+00
1.894000000000016e+01	5.029786e+00
1.895000000000016e+01	5.029799e+00
1.896000000000016e+01	5.029811e+00
1.897000000000017e+01	5.029824e+00
1.898000000000017e+01	5.029837e+00
1.899000000000017e+01	5.029850e+00
1.900000000000017e+01	5.029862e+00
1.901000000000017e+01	5.029875e+00
1.902000000000017e+01	5.029888e+00
1.903000000000018e+01	5.029901e+00
1.904000000000018e+01	5.029913e+00
1.905000000000018e+01	5.029926e+00
1.906000000000018e+01	5.029939e+00
1.907000000000018e+01	5.029952e+00
1.908000000000018e+01	5.029965e+00
1.909000000000018e+01	5.029977e+00
1.910000000000019e+01	5.029990e+00
1.911000000000019e+01	5.030003e+00
1.912000000000019e+01	5.030016e+00
1.913000000000019e+01	5.030028e+00
1.914000000000019e+01	5.030041e+00
1.915000000000019e+01	5.030054e+00
1.916000000000020e+01	5.030067e+00
1.917000000000020e+01	5.030079e+00
1.918000000000020e+01	5.030092e+00
1.919000000000020e+01	5.030105e+00
1.920000000000020e+01	5.030118e+00
1.921000000000020e+01	5.030130e+00
1.922000000000020e+01	5.030143e+00
1.923000000000021e+01	5.030156e+00
1.924000000000021e+01	5.030169e+00
1.925000000000021e+01	5.030181e+00
1.926000000000021e+01	5.030194e+00
1.927000000000021e+01	5.030207e+00
1.928000000000021e+01	5.030220e+00
1.929000000000022e+01	5.030232e+00
1.930000000000022e+01	5.030245e+00
1.931000000000022e+01	5.030258e+00
1.932000000000022e+01	5.030271e+00
1.933000000000022e+01	5.030283e+00
1.934000000000022e+01	5.030296e+00
1.935000000000023e+01	5.030309e+00
1.936000000000023e+01	5.030322e+00
1.937000000000023e+01	5.030334e+00
1.938000000000023e+01	5.030347e+00
1.939000000000023e+01	5.030359e+00
1.940000000000023e+01	5.030372e+00
1.941000000000023e+01	5.030385e+00
1.942000000000024e+01	5.030397e+00
1.943000000000024e+01	5.030410e+00
1.944000000000024e+01	5.030423e+00
1.945000000000024e+01	5.030436e+00
1.946000000000024e+01	5.030448e+00
1.947000000000024e+01	5.030461e+00
1.948000000000025e+01	5.030474e+00
1.949000000000025e+01	5.030486e+00
1.950000000000025e+01	5.030499e+00
1.951000000000025e+01	5.030511e+00
1.952000000000025e+01	5.030524e+00
1.953000000000025e+01	5.030537e+00
1.954000000000025e+01	5.030550e+00
1.955000000000026e+01	5.030562e+00
1.956000000000026e+01	5.030575e+00
1.957000000000026e+01	5.030588e+00
1.958000000000026e+01	5.030600e+00
1.959000000000026e+01	5.030613e+00
1.960000000000026e+01	5.030625e+00
1.961000000000027e+01	5.030638e+00
1.962000000000027e+01	5.030651e+00
1.963000000000027e+01	5.030663e+00
1.964000000000027e+01	5.030676e+00
1.965000000000027e+01	5.030689e+00
1.966000000000027e+01	5.030701e+00
1.967000000000028e+01	5.030714e+00
1.968000000000028e+01	5.030726e+00
1.969000000000028e+01	5.030739e+00
1.970000000000028e+01	5.030752e+00
1.971000000000028e+01	5.030765e+00
1.972000000000028e+01	5.030777e+00
1.973000000000028e+01	5.030789e+00
1.974000000000029e+01	5.030802e+00
1.975000000000029e+01	5.030815e+00
1.976000000000029e+01	5.030828e+00
1.977000000000029e+01	5.030840e+00
1.978000000000029e+01	5.030853e+00
1.979000000000029e+01	5.030865e+00
1.980000000000030e+01	5.030878e+00
1.981000000000030e+01	5.030890e+00
1.982000000000030e+01	5.030903e+00
1.983000000000030e+01	5.030916e+00
1.984000000000030e+01	5.030928e+00
1.985000000000030e+01	5.030941e+00
1.986000000000030e+01	5.030953e+00
1.987000000000031e+01	5.030966e+00
1.988000000000031e+01	5.030978e+00
1.989000000000031e+01	5.030991e+00
1.990000000000031e+01	5.031003e+00
1.991000000000031e+01	5.031016e+00
1.992000000000031e+01	5.031029e+00
1.993000000000032e+01	5.031041e+00
1.994000000000032e+01	5.031054e+00
1.995000000000032e+01	5.031066e+00
1.996000000000032e+01	5.031079e+00
1.997000000000032e+01	5.031091e+00
1.998000000000032e+01	5.031104e+00
1.999000000000033e+01	5.031116e+00
2.000000000000033e+01	5.031129e+00
2.001000000000033e+01	5.031142e+00
2.002000000000033e+01	5.031154e+00
2.003000000000033e+01	5.031167e+00
2.004000000000033e+01	5.031179e+00
2.005000000000033e+01	5.031192e+00
2.006000000000034e+01	5.031204e+00
2.007000000000034e+01	5.031217e+00
2.008000000000034e+01	5.031229e+00
2.009000000000034e+01	5.031242e+00
2.010000000000034e+01	5.031254e+00
2.011000000000034e+01	5.031267e+00
2.012000000000035e+01	5.031279e+00
2.013000000000035e+01	5.031292e+00
2.014000000000035e+01	5.031304e+00
2.015000000000035e+01	5.031317e+00
2.016000000000035e+01	5.031329e+00
2.017000000000035e+01	5.031342e+00
2.018000000000035e+01	5.031354e+00
2.019000000000036e+01	5.031367e+00
2.020000000000036e+01	5.031379e+00
2.021000000000036e+01	5.031392e+00
2.022000000000036e+01	5.031404e+00
2.023000000000036e+01	5.031417e+00
2.024000000000036e+01	5.031429e+00
2.025000000000037e+01	5.031442e+00
2.026000000000037e+01	5.031454e+00
2.027000000000037e+01	5.031466e+00
2.028000000000037e+01	5.031479e+00
2.029000000000037e+01	5.031492e+00
2.030000000000037e+01	5.031504e+00
2.031000000000038e+01	5.031517e+00
2.032000000000038e+01	5.031529e+00
2.033000000000038e+01	5.031541e+00
2.034000000000038e+01	5.031554e+00
2.035000000000038e+01	5.031566e+00
2.036000000000038e+01	5.031579e+00
2.037000000000038e+01	5.031591e+00
2.038000000000039e+01	5.031604e+00
2.039000000000039e+01	5.031616e+00
2.040000000000039e+01	5.031629e+00
2.041000000000039e+01	5.031641e+00
2.042000000000039e+01	5.031653e+00
2.043000000000039e+01	5.031666e+00
2.044000000000040e+01	5.031678e+00
2.045000000000040e+01	5.031691e+00
2.046000000000040e+01	5.031703e+00
2.047000000000040e+01	5.031715e+00
2.048000000000040e+01	5.031728e+00
2.049000000000040e+01	5.031740e+00
2.050000000000041e+01	5.031753e+00
2.051000000000041e+01	5.031765e+00
2.052000000000041e+01	5.031777e+00
2.053000000000041e+01	5.031790e+00
2.054000000000041e+01	5.031803e+00
2.055000000000041e+01	5.031815e+00
2.056000000000041e+01	5.031827e+00
2.057000000000042e+01	5.031840e+00
2.058000000000042e+01	5.031852e+00
2.059000000000042e+01	5.031865e+00
2.060000000000042e+01	5.031877e+00
2.061000000000042e+01	5.031889e+00
2.062000000000042e+01	5.031901e+00
2.063000000000043e+01	5.031914e+00
2.064000000000043e+01	5.031926e+00
2.065000000000043e+01	5.031939e+00
2.066000000000043e+01	5.031951e+00
2.067000000000043e+01	5.031963e+00
2.068000000000043e+01	5.031976e+00
2.069000000000043e+01	5.031988e+00
2.070000000000044e+01	5.032001e+00
2.071000000000044e+01	5.032013e+00
2.072000000000044e+01	5.032025e+00
2.073000000000044e+01	5.032038e+00
2.074000000000044e+01	5.032050e+00
2.075000000000044e+01	5.032063e+00
2.076000000000045e+01	5.032075e+00
2.077000000000045e+01	5.032087e+00
2.078000000000045e+01	5.032099e+00
2.079000000000045e+01	5.032112e+00
2.080000000000045e+01	5.032124e+00
2.081000000000045e+01	5.032136e+00
2.082000000000046e+01	5.032149e+00
2.083000000000046e+01	5.032161e+00
2.084000000000046e+01	5.032174e+00
2.085000000000046e+01	5.032186e+00
2.086000000000046e+01	5.032198e+00
2.087000000000046e+01	5.032210e+00
2.088000000000046e+01	5.032223e+00
2.089000000000047e+01	5.032235e+00
2.090000000000047e+01	5.032248e+00
2.091000000000047e+01	5.032259e+00
2.092000000000047e+01	5.032272e+00
2.093000000000047e+01	5.032284e+00
2.094000000000047e+01	5.032297e+00
2.095000000000048e+01	5.032309e+00
2.096000000000048e+01	5.032321e+00
2.097000000000048e+01	5.032333e+00
2.098000000000048e+01	5.032346e+00
2.099000000000048e+01	5.032358e+00
2.100000000000048e+01	5.032371e+00
2.101000000000048e+01	5.032382e+00
2.102000000000049e+01	5.032395e+00
2.103000000000049e+01	5.032407e+00
2.104000000000049e+01	5.032420e+00
2.105000000000049e+01	5.032432e+00
2.106000000000049e+01	5.032444e+00
2.107000000000049e+01	5.032456e+00
2.108000000000050e+01	5.032469e+00
2.109000000000050e+01	5.032481e+00
2.110000000000050e+01	5.032493e+00
2.111000000000050e+01	5.032506e+00
2.112000000000050e+01	5.032518e+00
2.113000000000050e+01	5.032530e+00
2.114000000000051e+01	5.032542e+00
2.115000000000051e+01	5.032555e+00
2.116000000000051e+01	5.032567e+00
2.117000000000051e+01	5.032579e+00
2.118000000000051e+01	5.032591e+00
2.119000000000051e+01	5.032604e+00
2.120000000000051e+01	5.032616e+00
2.121000000000052e+01	5.032628e+00
2.122000000000052e+01	5.032640e+00
2.123000000000052e+01	5.032652e+00
2.124000000000052e+01	5.032665e+00
2.125000000000052e+01	5.032677e+00
2.126000000000052e+01	5.032689e+00
2.127000000000053e+01	5.032701e+00
2.128000000000053e+01	5.032713e+00
2.129000000000053e+01	5.032726e+00
2.130000000000053e+01	5.032738e+00
2.131000000000053e+01	5.032750e+00
2.132000000000053e+01	5.032763e+00
2.133000000000053e+01	5.032775e+00
2.134000000000054e+01	5.032787e+00
2.135000000000054e+01	5.032799e+00
2.136000000000054e+01	5.032811e+00
2.137000000000054e+01	5.032824e+00
2.138000000000054e+01	5.032836e+00
2.139000000000054e+01	5.032848e+00
2.140000000000055e+01	5.032860e+00
2.141000000000055e+01	5.032872e+00
2.142000000000055e+01	5.032885e+00
2.143000000000055e+01	5.032897e+00
2.144000000000055e+01	5.032909e+00
2.145000000000055e+01	5.032921e+00
2.146000000000056e+01	5.032933e+00
2.147000000000056e+01	5.032946e+00
2.148000000000056e+01	5.032958e+00
2.149000000000056e+01	5.032970e+00
2.150000000000056e+01	5.032982e+00
2.151000000000056e+01	5.032994e+00
2.152000000000056e+01	5.033006e+00
2.153000000000057e+01	5.033019e+00
2.154000000000057e+01	5.033031e+00
2.155000000000057e+01	5.033043e+00
2.156000000000057e+01	5.033055e+00
2.157000000000057e+01	5.033067e+00
2.158000000000057e+01	5.033079e+00
2.159000000000058e+01	5.033092e+00
2.160000000000058e+01	5.033103e+00
2.161000000000058e+01	5.033116e+00
2.162000000000058e+01	5.033128e+00
2.163000000000058e+01	5.033140e+00
2.164000000000058e+01	5.033152e+00
2.165000000000058e+01	5.033165e+00
2.166000000000059e+01	5.033176e+00
2.167000000000059e+01	5.033188e+00
2.168000000000059e+01	5.033201e+00
2.169000000000059e+01	5.033213e+00
2.170000000000059e+01	5.033225e+00
2.171000000000059e+01	5.033237e+00
2.172000000000060e+01	5.033249e+00
2.173000000000060e+01	5.033261e+00
2.174000000000060e+01	5.033273e+00
2.175000000000060e+01	5.033286e+00
2.176000000000060e+01	5.033298e+00
2.177000000000060e+01	5.033310e+00
2.178000000000061e+01	5.033322e+00
2.179000000000061e+01	5.033334e+00
2.180000000000061e+01	5.033346e+00
2.181000000000061e+01	5.033358e+00
2.182000000000061e+01	5.033370e+00
2.183000000000061e+01	5.033382e+00
2.184000000000061e+01	5.033394e+00
2.185000000000062e+01	5.033407e+00
2.186000000000062e+01	5.033419e+00
2.187000000000062e+01	5.033431e+00
2.188000000000062e+01	5.033443e+00
2.189000000000062e+01	5.033455e+00
2.190000000000062e+01	5.033467e+00
2.191000000000063e+01	5.033479e+00
2.192000000000063e+01	5.033491e+00
2.193000000000063e+01	5.033503e+00
2.194000000000063e+01	5.033515e+00
2.195000000000063e+01	5.033527e+00
2.196000000000063e+01	5.033539e+00
2.197000000000063e+01	5.033552e+00
2.198000000000064e+01	5.033564e+00
2.199000000000064e+01	5.033576e+00
2.200000000000064e+01	5.033587e+00
2.201000000000064e+01	5.033600e+00
2.202000000000064e+01	5.033612e+00
2.203000000000064e+01	5.033624e+00
2.204000000000065e+01	5.033636e+00
2.205000000000065e+01	5.033648e+00
2.206000000000065e+01	5.033660e+00
2.207000000000065e+01	5.033672e+00
2.208000000000065e+01	5.033684e+00
2.209000000000065e+01	5.033696e+00
2.210000000000066e+01	5.033708e+00
2.211000000000066e+01	5.033720e+00
2.212000000000066e+01	5.033732e+00
2.213000000000066e+01	5.033744e+00
2.214000000000066e+01	5.033756e+00
2.215000000000066e+01	5.033768e+00
2.216000000000066e+01	5.033780e+00
2.217000000000067e+01	5.033792e+00
2.218000000000067e+01	5.033804e+00
2.219000000000067e+01	5.033816e+00
2.220000000000067e+01	5.033828e+00
2.221000000000067e+01	5.033840e+00
2.222000000000067e+01	5.033852e+00
2.223000000000068e+01	5.033864e+00
2.224000000000068e+01	5.033876e+00
2.225000000000068e+01	5.033888e+00
2.226000000000068e+01	5.033900e+00
2.227000000000068e+01	5.033912e+00
2.228000000000068e+01	5.033924e+00
2.229000000000068e+01	5.033936e+00
2.230000000000069e+01	5.033948e+00
2.231000000000069e+01	5.033960e+00
2.232000000000069e+01	5.033972e+00
2.233000000000069e+01	5.033984e+00
2.234000000000069e+01	5.033996e+00
2.235000000000069e+01	5.034008e+00
2.236000000000070e+01	5.034020e+00
2.237000000000070e+01	5.034032e+00
2.238000000000070e+01	5.034044e+00
2.239000000000070e+01	5.034056e+00
2.240000000000070e+01	5.034068e+00
2.241000000000070e+01	5.034080e+00
2.242000000000071e+01	5.034092e+00
2.243000000000071e+01	5.034104e+00
2.244000000000071e+01	5.034116e+00
2.245000000000071e+01	5.034128e+00
2.246000000000071e+01	5.034140e+00
2.247000000000071e+01	5.034152e+00
2.248000000000071e+01	5.034163e+00
2.249000000000072e+01	5.034175e+00
2.250000000000072e+01	5.034187e+00
2.251000000000072e+01	5.034199e+00
2.252000000000072e+01	5.034211e+00
2.253000000000072e+01	5.034223e+00
2.254000000000072e+01	5.034235e+00
2.255000000000073e+01	5.034247e+00
2.256000000000073e+01	5.034259e+00
2.257000000000073e+01	5.034271e+00
2.258000000000073e+01	5.034283e+00
2.259000000000073e+01	5.034295e+00
2.260000000000073e+01	5.034307e+00
2.261000000000073e+01	5.034319e+00
2.262000000000074e+01	5.034331e+00
2.263000000000074e+01	5.034342e+00
2.264000000000074e+01	5.034354e+00
2.265000000000074e+01	5.034366e+00
2.266000000000074e+01	5.034378e+00
2.267000000000074e+01	5.034390e+00
2.268000000000075e+01	5.034402e+00
2.269000000000075e+01	5.034414e+00
2.270000000000075e+01	5.034426e+00
2.271000000000075e+01	5.034438e+00
2.272000000000075e+01	5.034450e+00
2.273000000000075e+01	5.034461e+00
2.274000000000076e+01	5.034473e+00
2.275000000000076e+01	5.034485e+00
2.276000000000076e+01	5.034497e+00
2.277000000000076e+01	5.034509e+00
2.278000000000076e+01	5.034521e+00
2.279000000000076e+01	5.034533e+00
2.280000000000076e+01	5.034544e+00
2.281000000000077e+01	5.034556e+00
2.282000000000077e+01	5.034568e+00
2.283000000000077e+01	5.034580e+00
2.284000000000077e+01	5.034592e+00
2.285000000000077e+01	5.034604e+00
2.286000000000077e+01	5.034616e+00
2.287000000000078e+01	5.034628e+00
2.288000000000078e+01	5.034639e+00
2.289000000000078e+01	5.034651e+00
2.290000000000078e+01	5.034663e+00
2.291000000000078e+01	5.034675e+00
2.292000000000078e+01	5.034687e+00
2.293000000000078e+01	5.034699e+00
2.294000000000079e+01	5.034711e+00
2.295000000000079e+01	5.034722e+00
2.296000000000079e+01	5.034734e+00
2.297000000000079e+01	5.034746e+00
2.298000000000079e+01	5.034758e+00
2.299000000000079e+01	5.034770e+00
2.300000000000080e+01	5.034781e+00
2.301000000000080e+01	5.034793e+00
2.302000000000080e+01	5.034805e+00
2.303000000000080e+01	5.034817e+00
2.304000000000080e+01	5.034829e+00
2.305000000000080e+01	5.034841e+00
2.306000000000081e+01	5.034853e+00
2.307000000000081e+01	5.034864e+00
2.308000000000081e+01	5.034876e+00
2.309000000000081e+01	5.034888e+00
2.310000000000081e+01	5.034900e+00
2.311000000000081e+01	5.034912e+00
2.312000000000081e+01	5.034924e+00
2.313000000000082e+01	5.034935e+00
2.314000000000082e+01	5.034947e+00
2.315000000000082e+01	5.034959e+00
2.316000000000082e+01	5.034971e+00
2.317000000000082e+01	5.034982e+00
2.318000000000082e+01	5.034994e+00
2.319000000000083e+01	5.035006e+00
2.320000000000083e+01	5.035018e+00
2.321000000000083e+01	5.035029e+00
2.322000000000083e+01	5.035041e+00
2.323000000000083e+01	5.035053e+00
2.324000000000083e+01	5.035065e+00
2.325000000000083e+01	5.035077e+00
2.326000000000084e+01	5.035089e+00
2.327000000000084e+01	5.035100e+00
2.328000000000084e+01	5.035112e+00
2.329000000000084e+01	5.035124e+00
2.330000000000084e+01	5.035136e+00
2.331000000000084e+01	5.035147e+00
2.332000000000085e+01	5.035159e+00
2.333000000000085e+01	5.035171e+00
2.334000000000085e+01	5.035182e+00
2.335000000000085e+01	5.035194e+00
2.336000000000085e+01	5.035206e+00
2.337000000000085e+01	5.035218e+00
2.338000000000086e+01	5.035230e+00
2.339000000000086e+01	5.035241e+00
2.340000000000086e+01	5.035253e+00
2.341000000000086e+01	5.035265e+00
2.342000000000086e+01	5.035276e+00
2.343000000000086e+01	5.035288e+00
2.344000000000086e+01	5.035300e+00
2.345000000000087e+01	5.035312e+00
2.346000000000087e+01	5.035324e+00
2.347000000000087e+01	5.035335e+00
2.348000000000087e+01	5.035347e+00
2.349000000000087e+01	5.035358e+00
2.350000000000087e+01	5.035370e+00
2.351000000000088e+01	5.035382e+00
2.352000000000088e+01	5.035394e+00
2.353000000000088e+01	5.035406e+00
2.354000000000088e+01	5.035417e+00
2.355000000000088e+01	5.035429e+00
2.356000000000088e+01	5.035440e+00
2.357000000000088e+01	5.035452e+00
2.358000000000089e+01	5.035464e+00
2.359000000000089e+01	5.035476e+00
2.360000000000089e+01	5.035487e+00
2.361000000000089e+01	5.035499e+00
2.362000000000089e+01	5.035511e+00
2.363000000000089e+01	5.035522e+00
2.364000000000090e+01	5.035534e+00
2.365000000000090e+01	5.035546e+00
2.366000000000090e+01	5.035558e+00
2.367000000000090e+01	5.035569e+00
2.368000000000090e+01	5.035581e+00
2.369000000000090e+01	5.035593e+00
2.370000000000091e+01	5.035604e+00
2.371000000000091e+01	5.035616e+00
2.372000000000091e+01	5.035627e+00
2.373000000000091e+01	5.035639e+00
2.374000000000091e+01	5.035651e+00
2.375000000000091e+01	5.035663e+00
2.376000000000091e+01	5.035674e+00
2.377000000000092e+01	5.035686e+00
2.378000000000092e+01	5.035697e+00
2.379000000000092e+01	5.035709e+00
2.380000000000092e+01	5.035721e+00
2.381000000000092e+01	5.035733e+00
2.382000000000092e+01	5.035744e+00
2.383000000000093e+01	5.035756e+00
2.384000000000093e+01	5.035768e+00
2.385000000000093e+01	5.035779e+00
2.386000000000093e+01	5.035791e+00
2.387000000000093e+01	5.035802e+00
2.388000000000093e+01	5.035814e+00
2.389000000000093e+01	5.035826e+00
2.390000000000094e+01	5.035837e+00
2.391000000000094e+01	5.035849e+00
2.392000000000094e+01	5.035861e+00
2.393000000000094e+01	5.035872e+00
2.394000000000094e+01	5.035884e+00
2.395000000000094e+01	5.035895e+00
2.396000000000095e+01	5.035907e+00
2.397000000000095e+01	5.035919e+00
2.398000000000095e+01	5.035930e+00
2.399000000000095e+01	5.035942e+00
2.400000000000000e+01	5.035954e+00
