vreg	V(vo)
0.000000000000000e+00	2.028724e-05
1.000000000000000e-01	2.031959e-05
2.000000000000000e-01	2.039069e-05
3.000000000000000e-01	2.045692e-05
4.000000000000000e-01	2.048487e-05
5.000000000000000e-01	2.049638e-05
6.000000000000000e-01	2.050703e-05
7.000000000000000e-01	2.051784e-05
7.999999999999999e-01	2.052889e-05
8.999999999999999e-01	2.054015e-05
9.999999999999999e-01	2.055162e-05
1.100000000000000e+00	2.056326e-05
1.200000000000000e+00	2.057513e-05
1.300000000000000e+00	2.058715e-05
1.400000000000000e+00	2.059934e-05
1.500000000000000e+00	2.061172e-05
1.600000000000000e+00	2.062423e-05
1.700000000000000e+00	2.063708e-05
1.800000000000000e+00	2.065711e-05
1.900000000000001e+00	2.102482e-05
2.000000000000000e+00	4.181486e-05
2.100000000000001e+00	1.109591e-03
2.200000000000001e+00	5.051361e-02
2.300000000000001e+00	1.448766e+00
2.400000000000001e+00	1.651060e+00
2.500000000000001e+00	1.747304e+00
2.600000000000001e+00	1.833023e+00
2.700000000000001e+00	1.926020e+00
2.800000000000001e+00	2.020333e+00
2.900000000000001e+00	2.114999e+00
3.000000000000001e+00	2.209693e+00
3.100000000000001e+00	2.304396e+00
3.200000000000002e+00	2.399109e+00
3.300000000000002e+00	2.493830e+00
3.400000000000002e+00	2.588557e+00
3.500000000000002e+00	2.683287e+00
3.600000000000002e+00	2.778019e+00
3.700000000000002e+00	2.872753e+00
3.800000000000002e+00	2.967485e+00
3.900000000000002e+00	3.062217e+00
4.000000000000002e+00	3.156946e+00
4.100000000000001e+00	3.251673e+00
4.200000000000001e+00	3.346395e+00
4.300000000000001e+00	3.441113e+00
4.400000000000000e+00	3.535827e+00
4.500000000000000e+00	3.630536e+00
4.600000000000000e+00	3.725240e+00
4.699999999999999e+00	3.819938e+00
4.799999999999999e+00	3.914630e+00
4.899999999999999e+00	4.009316e+00
4.999999999999998e+00	4.103996e+00
5.099999999999998e+00	4.198669e+00
5.199999999999998e+00	4.293336e+00
5.299999999999997e+00	4.387996e+00
5.399999999999997e+00	4.482649e+00
5.499999999999996e+00	4.577293e+00
5.599999999999996e+00	4.671918e+00
5.699999999999996e+00	4.766461e+00
5.799999999999995e+00	4.860567e+00
5.899999999999995e+00	4.951007e+00
5.999999999999995e+00	5.006195e+00
6.099999999999994e+00	5.011521e+00
6.199999999999994e+00	5.011848e+00
6.299999999999994e+00	5.012024e+00
6.399999999999993e+00	5.012196e+00
6.499999999999993e+00	5.012366e+00
6.599999999999993e+00	5.012536e+00
6.699999999999992e+00	5.012705e+00
6.799999999999992e+00	5.012875e+00
6.899999999999991e+00	5.013043e+00
6.999999999999991e+00	5.013211e+00
7.099999999999991e+00	5.013379e+00
7.199999999999990e+00	5.013546e+00
7.299999999999990e+00	5.013712e+00
7.399999999999990e+00	5.013878e+00
7.499999999999989e+00	5.014044e+00
7.599999999999989e+00	5.014209e+00
7.699999999999989e+00	5.014373e+00
7.799999999999988e+00	5.014538e+00
7.899999999999988e+00	5.014701e+00
7.999999999999988e+00	5.014865e+00
8.099999999999987e+00	5.015028e+00
8.199999999999987e+00	5.015190e+00
8.299999999999986e+00	5.015352e+00
8.399999999999986e+00	5.015513e+00
8.499999999999986e+00	5.015675e+00
8.599999999999985e+00	5.015835e+00
8.699999999999985e+00	5.015995e+00
8.799999999999985e+00	5.016155e+00
8.899999999999984e+00	5.016314e+00
8.999999999999984e+00	5.016473e+00
9.099999999999984e+00	5.016632e+00
9.199999999999983e+00	5.016789e+00
9.299999999999983e+00	5.016947e+00
9.399999999999983e+00	5.017104e+00
9.499999999999982e+00	5.017261e+00
9.599999999999982e+00	5.017417e+00
9.699999999999982e+00	5.017573e+00
9.799999999999981e+00	5.017729e+00
9.899999999999981e+00	5.017884e+00
9.999999999999980e+00	5.018039e+00
1.009999999999998e+01	5.018193e+00
1.019999999999998e+01	5.018347e+00
1.029999999999998e+01	5.018500e+00
1.039999999999998e+01	5.018653e+00
1.049999999999998e+01	5.018806e+00
1.059999999999998e+01	5.018959e+00
1.069999999999998e+01	5.019111e+00
1.079999999999998e+01	5.019262e+00
1.089999999999998e+01	5.019413e+00
1.099999999999998e+01	5.019564e+00
1.109999999999998e+01	5.019714e+00
1.119999999999998e+01	5.019865e+00
1.129999999999998e+01	5.020014e+00
1.139999999999998e+01	5.020164e+00
1.149999999999998e+01	5.020312e+00
1.159999999999997e+01	5.020461e+00
1.169999999999997e+01	5.020609e+00
1.179999999999997e+01	5.020757e+00
1.189999999999997e+01	5.020905e+00
1.199999999999997e+01	5.021051e+00
1.209999999999997e+01	5.021198e+00
1.219999999999997e+01	5.021345e+00
1.229999999999997e+01	5.021491e+00
1.239999999999997e+01	5.021636e+00
1.249999999999997e+01	5.021782e+00
1.259999999999997e+01	5.021927e+00
1.269999999999997e+01	5.022071e+00
1.279999999999997e+01	5.022216e+00
1.289999999999997e+01	5.022360e+00
1.299999999999997e+01	5.022503e+00
1.309999999999997e+01	5.022646e+00
1.319999999999997e+01	5.022789e+00
1.329999999999997e+01	5.022932e+00
1.339999999999997e+01	5.023074e+00
1.349999999999997e+01	5.023216e+00
1.359999999999997e+01	5.023358e+00
1.369999999999997e+01	5.023499e+00
1.379999999999997e+01	5.023640e+00
1.389999999999997e+01	5.023780e+00
1.399999999999997e+01	5.023921e+00
1.409999999999997e+01	5.024061e+00
1.419999999999997e+01	5.024200e+00
1.429999999999997e+01	5.024340e+00
1.439999999999996e+01	5.024478e+00
1.449999999999996e+01	5.024617e+00
1.459999999999996e+01	5.024755e+00
1.469999999999996e+01	5.024894e+00
1.479999999999996e+01	5.025032e+00
1.489999999999996e+01	5.025169e+00
1.499999999999996e+01	5.025306e+00
1.509999999999996e+01	5.025443e+00
1.519999999999996e+01	5.025579e+00
1.529999999999996e+01	5.025715e+00
1.539999999999996e+01	5.025851e+00
1.549999999999996e+01	5.025987e+00
1.559999999999996e+01	5.026122e+00
1.569999999999996e+01	5.026258e+00
1.579999999999996e+01	5.026392e+00
1.589999999999996e+01	5.026526e+00
1.599999999999996e+01	5.026660e+00
1.609999999999996e+01	5.026794e+00
1.619999999999996e+01	5.026928e+00
1.629999999999996e+01	5.027061e+00
1.639999999999996e+01	5.027194e+00
1.649999999999996e+01	5.027327e+00
1.659999999999997e+01	5.027459e+00
1.669999999999997e+01	5.027591e+00
1.679999999999997e+01	5.027723e+00
1.689999999999997e+01	5.027854e+00
1.699999999999997e+01	5.027986e+00
1.709999999999997e+01	5.028117e+00
1.719999999999997e+01	5.028247e+00
1.729999999999998e+01	5.028378e+00
1.739999999999998e+01	5.028508e+00
1.749999999999998e+01	5.028638e+00
1.759999999999998e+01	5.028768e+00
1.769999999999998e+01	5.028897e+00
1.779999999999998e+01	5.029026e+00
1.789999999999998e+01	5.029154e+00
1.799999999999999e+01	5.029283e+00
1.809999999999999e+01	5.029411e+00
1.819999999999999e+01	5.029539e+00
1.829999999999999e+01	5.029667e+00
1.839999999999999e+01	5.029794e+00
1.849999999999999e+01	5.029922e+00
1.859999999999999e+01	5.030048e+00
1.870000000000000e+01	5.030175e+00
1.880000000000000e+01	5.030302e+00
1.890000000000000e+01	5.030428e+00
1.900000000000000e+01	5.030554e+00
1.910000000000000e+01	5.030679e+00
1.920000000000000e+01	5.030805e+00
1.930000000000000e+01	5.030930e+00
1.940000000000001e+01	5.031054e+00
1.950000000000001e+01	5.031179e+00
1.960000000000001e+01	5.031304e+00
1.970000000000001e+01	5.031428e+00
1.980000000000001e+01	5.031552e+00
1.990000000000001e+01	5.031675e+00
2.000000000000001e+01	5.031799e+00
2.010000000000002e+01	5.031922e+00
2.020000000000002e+01	5.032045e+00
2.030000000000002e+01	5.032167e+00
2.040000000000002e+01	5.032290e+00
2.050000000000002e+01	5.032412e+00
2.060000000000002e+01	5.032534e+00
2.070000000000002e+01	5.032656e+00
2.080000000000003e+01	5.032777e+00
2.090000000000003e+01	5.032898e+00
2.100000000000003e+01	5.033020e+00
2.110000000000003e+01	5.033140e+00
2.120000000000003e+01	5.033261e+00
2.130000000000003e+01	5.033381e+00
2.140000000000003e+01	5.033501e+00
2.150000000000004e+01	5.033621e+00
2.160000000000004e+01	5.033741e+00
2.170000000000004e+01	5.033860e+00
2.180000000000004e+01	5.033979e+00
2.190000000000004e+01	5.034098e+00
2.200000000000004e+01	5.034217e+00
2.210000000000004e+01	5.034335e+00
2.220000000000005e+01	5.034453e+00
2.230000000000005e+01	5.034572e+00
2.240000000000005e+01	5.034689e+00
2.250000000000005e+01	5.034807e+00
2.260000000000005e+01	5.034924e+00
2.270000000000005e+01	5.035041e+00
2.280000000000005e+01	5.035158e+00
2.290000000000006e+01	5.035275e+00
2.300000000000006e+01	5.035391e+00
2.310000000000006e+01	5.035508e+00
2.320000000000006e+01	5.035624e+00
2.330000000000006e+01	5.035740e+00
2.340000000000006e+01	5.035855e+00
2.350000000000006e+01	5.035971e+00
2.360000000000007e+01	5.036086e+00
2.370000000000007e+01	5.036201e+00
2.380000000000007e+01	5.036316e+00
2.390000000000007e+01	5.036430e+00
2.400000000000000e+01	5.036545e+00
