vreg	V(vo)
0.000000000000000e+00	1.584067e-11
1.000000000000000e-02	1.405581e-09
2.000000000000000e-02	3.264178e-09
3.000000000000000e-02	5.732568e-09
4.000000000000000e-02	8.980611e-09
5.000000000000000e-02	1.320297e-08
6.000000000000000e-02	1.860644e-08
7.000000000000001e-02	2.538524e-08
8.000000000000000e-02	3.368269e-08
9.000000000000000e-02	4.354310e-08
9.999999999999999e-02	5.486619e-08
1.100000000000000e-01	6.738425e-08
1.200000000000000e-01	8.068153e-08
1.300000000000000e-01	9.426258e-08
1.400000000000000e-01	1.076511e-07
1.500000000000000e-01	1.204880e-07
1.600000000000000e-01	1.325905e-07
1.700000000000000e-01	1.439658e-07
1.800000000000000e-01	1.547733e-07
1.900000000000000e-01	1.652661e-07
2.000000000000000e-01	1.757328e-07
2.100000000000000e-01	1.864204e-07
2.200000000000001e-01	1.975041e-07
2.300000000000001e-01	2.090667e-07
2.400000000000001e-01	2.210562e-07
2.500000000000001e-01	2.333453e-07
2.600000000000001e-01	2.456717e-07
2.700000000000001e-01	2.577780e-07
2.800000000000001e-01	2.693424e-07
2.900000000000001e-01	2.800909e-07
3.000000000000001e-01	2.898555e-07
3.100000000000001e-01	2.984897e-07
3.200000000000001e-01	3.060121e-07
3.300000000000001e-01	3.124345e-07
3.400000000000001e-01	3.179314e-07
3.500000000000001e-01	3.226000e-07
3.600000000000002e-01	3.266001e-07
3.700000000000002e-01	3.300515e-07
3.800000000000002e-01	3.330877e-07
3.900000000000002e-01	3.358167e-07
4.000000000000002e-01	3.382834e-07
4.100000000000002e-01	3.405458e-07
4.200000000000002e-01	3.427048e-07
4.300000000000002e-01	3.447659e-07
4.400000000000002e-01	3.467525e-07
4.500000000000002e-01	3.486505e-07
4.600000000000002e-01	3.505283e-07
4.700000000000003e-01	3.523888e-07
4.800000000000003e-01	3.542138e-07
4.900000000000003e-01	3.560295e-07
5.000000000000002e-01	3.578604e-07
5.100000000000002e-01	3.596403e-07
5.200000000000002e-01	3.614679e-07
5.300000000000002e-01	3.632759e-07
5.400000000000003e-01	3.650860e-07
5.500000000000003e-01	3.668838e-07
5.600000000000003e-01	3.686803e-07
5.700000000000003e-01	3.704864e-07
5.800000000000003e-01	3.723000e-07
5.900000000000003e-01	3.741443e-07
6.000000000000003e-01	3.759481e-07
6.100000000000003e-01	3.777772e-07
6.200000000000003e-01	3.796065e-07
6.300000000000003e-01	3.814198e-07
6.400000000000003e-01	3.832637e-07
6.500000000000004e-01	3.851048e-07
6.600000000000004e-01	3.869663e-07
6.700000000000004e-01	3.887840e-07
6.800000000000004e-01	3.906484e-07
6.900000000000004e-01	3.925037e-07
7.000000000000004e-01	3.943633e-07
7.100000000000004e-01	3.962255e-07
7.200000000000004e-01	3.980652e-07
7.300000000000004e-01	3.999560e-07
7.400000000000004e-01	4.018397e-07
7.500000000000004e-01	4.037088e-07
7.600000000000005e-01	4.055809e-07
7.700000000000005e-01	4.074546e-07
7.800000000000005e-01	4.093316e-07
7.900000000000005e-01	4.112507e-07
8.000000000000005e-01	4.131454e-07
8.100000000000005e-01	4.150620e-07
8.200000000000005e-01	4.169439e-07
8.300000000000005e-01	4.188423e-07
8.400000000000005e-01	4.207732e-07
8.500000000000005e-01	4.226720e-07
8.600000000000005e-01	4.245682e-07
8.700000000000006e-01	4.265107e-07
8.800000000000006e-01	4.284196e-07
8.900000000000006e-01	4.303561e-07
9.000000000000006e-01	4.322793e-07
9.100000000000006e-01	4.342039e-07
9.200000000000006e-01	4.361588e-07
9.300000000000006e-01	4.380823e-07
9.400000000000006e-01	4.400207e-07
9.500000000000006e-01	4.419845e-07
9.600000000000006e-01	4.439303e-07
9.700000000000006e-01	4.459003e-07
9.800000000000006e-01	4.478294e-07
9.900000000000007e-01	4.497953e-07
1.000000000000001e+00	4.517574e-07
1.010000000000001e+00	4.537232e-07
1.020000000000001e+00	4.556948e-07
1.030000000000001e+00	4.576746e-07
1.040000000000001e+00	4.596490e-07
1.050000000000001e+00	4.616226e-07
1.060000000000001e+00	4.636090e-07
1.070000000000001e+00	4.656042e-07
1.080000000000001e+00	4.675749e-07
1.090000000000001e+00	4.695753e-07
1.100000000000001e+00	4.715684e-07
1.110000000000001e+00	4.736075e-07
1.120000000000001e+00	4.755865e-07
1.130000000000001e+00	4.775981e-07
1.140000000000001e+00	4.795984e-07
1.150000000000001e+00	4.815917e-07
1.160000000000001e+00	4.836319e-07
1.170000000000001e+00	4.856194e-07
1.180000000000001e+00	4.876454e-07
1.190000000000001e+00	4.896766e-07
1.200000000000001e+00	4.916952e-07
1.210000000000001e+00	4.937181e-07
1.220000000000001e+00	4.957550e-07
1.230000000000001e+00	4.977860e-07
1.240000000000001e+00	4.998330e-07
1.250000000000001e+00	5.018978e-07
1.260000000000001e+00	5.039505e-07
1.270000000000001e+00	5.059823e-07
1.280000000000001e+00	5.080220e-07
1.290000000000001e+00	5.100524e-07
1.300000000000001e+00	5.121225e-07
1.310000000000001e+00	5.142076e-07
1.320000000000001e+00	5.162501e-07
1.330000000000001e+00	5.183315e-07
1.340000000000001e+00	5.203793e-07
1.350000000000001e+00	5.224499e-07
1.360000000000001e+00	5.245362e-07
1.370000000000001e+00	5.265973e-07
1.380000000000001e+00	5.286726e-07
1.390000000000001e+00	5.307755e-07
1.400000000000001e+00	5.328415e-07
1.410000000000001e+00	5.349300e-07
1.420000000000001e+00	5.370052e-07
1.430000000000001e+00	5.391224e-07
1.440000000000001e+00	5.412094e-07
1.450000000000001e+00	5.433283e-07
1.460000000000001e+00	5.454052e-07
1.470000000000001e+00	5.475020e-07
1.480000000000001e+00	5.496299e-07
1.490000000000001e+00	5.517221e-07
1.500000000000001e+00	5.538402e-07
1.510000000000001e+00	5.559660e-07
1.520000000000001e+00	5.580879e-07
1.530000000000001e+00	5.601788e-07
1.540000000000001e+00	5.623151e-07
1.550000000000001e+00	5.644470e-07
1.560000000000001e+00	5.665714e-07
1.570000000000001e+00	5.687252e-07
1.580000000000001e+00	5.708374e-07
1.590000000000001e+00	5.729975e-07
1.600000000000001e+00	5.751239e-07
1.610000000000001e+00	5.772537e-07
1.620000000000001e+00	5.794195e-07
1.630000000000001e+00	5.815817e-07
1.640000000000001e+00	5.837447e-07
1.650000000000001e+00	5.859023e-07
1.660000000000001e+00	5.880842e-07
1.670000000000001e+00	5.902413e-07
1.680000000000001e+00	5.924713e-07
1.690000000000001e+00	5.946715e-07
1.700000000000001e+00	5.969187e-07
1.710000000000001e+00	5.992264e-07
1.720000000000001e+00	6.015698e-07
1.730000000000001e+00	6.040050e-07
1.740000000000001e+00	6.065760e-07
1.750000000000001e+00	6.093522e-07
1.760000000000001e+00	6.123897e-07
1.770000000000001e+00	6.158204e-07
1.780000000000001e+00	6.198430e-07
1.790000000000001e+00	6.247934e-07
1.800000000000001e+00	6.309523e-07
1.810000000000001e+00	6.389728e-07
1.820000000000001e+00	6.497839e-07
1.830000000000001e+00	6.646086e-07
1.840000000000001e+00	6.854488e-07
1.850000000000001e+00	7.151397e-07
1.860000000000001e+00	7.581465e-07
1.870000000000001e+00	8.207666e-07
1.880000000000001e+00	9.130628e-07
1.890000000000001e+00	1.050023e-06
1.900000000000001e+00	1.254601e-06
1.910000000000001e+00	1.561461e-06
1.920000000000001e+00	2.023407e-06
1.930000000000001e+00	2.719649e-06
1.940000000000002e+00	3.769076e-06
1.950000000000002e+00	5.349529e-06
1.960000000000002e+00	7.725438e-06
1.970000000000002e+00	1.129007e-05
1.980000000000002e+00	1.662657e-05
1.990000000000002e+00	2.459834e-05
2.000000000000001e+00	3.648236e-05
2.010000000000001e+00	5.416486e-05
2.020000000000001e+00	8.042872e-05
2.030000000000001e+00	1.193763e-04
2.040000000000000e+00	1.770490e-04
2.050000000000000e+00	2.623383e-04
2.060000000000000e+00	3.883186e-04
2.070000000000000e+00	5.742043e-04
2.080000000000000e+00	8.482141e-04
2.089999999999999e+00	1.251767e-03
2.099999999999999e+00	1.845616e-03
2.109999999999999e+00	2.718823e-03
2.119999999999999e+00	4.001845e-03
2.129999999999999e+00	5.885615e-03
2.139999999999998e+00	8.649267e-03
2.149999999999998e+00	1.270030e-02
2.159999999999998e+00	1.863240e-02
2.169999999999998e+00	2.730823e-02
2.179999999999997e+00	3.997626e-02
2.189999999999997e+00	5.843340e-02
2.199999999999997e+00	8.524523e-02
2.209999999999997e+00	1.240331e-01
2.219999999999997e+00	1.798257e-01
2.229999999999996e+00	2.594454e-01
2.239999999999996e+00	3.718520e-01
2.249999999999996e+00	5.282920e-01
2.259999999999996e+00	7.420350e-01
2.269999999999996e+00	1.027311e+00
2.279999999999995e+00	1.153526e+00
2.289999999999995e+00	1.182066e+00
2.299999999999995e+00	1.201522e+00
2.309999999999995e+00	1.218195e+00
2.319999999999995e+00	1.232682e+00
2.329999999999994e+00	1.245720e+00
2.339999999999994e+00	1.257609e+00
2.349999999999994e+00	1.268493e+00
2.359999999999994e+00	1.278521e+00
2.369999999999993e+00	1.287847e+00
2.379999999999993e+00	1.296614e+00
2.389999999999993e+00	1.304946e+00
2.399999999999993e+00	1.312944e+00
2.409999999999993e+00	1.320682e+00
2.419999999999992e+00	1.328210e+00
2.429999999999992e+00	1.335561e+00
2.439999999999992e+00	1.342754e+00
2.449999999999992e+00	1.349801e+00
2.459999999999992e+00	1.356708e+00
2.469999999999991e+00	1.363478e+00
2.479999999999991e+00	1.370117e+00
2.489999999999991e+00	1.376632e+00
2.499999999999991e+00	1.383036e+00
2.509999999999990e+00	1.389345e+00
2.519999999999990e+00	1.395582e+00
2.529999999999990e+00	1.401776e+00
2.539999999999990e+00	1.407959e+00
2.549999999999990e+00	1.414166e+00
2.559999999999989e+00	1.420434e+00
2.569999999999989e+00	1.426796e+00
2.579999999999989e+00	1.433278e+00
2.589999999999989e+00	1.439895e+00
2.599999999999989e+00	1.446652e+00
2.609999999999988e+00	1.453542e+00
2.619999999999988e+00	1.460550e+00
2.629999999999988e+00	1.467659e+00
2.639999999999988e+00	1.474846e+00
2.649999999999987e+00	1.482096e+00
2.659999999999987e+00	1.489392e+00
2.669999999999987e+00	1.496721e+00
2.679999999999987e+00	1.504075e+00
2.689999999999987e+00	1.511447e+00
2.699999999999986e+00	1.518831e+00
2.709999999999986e+00	1.526224e+00
2.719999999999986e+00	1.533623e+00
2.729999999999986e+00	1.541027e+00
2.739999999999986e+00	1.548434e+00
2.749999999999985e+00	1.555844e+00
2.759999999999985e+00	1.563255e+00
2.769999999999985e+00	1.570668e+00
2.779999999999985e+00	1.578082e+00
2.789999999999984e+00	1.585496e+00
2.799999999999984e+00	1.592912e+00
2.809999999999984e+00	1.600327e+00
2.819999999999984e+00	1.607744e+00
2.829999999999984e+00	1.615161e+00
2.839999999999983e+00	1.622578e+00
2.849999999999983e+00	1.629996e+00
2.859999999999983e+00	1.637414e+00
2.869999999999983e+00	1.644832e+00
2.879999999999983e+00	1.652251e+00
2.889999999999982e+00	1.659670e+00
2.899999999999982e+00	1.667090e+00
2.909999999999982e+00	1.674509e+00
2.919999999999982e+00	1.681930e+00
2.929999999999982e+00	1.689350e+00
2.939999999999981e+00	1.696771e+00
2.949999999999981e+00	1.704192e+00
2.959999999999981e+00	1.711613e+00
2.969999999999981e+00	1.719035e+00
2.979999999999980e+00	1.726457e+00
2.989999999999980e+00	1.733880e+00
2.999999999999980e+00	1.741302e+00
3.009999999999980e+00	1.748725e+00
3.019999999999980e+00	1.756148e+00
3.029999999999979e+00	1.763572e+00
3.039999999999979e+00	1.770996e+00
3.049999999999979e+00	1.778420e+00
3.059999999999979e+00	1.785844e+00
3.069999999999979e+00	1.793269e+00
3.079999999999978e+00	1.800694e+00
3.089999999999978e+00	1.808119e+00
3.099999999999978e+00	1.815545e+00
3.109999999999978e+00	1.822971e+00
3.119999999999977e+00	1.830397e+00
3.129999999999977e+00	1.837823e+00
3.139999999999977e+00	1.845250e+00
3.149999999999977e+00	1.852676e+00
3.159999999999977e+00	1.860103e+00
3.169999999999976e+00	1.867531e+00
3.179999999999976e+00	1.874958e+00
3.189999999999976e+00	1.882386e+00
3.199999999999976e+00	1.889814e+00
3.209999999999976e+00	1.897243e+00
3.219999999999975e+00	1.904671e+00
3.229999999999975e+00	1.912100e+00
3.239999999999975e+00	1.919529e+00
3.249999999999975e+00	1.926958e+00
3.259999999999974e+00	1.934388e+00
3.269999999999974e+00	1.941818e+00
3.279999999999974e+00	1.949248e+00
3.289999999999974e+00	1.956678e+00
3.299999999999974e+00	1.964108e+00
3.309999999999973e+00	1.971539e+00
3.319999999999973e+00	1.978970e+00
3.329999999999973e+00	1.986401e+00
3.339999999999973e+00	1.993832e+00
3.349999999999973e+00	2.001264e+00
3.359999999999972e+00	2.008695e+00
3.369999999999972e+00	2.016127e+00
3.379999999999972e+00	2.023559e+00
3.389999999999972e+00	2.030992e+00
3.399999999999971e+00	2.038424e+00
3.409999999999971e+00	2.045857e+00
3.419999999999971e+00	2.053290e+00
3.429999999999971e+00	2.060723e+00
3.439999999999971e+00	2.068156e+00
3.449999999999970e+00	2.075590e+00
3.459999999999970e+00	2.083024e+00
3.469999999999970e+00	2.090458e+00
3.479999999999970e+00	2.097892e+00
3.489999999999970e+00	2.105326e+00
3.499999999999969e+00	2.112761e+00
3.509999999999969e+00	2.120195e+00
3.519999999999969e+00	2.127630e+00
3.529999999999969e+00	2.135065e+00
3.539999999999969e+00	2.142500e+00
3.549999999999968e+00	2.149935e+00
3.559999999999968e+00	2.157371e+00
3.569999999999968e+00	2.164807e+00
3.579999999999968e+00	2.172243e+00
3.589999999999967e+00	2.179679e+00
3.599999999999967e+00	2.187115e+00
3.609999999999967e+00	2.194551e+00
3.619999999999967e+00	2.201988e+00
3.629999999999967e+00	2.209425e+00
3.639999999999966e+00	2.216862e+00
3.649999999999966e+00	2.224299e+00
3.659999999999966e+00	2.231736e+00
3.669999999999966e+00	2.239173e+00
3.679999999999966e+00	2.246611e+00
3.689999999999965e+00	2.254049e+00
3.699999999999965e+00	2.261486e+00
3.709999999999965e+00	2.268924e+00
3.719999999999965e+00	2.276362e+00
3.729999999999964e+00	2.283801e+00
3.739999999999964e+00	2.291239e+00
3.749999999999964e+00	2.298678e+00
3.759999999999964e+00	2.306117e+00
3.769999999999964e+00	2.313555e+00
3.779999999999963e+00	2.320994e+00
3.789999999999963e+00	2.328434e+00
3.799999999999963e+00	2.335873e+00
3.809999999999963e+00	2.343312e+00
3.819999999999963e+00	2.350752e+00
3.829999999999962e+00	2.358191e+00
3.839999999999962e+00	2.365631e+00
3.849999999999962e+00	2.373071e+00
3.859999999999962e+00	2.380512e+00
3.869999999999961e+00	2.387952e+00
3.879999999999961e+00	2.395392e+00
3.889999999999961e+00	2.402833e+00
3.899999999999961e+00	2.410273e+00
3.909999999999961e+00	2.417714e+00
3.919999999999960e+00	2.425155e+00
3.929999999999960e+00	2.432596e+00
3.939999999999960e+00	2.440037e+00
3.949999999999960e+00	2.447478e+00
3.959999999999960e+00	2.454920e+00
3.969999999999959e+00	2.462361e+00
3.979999999999959e+00	2.469803e+00
3.989999999999959e+00	2.477245e+00
3.999999999999959e+00	2.484686e+00
4.009999999999959e+00	2.492128e+00
4.019999999999959e+00	2.499571e+00
4.029999999999959e+00	2.507013e+00
4.039999999999958e+00	2.514455e+00
4.049999999999958e+00	2.521898e+00
4.059999999999958e+00	2.529340e+00
4.069999999999958e+00	2.536783e+00
4.079999999999957e+00	2.544225e+00
4.089999999999957e+00	2.551668e+00
4.099999999999957e+00	2.559111e+00
4.109999999999957e+00	2.566554e+00
4.119999999999957e+00	2.573997e+00
4.129999999999956e+00	2.581441e+00
4.139999999999956e+00	2.588884e+00
4.149999999999956e+00	2.596328e+00
4.159999999999956e+00	2.603771e+00
4.169999999999956e+00	2.611215e+00
4.179999999999955e+00	2.618659e+00
4.189999999999955e+00	2.626103e+00
4.199999999999955e+00	2.633547e+00
4.209999999999955e+00	2.640991e+00
4.219999999999954e+00	2.648435e+00
4.229999999999954e+00	2.655879e+00
4.239999999999954e+00	2.663324e+00
4.249999999999954e+00	2.670768e+00
4.259999999999954e+00	2.678213e+00
4.269999999999953e+00	2.685658e+00
4.279999999999953e+00	2.693102e+00
4.289999999999953e+00	2.700547e+00
4.299999999999953e+00	2.707992e+00
4.309999999999953e+00	2.715437e+00
4.319999999999952e+00	2.722882e+00
4.329999999999952e+00	2.730327e+00
4.339999999999952e+00	2.737772e+00
4.349999999999952e+00	2.745218e+00
4.359999999999951e+00	2.752663e+00
4.369999999999951e+00	2.760109e+00
4.379999999999951e+00	2.767555e+00
4.389999999999951e+00	2.775000e+00
4.399999999999951e+00	2.782446e+00
4.409999999999950e+00	2.789892e+00
4.419999999999950e+00	2.797338e+00
4.429999999999950e+00	2.804784e+00
4.439999999999950e+00	2.812230e+00
4.449999999999950e+00	2.819676e+00
4.459999999999949e+00	2.827122e+00
4.469999999999949e+00	2.834569e+00
4.479999999999949e+00	2.842015e+00
4.489999999999949e+00	2.849462e+00
4.499999999999948e+00	2.856908e+00
4.509999999999948e+00	2.864355e+00
4.519999999999948e+00	2.871802e+00
4.529999999999948e+00	2.879248e+00
4.539999999999948e+00	2.886695e+00
4.549999999999947e+00	2.894142e+00
4.559999999999947e+00	2.901589e+00
4.569999999999947e+00	2.909036e+00
4.579999999999947e+00	2.916483e+00
4.589999999999947e+00	2.923931e+00
4.599999999999946e+00	2.931378e+00
4.609999999999946e+00	2.938825e+00
4.619999999999946e+00	2.946273e+00
4.629999999999946e+00	2.953720e+00
4.639999999999946e+00	2.961168e+00
4.649999999999945e+00	2.968615e+00
4.659999999999945e+00	2.976063e+00
4.669999999999945e+00	2.983511e+00
4.679999999999945e+00	2.990958e+00
4.689999999999944e+00	2.998406e+00
4.699999999999944e+00	3.005854e+00
4.709999999999944e+00	3.013302e+00
4.719999999999944e+00	3.020750e+00
4.729999999999944e+00	3.028198e+00
4.739999999999943e+00	3.035646e+00
4.749999999999943e+00	3.043095e+00
4.759999999999943e+00	3.050543e+00
4.769999999999943e+00	3.057992e+00
4.779999999999943e+00	3.065440e+00
4.789999999999942e+00	3.072888e+00
4.799999999999942e+00	3.080337e+00
4.809999999999942e+00	3.087785e+00
4.819999999999942e+00	3.095234e+00
4.829999999999941e+00	3.102683e+00
4.839999999999941e+00	3.110132e+00
4.849999999999941e+00	3.117580e+00
4.859999999999941e+00	3.125029e+00
4.869999999999941e+00	3.132478e+00
4.879999999999940e+00	3.139927e+00
4.889999999999940e+00	3.147376e+00
4.899999999999940e+00	3.154825e+00
4.909999999999940e+00	3.162274e+00
4.919999999999940e+00	3.169723e+00
4.929999999999939e+00	3.177173e+00
4.939999999999939e+00	3.184622e+00
4.949999999999939e+00	3.192071e+00
4.959999999999939e+00	3.199521e+00
4.969999999999938e+00	3.206970e+00
4.979999999999938e+00	3.214419e+00
4.989999999999938e+00	3.221869e+00
4.999999999999938e+00	3.229318e+00
5.009999999999938e+00	3.236768e+00
5.019999999999937e+00	3.244218e+00
5.029999999999937e+00	3.251667e+00
5.039999999999937e+00	3.259117e+00
5.049999999999937e+00	3.266567e+00
5.059999999999937e+00	3.274017e+00
5.069999999999936e+00	3.281467e+00
5.079999999999936e+00	3.288917e+00
5.089999999999936e+00	3.296366e+00
5.099999999999936e+00	3.303817e+00
5.109999999999935e+00	3.311266e+00
5.119999999999935e+00	3.318717e+00
5.129999999999935e+00	3.326167e+00
5.139999999999935e+00	3.333617e+00
5.149999999999935e+00	3.341067e+00
5.159999999999934e+00	3.348517e+00
5.169999999999934e+00	3.355968e+00
5.179999999999934e+00	3.363418e+00
5.189999999999934e+00	3.370868e+00
5.199999999999934e+00	3.378319e+00
5.209999999999933e+00	3.385769e+00
5.219999999999933e+00	3.393220e+00
5.229999999999933e+00	3.400670e+00
5.239999999999933e+00	3.408121e+00
5.249999999999932e+00	3.415571e+00
5.259999999999932e+00	3.423022e+00
5.269999999999932e+00	3.430473e+00
5.279999999999932e+00	3.437923e+00
5.289999999999932e+00	3.445374e+00
5.299999999999931e+00	3.452825e+00
5.309999999999931e+00	3.460276e+00
5.319999999999931e+00	3.467727e+00
5.329999999999931e+00	3.475178e+00
5.339999999999931e+00	3.482628e+00
5.349999999999930e+00	3.490079e+00
5.359999999999930e+00	3.497530e+00
5.369999999999930e+00	3.504981e+00
5.379999999999930e+00	3.512432e+00
5.389999999999930e+00	3.519883e+00
5.399999999999929e+00	3.527335e+00
5.409999999999929e+00	3.534786e+00
5.419999999999929e+00	3.542237e+00
5.429999999999929e+00	3.549688e+00
5.439999999999928e+00	3.557139e+00
5.449999999999928e+00	3.564591e+00
5.459999999999928e+00	3.572042e+00
5.469999999999928e+00	3.579493e+00
5.479999999999928e+00	3.586945e+00
5.489999999999927e+00	3.594396e+00
5.499999999999927e+00	3.601847e+00
5.509999999999927e+00	3.609299e+00
5.519999999999927e+00	3.616750e+00
5.529999999999927e+00	3.624202e+00
5.539999999999926e+00	3.631653e+00
5.549999999999926e+00	3.639105e+00
5.559999999999926e+00	3.646556e+00
5.569999999999926e+00	3.654008e+00
5.579999999999925e+00	3.661460e+00
5.589999999999925e+00	3.668911e+00
5.599999999999925e+00	3.676363e+00
5.609999999999925e+00	3.683815e+00
5.619999999999925e+00	3.691267e+00
5.629999999999924e+00	3.698718e+00
5.639999999999924e+00	3.706170e+00
5.649999999999924e+00	3.713622e+00
5.659999999999924e+00	3.721074e+00
5.669999999999924e+00	3.728526e+00
5.679999999999923e+00	3.735977e+00
5.689999999999923e+00	3.743429e+00
5.699999999999923e+00	3.750881e+00
5.709999999999923e+00	3.758333e+00
5.719999999999922e+00	3.765785e+00
5.729999999999922e+00	3.773237e+00
5.739999999999922e+00	3.780689e+00
5.749999999999922e+00	3.788141e+00
5.759999999999922e+00	3.795593e+00
5.769999999999921e+00	3.803045e+00
5.779999999999921e+00	3.810498e+00
5.789999999999921e+00	3.817950e+00
5.799999999999921e+00	3.825402e+00
5.809999999999921e+00	3.832854e+00
5.819999999999920e+00	3.840306e+00
5.829999999999920e+00	3.847758e+00
5.839999999999920e+00	3.855211e+00
5.849999999999920e+00	3.862663e+00
5.859999999999919e+00	3.870115e+00
5.869999999999919e+00	3.877567e+00
5.879999999999919e+00	3.885020e+00
5.889999999999919e+00	3.892472e+00
5.899999999999919e+00	3.899924e+00
5.909999999999918e+00	3.907377e+00
5.919999999999918e+00	3.914829e+00
5.929999999999918e+00	3.922281e+00
5.939999999999918e+00	3.929734e+00
5.949999999999918e+00	3.937186e+00
5.959999999999917e+00	3.944638e+00
5.969999999999917e+00	3.952091e+00
5.979999999999917e+00	3.959543e+00
5.989999999999917e+00	3.966996e+00
5.999999999999917e+00	3.974448e+00
6.009999999999916e+00	3.981901e+00
6.019999999999916e+00	3.989353e+00
6.029999999999916e+00	3.996806e+00
6.039999999999916e+00	4.004259e+00
6.049999999999915e+00	4.011711e+00
6.059999999999915e+00	4.019164e+00
6.069999999999915e+00	4.026617e+00
6.079999999999915e+00	4.034069e+00
6.089999999999915e+00	4.041522e+00
6.099999999999914e+00	4.048975e+00
6.109999999999914e+00	4.056427e+00
6.119999999999914e+00	4.063879e+00
6.129999999999914e+00	4.071332e+00
6.139999999999914e+00	4.078785e+00
6.149999999999913e+00	4.086238e+00
6.159999999999913e+00	4.093690e+00
6.169999999999913e+00	4.101143e+00
6.179999999999913e+00	4.108596e+00
6.189999999999912e+00	4.116049e+00
6.199999999999912e+00	4.123501e+00
6.209999999999912e+00	4.130954e+00
6.219999999999912e+00	4.138407e+00
6.229999999999912e+00	4.145860e+00
6.239999999999911e+00	4.153313e+00
6.249999999999911e+00	4.160766e+00
6.259999999999911e+00	4.168219e+00
6.269999999999911e+00	4.175671e+00
6.279999999999911e+00	4.183124e+00
6.289999999999910e+00	4.190577e+00
6.299999999999910e+00	4.198030e+00
6.309999999999910e+00	4.205483e+00
6.319999999999910e+00	4.212936e+00
6.329999999999909e+00	4.220389e+00
6.339999999999909e+00	4.227841e+00
6.349999999999909e+00	4.235294e+00
6.359999999999909e+00	4.242747e+00
6.369999999999909e+00	4.250200e+00
6.379999999999908e+00	4.257653e+00
6.389999999999908e+00	4.265106e+00
6.399999999999908e+00	4.272559e+00
6.409999999999908e+00	4.280012e+00
6.419999999999908e+00	4.287466e+00
6.429999999999907e+00	4.294919e+00
6.439999999999907e+00	4.302372e+00
6.449999999999907e+00	4.309824e+00
6.459999999999907e+00	4.317277e+00
6.469999999999906e+00	4.324730e+00
6.479999999999906e+00	4.332183e+00
6.489999999999906e+00	4.339637e+00
6.499999999999906e+00	4.347090e+00
6.509999999999906e+00	4.354543e+00
6.519999999999905e+00	4.361996e+00
6.529999999999905e+00	4.369449e+00
6.539999999999905e+00	4.376902e+00
6.549999999999905e+00	4.384355e+00
6.559999999999905e+00	4.391808e+00
6.569999999999904e+00	4.399261e+00
6.579999999999904e+00	4.406714e+00
6.589999999999904e+00	4.414167e+00
6.599999999999904e+00	4.421620e+00
6.609999999999904e+00	4.429074e+00
6.619999999999903e+00	4.436527e+00
6.629999999999903e+00	4.443980e+00
6.639999999999903e+00	4.451433e+00
6.649999999999903e+00	4.458886e+00
6.659999999999902e+00	4.466339e+00
6.669999999999902e+00	4.473792e+00
6.679999999999902e+00	4.481246e+00
6.689999999999902e+00	4.488698e+00
6.699999999999902e+00	4.496151e+00
6.709999999999901e+00	4.503604e+00
6.719999999999901e+00	4.511058e+00
6.729999999999901e+00	4.518511e+00
6.739999999999901e+00	4.525964e+00
6.749999999999901e+00	4.533417e+00
6.759999999999900e+00	4.540870e+00
6.769999999999900e+00	4.548323e+00
6.779999999999900e+00	4.555776e+00
6.789999999999900e+00	4.563229e+00
6.799999999999899e+00	4.570682e+00
6.809999999999899e+00	4.578134e+00
6.819999999999899e+00	4.585587e+00
6.829999999999899e+00	4.593040e+00
6.839999999999899e+00	4.600492e+00
6.849999999999898e+00	4.607944e+00
6.859999999999898e+00	4.615397e+00
6.869999999999898e+00	4.622849e+00
6.879999999999898e+00	4.630301e+00
6.889999999999898e+00	4.637753e+00
6.899999999999897e+00	4.645205e+00
6.909999999999897e+00	4.652656e+00
6.919999999999897e+00	4.660107e+00
6.929999999999897e+00	4.667558e+00
6.939999999999896e+00	4.675008e+00
6.949999999999896e+00	4.682458e+00
6.959999999999896e+00	4.689908e+00
6.969999999999896e+00	4.697357e+00
6.979999999999896e+00	4.704805e+00
6.989999999999895e+00	4.712253e+00
6.999999999999895e+00	4.719700e+00
7.009999999999895e+00	4.727146e+00
7.019999999999895e+00	4.734590e+00
7.029999999999895e+00	4.742033e+00
7.039999999999894e+00	4.749475e+00
7.049999999999894e+00	4.756915e+00
7.059999999999894e+00	4.764353e+00
7.069999999999894e+00	4.771789e+00
7.079999999999893e+00	4.779222e+00
7.089999999999893e+00	4.786653e+00
7.099999999999893e+00	4.794079e+00
7.109999999999893e+00	4.801502e+00
7.119999999999893e+00	4.808919e+00
7.129999999999892e+00	4.816332e+00
7.139999999999892e+00	4.823739e+00
7.149999999999892e+00	4.831139e+00
7.159999999999892e+00	4.838530e+00
7.169999999999892e+00	4.845913e+00
7.179999999999891e+00	4.853284e+00
7.189999999999891e+00	4.860644e+00
7.199999999999891e+00	4.867990e+00
7.209999999999891e+00	4.875319e+00
7.219999999999891e+00	4.882630e+00
7.229999999999890e+00	4.889919e+00
7.239999999999890e+00	4.897183e+00
7.249999999999890e+00	4.904418e+00
7.259999999999890e+00	4.911618e+00
7.269999999999889e+00	4.918778e+00
7.279999999999889e+00	4.925889e+00
7.289999999999889e+00	4.932944e+00
7.299999999999889e+00	4.939929e+00
7.309999999999889e+00	4.946829e+00
7.319999999999888e+00	4.953624e+00
7.329999999999888e+00	4.960289e+00
7.339999999999888e+00	4.966791e+00
7.349999999999888e+00	4.973083e+00
7.359999999999888e+00	4.979109e+00
7.369999999999887e+00	4.984796e+00
7.379999999999887e+00	4.990057e+00
7.389999999999887e+00	4.994799e+00
7.399999999999887e+00	4.998934e+00
7.409999999999886e+00	5.002405e+00
7.419999999999886e+00	5.005206e+00
7.429999999999886e+00	5.007382e+00
7.439999999999886e+00	5.009021e+00
7.449999999999886e+00	5.010224e+00
7.459999999999885e+00	5.011094e+00
7.469999999999885e+00	5.011714e+00
7.479999999999885e+00	5.012155e+00
7.489999999999885e+00	5.012468e+00
7.499999999999885e+00	5.012691e+00
7.509999999999884e+00	5.012850e+00
7.519999999999884e+00	5.012966e+00
7.529999999999884e+00	5.013052e+00
7.539999999999884e+00	5.013116e+00
7.549999999999883e+00	5.013165e+00
7.559999999999883e+00	5.013205e+00
7.569999999999883e+00	5.013237e+00
7.579999999999883e+00	5.013264e+00
7.589999999999883e+00	5.013288e+00
7.599999999999882e+00	5.013310e+00
7.609999999999882e+00	5.013330e+00
7.619999999999882e+00	5.013349e+00
7.629999999999882e+00	5.013367e+00
7.639999999999882e+00	5.013384e+00
7.649999999999881e+00	5.013402e+00
7.659999999999881e+00	5.013419e+00
7.669999999999881e+00	5.013435e+00
7.679999999999881e+00	5.013452e+00
7.689999999999880e+00	5.013468e+00
7.699999999999880e+00	5.013485e+00
7.709999999999880e+00	5.013501e+00
7.719999999999880e+00	5.013518e+00
7.729999999999880e+00	5.013534e+00
7.739999999999879e+00	5.013550e+00
7.749999999999879e+00	5.013566e+00
7.759999999999879e+00	5.013583e+00
7.769999999999879e+00	5.013599e+00
7.779999999999879e+00	5.013615e+00
7.789999999999878e+00	5.013632e+00
7.799999999999878e+00	5.013648e+00
7.809999999999878e+00	5.013664e+00
7.819999999999878e+00	5.013680e+00
7.829999999999878e+00	5.013697e+00
7.839999999999877e+00	5.013713e+00
7.849999999999877e+00	5.013729e+00
7.859999999999877e+00	5.013745e+00
7.869999999999877e+00	5.013762e+00
7.879999999999876e+00	5.013778e+00
7.889999999999876e+00	5.013794e+00
7.899999999999876e+00	5.013810e+00
7.909999999999876e+00	5.013826e+00
7.919999999999876e+00	5.013843e+00
7.929999999999875e+00	5.013858e+00
7.939999999999875e+00	5.013875e+00
7.949999999999875e+00	5.013891e+00
7.959999999999875e+00	5.013907e+00
7.969999999999875e+00	5.013923e+00
7.979999999999874e+00	5.013939e+00
7.989999999999874e+00	5.013956e+00
7.999999999999874e+00	5.013972e+00
8.009999999999874e+00	5.013988e+00
8.019999999999873e+00	5.014004e+00
8.029999999999873e+00	5.014020e+00
8.039999999999873e+00	5.014036e+00
8.049999999999873e+00	5.014052e+00
8.059999999999873e+00	5.014069e+00
8.069999999999872e+00	5.014084e+00
8.079999999999872e+00	5.014101e+00
8.089999999999872e+00	5.014117e+00
8.099999999999872e+00	5.014133e+00
8.109999999999872e+00	5.014149e+00
8.119999999999871e+00	5.014165e+00
8.129999999999871e+00	5.014181e+00
8.139999999999871e+00	5.014197e+00
8.149999999999871e+00	5.014213e+00
8.159999999999870e+00	5.014229e+00
8.169999999999870e+00	5.014246e+00
8.179999999999870e+00	5.014261e+00
8.189999999999870e+00	5.014277e+00
8.199999999999870e+00	5.014294e+00
8.209999999999869e+00	5.014309e+00
8.219999999999869e+00	5.014326e+00
8.229999999999869e+00	5.014342e+00
8.239999999999869e+00	5.014358e+00
8.249999999999869e+00	5.014374e+00
8.259999999999868e+00	5.014390e+00
8.269999999999868e+00	5.014406e+00
8.279999999999868e+00	5.014422e+00
8.289999999999868e+00	5.014438e+00
8.299999999999867e+00	5.014454e+00
8.309999999999867e+00	5.014470e+00
8.319999999999867e+00	5.014486e+00
8.329999999999867e+00	5.014502e+00
8.339999999999867e+00	5.014518e+00
8.349999999999866e+00	5.014534e+00
8.359999999999866e+00	5.014550e+00
8.369999999999866e+00	5.014566e+00
8.379999999999866e+00	5.014582e+00
8.389999999999866e+00	5.014598e+00
8.399999999999865e+00	5.014614e+00
8.409999999999865e+00	5.014630e+00
8.419999999999865e+00	5.014646e+00
8.429999999999865e+00	5.014662e+00
8.439999999999864e+00	5.014678e+00
8.449999999999864e+00	5.014693e+00
8.459999999999864e+00	5.014709e+00
8.469999999999864e+00	5.014725e+00
8.479999999999864e+00	5.014741e+00
8.489999999999863e+00	5.014757e+00
8.499999999999863e+00	5.014773e+00
8.509999999999863e+00	5.014789e+00
8.519999999999863e+00	5.014805e+00
8.529999999999863e+00	5.014821e+00
8.539999999999862e+00	5.014837e+00
8.549999999999862e+00	5.014853e+00
8.559999999999862e+00	5.014868e+00
8.569999999999862e+00	5.014884e+00
8.579999999999862e+00	5.014900e+00
8.589999999999861e+00	5.014916e+00
8.599999999999861e+00	5.014932e+00
8.609999999999861e+00	5.014948e+00
8.619999999999861e+00	5.014964e+00
8.629999999999860e+00	5.014980e+00
8.639999999999860e+00	5.014996e+00
8.649999999999860e+00	5.015011e+00
8.659999999999860e+00	5.015027e+00
8.669999999999860e+00	5.015043e+00
8.679999999999859e+00	5.015059e+00
8.689999999999859e+00	5.015075e+00
8.699999999999859e+00	5.015090e+00
8.709999999999859e+00	5.015106e+00
8.719999999999859e+00	5.015122e+00
8.729999999999858e+00	5.015138e+00
8.739999999999858e+00	5.015154e+00
8.749999999999858e+00	5.015170e+00
8.759999999999858e+00	5.015185e+00
8.769999999999857e+00	5.015201e+00
8.779999999999857e+00	5.015217e+00
8.789999999999857e+00	5.015233e+00
8.799999999999857e+00	5.015248e+00
8.809999999999857e+00	5.015265e+00
8.819999999999856e+00	5.015280e+00
8.829999999999856e+00	5.015296e+00
8.839999999999856e+00	5.015312e+00
8.849999999999856e+00	5.015327e+00
8.859999999999856e+00	5.015343e+00
8.869999999999855e+00	5.015359e+00
8.879999999999855e+00	5.015375e+00
8.889999999999855e+00	5.015390e+00
8.899999999999855e+00	5.015406e+00
8.909999999999854e+00	5.015422e+00
8.919999999999854e+00	5.015438e+00
8.929999999999854e+00	5.015453e+00
8.939999999999854e+00	5.015469e+00
8.949999999999854e+00	5.015485e+00
8.959999999999853e+00	5.015501e+00
8.969999999999853e+00	5.015516e+00
8.979999999999853e+00	5.015532e+00
8.989999999999853e+00	5.015548e+00
8.999999999999853e+00	5.015563e+00
9.009999999999852e+00	5.015579e+00
9.019999999999852e+00	5.015594e+00
9.029999999999852e+00	5.015610e+00
9.039999999999852e+00	5.015626e+00
9.049999999999851e+00	5.015642e+00
9.059999999999851e+00	5.015657e+00
9.069999999999851e+00	5.015673e+00
9.079999999999851e+00	5.015689e+00
9.089999999999851e+00	5.015704e+00
9.099999999999850e+00	5.015720e+00
9.109999999999850e+00	5.015736e+00
9.119999999999850e+00	5.015751e+00
9.129999999999850e+00	5.015767e+00
9.139999999999850e+00	5.015783e+00
9.149999999999849e+00	5.015798e+00
9.159999999999849e+00	5.015814e+00
9.169999999999849e+00	5.015830e+00
9.179999999999849e+00	5.015845e+00
9.189999999999849e+00	5.015861e+00
9.199999999999848e+00	5.015876e+00
9.209999999999848e+00	5.015892e+00
9.219999999999848e+00	5.015908e+00
9.229999999999848e+00	5.015923e+00
9.239999999999847e+00	5.015939e+00
9.249999999999847e+00	5.015954e+00
9.259999999999847e+00	5.015970e+00
9.269999999999847e+00	5.015985e+00
9.279999999999847e+00	5.016001e+00
9.289999999999846e+00	5.016016e+00
9.299999999999846e+00	5.016032e+00
9.309999999999846e+00	5.016048e+00
9.319999999999846e+00	5.016063e+00
9.329999999999846e+00	5.016079e+00
9.339999999999845e+00	5.016094e+00
9.349999999999845e+00	5.016110e+00
9.359999999999845e+00	5.016126e+00
9.369999999999845e+00	5.016141e+00
9.379999999999844e+00	5.016157e+00
9.389999999999844e+00	5.016172e+00
9.399999999999844e+00	5.016188e+00
9.409999999999844e+00	5.016203e+00
9.419999999999844e+00	5.016219e+00
9.429999999999843e+00	5.016234e+00
9.439999999999843e+00	5.016250e+00
9.449999999999843e+00	5.016265e+00
9.459999999999843e+00	5.016281e+00
9.469999999999843e+00	5.016296e+00
9.479999999999842e+00	5.016312e+00
9.489999999999842e+00	5.016327e+00
9.499999999999842e+00	5.016343e+00
9.509999999999842e+00	5.016358e+00
9.519999999999841e+00	5.016374e+00
9.529999999999841e+00	5.016389e+00
9.539999999999841e+00	5.016405e+00
9.549999999999841e+00	5.016420e+00
9.559999999999841e+00	5.016436e+00
9.569999999999840e+00	5.016451e+00
9.579999999999840e+00	5.016467e+00
9.589999999999840e+00	5.016482e+00
9.599999999999840e+00	5.016497e+00
9.609999999999840e+00	5.016513e+00
9.619999999999839e+00	5.016528e+00
9.629999999999839e+00	5.016543e+00
9.639999999999839e+00	5.016559e+00
9.649999999999839e+00	5.016574e+00
9.659999999999838e+00	5.016590e+00
9.669999999999838e+00	5.016605e+00
9.679999999999838e+00	5.016621e+00
9.689999999999838e+00	5.016636e+00
9.699999999999838e+00	5.016652e+00
9.709999999999837e+00	5.016667e+00
9.719999999999837e+00	5.016682e+00
9.729999999999837e+00	5.016698e+00
9.739999999999837e+00	5.016713e+00
9.749999999999837e+00	5.016728e+00
9.759999999999836e+00	5.016744e+00
9.769999999999836e+00	5.016759e+00
9.779999999999836e+00	5.016775e+00
9.789999999999836e+00	5.016790e+00
9.799999999999836e+00	5.016805e+00
9.809999999999835e+00	5.016820e+00
9.819999999999835e+00	5.016836e+00
9.829999999999835e+00	5.016851e+00
9.839999999999835e+00	5.016867e+00
9.849999999999834e+00	5.016882e+00
9.859999999999834e+00	5.016897e+00
9.869999999999834e+00	5.016912e+00
9.879999999999834e+00	5.016928e+00
9.889999999999834e+00	5.016943e+00
9.899999999999833e+00	5.016959e+00
9.909999999999833e+00	5.016974e+00
9.919999999999833e+00	5.016989e+00
9.929999999999833e+00	5.017004e+00
9.939999999999833e+00	5.017020e+00
9.949999999999832e+00	5.017035e+00
9.959999999999832e+00	5.017050e+00
9.969999999999832e+00	5.017066e+00
9.979999999999832e+00	5.017081e+00
9.989999999999831e+00	5.017097e+00
9.999999999999831e+00	5.017112e+00
1.000999999999983e+01	5.017127e+00
1.001999999999983e+01	5.017142e+00
1.002999999999983e+01	5.017158e+00
1.003999999999983e+01	5.017173e+00
1.004999999999983e+01	5.017188e+00
1.005999999999983e+01	5.017203e+00
1.006999999999983e+01	5.017219e+00
1.007999999999983e+01	5.017234e+00
1.008999999999983e+01	5.017249e+00
1.009999999999983e+01	5.017264e+00
1.010999999999983e+01	5.017279e+00
1.011999999999983e+01	5.017294e+00
1.012999999999983e+01	5.017310e+00
1.013999999999983e+01	5.017325e+00
1.014999999999983e+01	5.017340e+00
1.015999999999983e+01	5.017355e+00
1.016999999999983e+01	5.017371e+00
1.017999999999983e+01	5.017386e+00
1.018999999999983e+01	5.017401e+00
1.019999999999983e+01	5.017416e+00
1.020999999999983e+01	5.017431e+00
1.021999999999983e+01	5.017447e+00
1.022999999999983e+01	5.017462e+00
1.023999999999983e+01	5.017477e+00
1.024999999999983e+01	5.017492e+00
1.025999999999983e+01	5.017508e+00
1.026999999999983e+01	5.017522e+00
1.027999999999983e+01	5.017538e+00
1.028999999999983e+01	5.017553e+00
1.029999999999982e+01	5.017568e+00
1.030999999999982e+01	5.017583e+00
1.031999999999982e+01	5.017598e+00
1.032999999999982e+01	5.017613e+00
1.033999999999982e+01	5.017629e+00
1.034999999999982e+01	5.017644e+00
1.035999999999982e+01	5.017659e+00
1.036999999999982e+01	5.017674e+00
1.037999999999982e+01	5.017689e+00
1.038999999999982e+01	5.017704e+00
1.039999999999982e+01	5.017719e+00
1.040999999999982e+01	5.017735e+00
1.041999999999982e+01	5.017750e+00
1.042999999999982e+01	5.017765e+00
1.043999999999982e+01	5.017780e+00
1.044999999999982e+01	5.017795e+00
1.045999999999982e+01	5.017810e+00
1.046999999999982e+01	5.017825e+00
1.047999999999982e+01	5.017840e+00
1.048999999999982e+01	5.017855e+00
1.049999999999982e+01	5.017870e+00
1.050999999999982e+01	5.017885e+00
1.051999999999982e+01	5.017900e+00
1.052999999999982e+01	5.017916e+00
1.053999999999982e+01	5.017931e+00
1.054999999999982e+01	5.017946e+00
1.055999999999982e+01	5.017961e+00
1.056999999999982e+01	5.017976e+00
1.057999999999982e+01	5.017991e+00
1.058999999999982e+01	5.018006e+00
1.059999999999982e+01	5.018021e+00
1.060999999999982e+01	5.018036e+00
1.061999999999982e+01	5.018051e+00
1.062999999999982e+01	5.018066e+00
1.063999999999982e+01	5.018081e+00
1.064999999999982e+01	5.018096e+00
1.065999999999982e+01	5.018111e+00
1.066999999999982e+01	5.018126e+00
1.067999999999982e+01	5.018141e+00
1.068999999999982e+01	5.018156e+00
1.069999999999982e+01	5.018171e+00
1.070999999999982e+01	5.018186e+00
1.071999999999982e+01	5.018201e+00
1.072999999999982e+01	5.018216e+00
1.073999999999982e+01	5.018231e+00
1.074999999999982e+01	5.018246e+00
1.075999999999982e+01	5.018261e+00
1.076999999999981e+01	5.018276e+00
1.077999999999981e+01	5.018291e+00
1.078999999999981e+01	5.018306e+00
1.079999999999981e+01	5.018321e+00
1.080999999999981e+01	5.018336e+00
1.081999999999981e+01	5.018351e+00
1.082999999999981e+01	5.018366e+00
1.083999999999981e+01	5.018381e+00
1.084999999999981e+01	5.018395e+00
1.085999999999981e+01	5.018411e+00
1.086999999999981e+01	5.018425e+00
1.087999999999981e+01	5.018440e+00
1.088999999999981e+01	5.018455e+00
1.089999999999981e+01	5.018470e+00
1.090999999999981e+01	5.018485e+00
1.091999999999981e+01	5.018500e+00
1.092999999999981e+01	5.018515e+00
1.093999999999981e+01	5.018530e+00
1.094999999999981e+01	5.018545e+00
1.095999999999981e+01	5.018559e+00
1.096999999999981e+01	5.018575e+00
1.097999999999981e+01	5.018589e+00
1.098999999999981e+01	5.018604e+00
1.099999999999981e+01	5.018619e+00
1.100999999999981e+01	5.018634e+00
1.101999999999981e+01	5.018649e+00
1.102999999999981e+01	5.018664e+00
1.103999999999981e+01	5.018679e+00
1.104999999999981e+01	5.018693e+00
1.105999999999981e+01	5.018708e+00
1.106999999999981e+01	5.018723e+00
1.107999999999981e+01	5.018738e+00
1.108999999999981e+01	5.018753e+00
1.109999999999981e+01	5.018768e+00
1.110999999999981e+01	5.018783e+00
1.111999999999981e+01	5.018797e+00
1.112999999999981e+01	5.018812e+00
1.113999999999981e+01	5.018827e+00
1.114999999999981e+01	5.018842e+00
1.115999999999981e+01	5.018857e+00
1.116999999999981e+01	5.018872e+00
1.117999999999981e+01	5.018887e+00
1.118999999999981e+01	5.018901e+00
1.119999999999981e+01	5.018916e+00
1.120999999999981e+01	5.018931e+00
1.121999999999981e+01	5.018946e+00
1.122999999999981e+01	5.018960e+00
1.123999999999980e+01	5.018975e+00
1.124999999999980e+01	5.018990e+00
1.125999999999980e+01	5.019005e+00
1.126999999999980e+01	5.019020e+00
1.127999999999980e+01	5.019034e+00
1.128999999999980e+01	5.019049e+00
1.129999999999980e+01	5.019064e+00
1.130999999999980e+01	5.019079e+00
1.131999999999980e+01	5.019094e+00
1.132999999999980e+01	5.019108e+00
1.133999999999980e+01	5.019123e+00
1.134999999999980e+01	5.019138e+00
1.135999999999980e+01	5.019153e+00
1.136999999999980e+01	5.019167e+00
1.137999999999980e+01	5.019182e+00
1.138999999999980e+01	5.019197e+00
1.139999999999980e+01	5.019211e+00
1.140999999999980e+01	5.019226e+00
1.141999999999980e+01	5.019241e+00
1.142999999999980e+01	5.019256e+00
1.143999999999980e+01	5.019270e+00
1.144999999999980e+01	5.019285e+00
1.145999999999980e+01	5.019300e+00
1.146999999999980e+01	5.019314e+00
1.147999999999980e+01	5.019329e+00
1.148999999999980e+01	5.019344e+00
1.149999999999980e+01	5.019359e+00
1.150999999999980e+01	5.019373e+00
1.151999999999980e+01	5.019388e+00
1.152999999999980e+01	5.019403e+00
1.153999999999980e+01	5.019417e+00
1.154999999999980e+01	5.019432e+00
1.155999999999980e+01	5.019446e+00
1.156999999999980e+01	5.019461e+00
1.157999999999980e+01	5.019476e+00
1.158999999999980e+01	5.019491e+00
1.159999999999980e+01	5.019505e+00
1.160999999999980e+01	5.019520e+00
1.161999999999980e+01	5.019535e+00
1.162999999999980e+01	5.019549e+00
1.163999999999980e+01	5.019564e+00
1.164999999999980e+01	5.019578e+00
1.165999999999980e+01	5.019593e+00
1.166999999999980e+01	5.019608e+00
1.167999999999980e+01	5.019622e+00
1.168999999999980e+01	5.019637e+00
1.169999999999980e+01	5.019651e+00
1.170999999999979e+01	5.019666e+00
1.171999999999979e+01	5.019681e+00
1.172999999999979e+01	5.019695e+00
1.173999999999979e+01	5.019710e+00
1.174999999999979e+01	5.019725e+00
1.175999999999979e+01	5.019739e+00
1.176999999999979e+01	5.019754e+00
1.177999999999979e+01	5.019768e+00
1.178999999999979e+01	5.019783e+00
1.179999999999979e+01	5.019797e+00
1.180999999999979e+01	5.019812e+00
1.181999999999979e+01	5.019827e+00
1.182999999999979e+01	5.019841e+00
1.183999999999979e+01	5.019856e+00
1.184999999999979e+01	5.019870e+00
1.185999999999979e+01	5.019885e+00
1.186999999999979e+01	5.019899e+00
1.187999999999979e+01	5.019914e+00
1.188999999999979e+01	5.019928e+00
1.189999999999979e+01	5.019943e+00
1.190999999999979e+01	5.019958e+00
1.191999999999979e+01	5.019972e+00
1.192999999999979e+01	5.019987e+00
1.193999999999979e+01	5.020001e+00
1.194999999999979e+01	5.020016e+00
1.195999999999979e+01	5.020030e+00
1.196999999999979e+01	5.020045e+00
1.197999999999979e+01	5.020060e+00
1.198999999999979e+01	5.020074e+00
1.199999999999979e+01	5.020089e+00
1.200999999999979e+01	5.020103e+00
1.201999999999979e+01	5.020117e+00
1.202999999999979e+01	5.020132e+00
1.203999999999979e+01	5.020146e+00
1.204999999999979e+01	5.020161e+00
1.205999999999979e+01	5.020175e+00
1.206999999999979e+01	5.020190e+00
1.207999999999979e+01	5.020205e+00
1.208999999999979e+01	5.020219e+00
1.209999999999979e+01	5.020233e+00
1.210999999999979e+01	5.020248e+00
1.211999999999979e+01	5.020262e+00
1.212999999999979e+01	5.020277e+00
1.213999999999979e+01	5.020291e+00
1.214999999999979e+01	5.020306e+00
1.215999999999979e+01	5.020320e+00
1.216999999999978e+01	5.020335e+00
1.217999999999978e+01	5.020349e+00
1.218999999999978e+01	5.020363e+00
1.219999999999978e+01	5.020378e+00
1.220999999999978e+01	5.020392e+00
1.221999999999978e+01	5.020407e+00
1.222999999999978e+01	5.020421e+00
1.223999999999978e+01	5.020436e+00
1.224999999999978e+01	5.020450e+00
1.225999999999978e+01	5.020464e+00
1.226999999999978e+01	5.020479e+00
1.227999999999978e+01	5.020494e+00
1.228999999999978e+01	5.020508e+00
1.229999999999978e+01	5.020522e+00
1.230999999999978e+01	5.020536e+00
1.231999999999978e+01	5.020551e+00
1.232999999999978e+01	5.020566e+00
1.233999999999978e+01	5.020580e+00
1.234999999999978e+01	5.020594e+00
1.235999999999978e+01	5.020608e+00
1.236999999999978e+01	5.020623e+00
1.237999999999978e+01	5.020637e+00
1.238999999999978e+01	5.020652e+00
1.239999999999978e+01	5.020666e+00
1.240999999999978e+01	5.020680e+00
1.241999999999978e+01	5.020695e+00
1.242999999999978e+01	5.020709e+00
1.243999999999978e+01	5.020723e+00
1.244999999999978e+01	5.020738e+00
1.245999999999978e+01	5.020752e+00
1.246999999999978e+01	5.020766e+00
1.247999999999978e+01	5.020781e+00
1.248999999999978e+01	5.020795e+00
1.249999999999978e+01	5.020810e+00
1.250999999999978e+01	5.020824e+00
1.251999999999978e+01	5.020838e+00
1.252999999999978e+01	5.020853e+00
1.253999999999978e+01	5.020867e+00
1.254999999999978e+01	5.020881e+00
1.255999999999978e+01	5.020895e+00
1.256999999999978e+01	5.020910e+00
1.257999999999978e+01	5.020924e+00
1.258999999999978e+01	5.020938e+00
1.259999999999978e+01	5.020953e+00
1.260999999999978e+01	5.020967e+00
1.261999999999978e+01	5.020981e+00
1.262999999999978e+01	5.020996e+00
1.263999999999977e+01	5.021010e+00
1.264999999999977e+01	5.021024e+00
1.265999999999977e+01	5.021039e+00
1.266999999999977e+01	5.021052e+00
1.267999999999977e+01	5.021067e+00
1.268999999999977e+01	5.021081e+00
1.269999999999977e+01	5.021095e+00
1.270999999999977e+01	5.021110e+00
1.271999999999977e+01	5.021124e+00
1.272999999999977e+01	5.021138e+00
1.273999999999977e+01	5.021152e+00
1.274999999999977e+01	5.021167e+00
1.275999999999977e+01	5.021181e+00
1.276999999999977e+01	5.021195e+00
1.277999999999977e+01	5.021209e+00
1.278999999999977e+01	5.021224e+00
1.279999999999977e+01	5.021238e+00
1.280999999999977e+01	5.021252e+00
1.281999999999977e+01	5.021266e+00
1.282999999999977e+01	5.021280e+00
1.283999999999977e+01	5.021295e+00
1.284999999999977e+01	5.021309e+00
1.285999999999977e+01	5.021323e+00
1.286999999999977e+01	5.021338e+00
1.287999999999977e+01	5.021351e+00
1.288999999999977e+01	5.021366e+00
1.289999999999977e+01	5.021380e+00
1.290999999999977e+01	5.021394e+00
1.291999999999977e+01	5.021408e+00
1.292999999999977e+01	5.021422e+00
1.293999999999977e+01	5.021437e+00
1.294999999999977e+01	5.021451e+00
1.295999999999977e+01	5.021465e+00
1.296999999999977e+01	5.021479e+00
1.297999999999977e+01	5.021493e+00
1.298999999999977e+01	5.021508e+00
1.299999999999977e+01	5.021522e+00
1.300999999999977e+01	5.021536e+00
1.301999999999977e+01	5.021550e+00
1.302999999999977e+01	5.021564e+00
1.303999999999977e+01	5.021578e+00
1.304999999999977e+01	5.021593e+00
1.305999999999977e+01	5.021606e+00
1.306999999999977e+01	5.021621e+00
1.307999999999977e+01	5.021635e+00
1.308999999999977e+01	5.021649e+00
1.309999999999977e+01	5.021663e+00
1.310999999999976e+01	5.021677e+00
1.311999999999976e+01	5.021691e+00
1.312999999999976e+01	5.021706e+00
1.313999999999976e+01	5.021719e+00
1.314999999999976e+01	5.021734e+00
1.315999999999976e+01	5.021748e+00
1.316999999999976e+01	5.021762e+00
1.317999999999976e+01	5.021776e+00
1.318999999999976e+01	5.021790e+00
1.319999999999976e+01	5.021804e+00
1.320999999999976e+01	5.021818e+00
1.321999999999976e+01	5.021832e+00
1.322999999999976e+01	5.021846e+00
1.323999999999976e+01	5.021861e+00
1.324999999999976e+01	5.021874e+00
1.325999999999976e+01	5.021889e+00
1.326999999999976e+01	5.021903e+00
1.327999999999976e+01	5.021917e+00
1.328999999999976e+01	5.021931e+00
1.329999999999976e+01	5.021945e+00
1.330999999999976e+01	5.021959e+00
1.331999999999976e+01	5.021973e+00
1.332999999999976e+01	5.021987e+00
1.333999999999976e+01	5.022001e+00
1.334999999999976e+01	5.022015e+00
1.335999999999976e+01	5.022029e+00
1.336999999999976e+01	5.022043e+00
1.337999999999976e+01	5.022057e+00
1.338999999999976e+01	5.022071e+00
1.339999999999976e+01	5.022085e+00
1.340999999999976e+01	5.022099e+00
1.341999999999976e+01	5.022113e+00
1.342999999999976e+01	5.022127e+00
1.343999999999976e+01	5.022141e+00
1.344999999999976e+01	5.022155e+00
1.345999999999976e+01	5.022170e+00
1.346999999999976e+01	5.022183e+00
1.347999999999976e+01	5.022197e+00
1.348999999999976e+01	5.022212e+00
1.349999999999976e+01	5.022225e+00
1.350999999999976e+01	5.022239e+00
1.351999999999976e+01	5.022254e+00
1.352999999999976e+01	5.022267e+00
1.353999999999976e+01	5.022281e+00
1.354999999999976e+01	5.022295e+00
1.355999999999976e+01	5.022309e+00
1.356999999999976e+01	5.022323e+00
1.357999999999975e+01	5.022337e+00
1.358999999999975e+01	5.022351e+00
1.359999999999975e+01	5.022365e+00
1.360999999999975e+01	5.022379e+00
1.361999999999975e+01	5.022393e+00
1.362999999999975e+01	5.022407e+00
1.363999999999975e+01	5.022421e+00
1.364999999999975e+01	5.022435e+00
1.365999999999975e+01	5.022449e+00
1.366999999999975e+01	5.022463e+00
1.367999999999975e+01	5.022477e+00
1.368999999999975e+01	5.022491e+00
1.369999999999975e+01	5.022504e+00
1.370999999999975e+01	5.022519e+00
1.371999999999975e+01	5.022532e+00
1.372999999999975e+01	5.022546e+00
1.373999999999975e+01	5.022560e+00
1.374999999999975e+01	5.022574e+00
1.375999999999975e+01	5.022588e+00
1.376999999999975e+01	5.022602e+00
1.377999999999975e+01	5.022616e+00
1.378999999999975e+01	5.022630e+00
1.379999999999975e+01	5.022644e+00
1.380999999999975e+01	5.022657e+00
1.381999999999975e+01	5.022671e+00
1.382999999999975e+01	5.022685e+00
1.383999999999975e+01	5.022699e+00
1.384999999999975e+01	5.022713e+00
1.385999999999975e+01	5.022727e+00
1.386999999999975e+01	5.022741e+00
1.387999999999975e+01	5.022755e+00
1.388999999999975e+01	5.022768e+00
1.389999999999975e+01	5.022782e+00
1.390999999999975e+01	5.022796e+00
1.391999999999975e+01	5.022810e+00
1.392999999999975e+01	5.022824e+00
1.393999999999975e+01	5.022838e+00
1.394999999999975e+01	5.022851e+00
1.395999999999975e+01	5.022865e+00
1.396999999999975e+01	5.022879e+00
1.397999999999975e+01	5.022893e+00
1.398999999999975e+01	5.022907e+00
1.399999999999975e+01	5.022921e+00
1.400999999999975e+01	5.022934e+00
1.401999999999975e+01	5.022948e+00
1.402999999999975e+01	5.022962e+00
1.403999999999975e+01	5.022976e+00
1.404999999999974e+01	5.022990e+00
1.405999999999974e+01	5.023004e+00
1.406999999999974e+01	5.023017e+00
1.407999999999974e+01	5.023031e+00
1.408999999999974e+01	5.023045e+00
1.409999999999974e+01	5.023059e+00
1.410999999999974e+01	5.023073e+00
1.411999999999974e+01	5.023087e+00
1.412999999999974e+01	5.023100e+00
1.413999999999974e+01	5.023114e+00
1.414999999999974e+01	5.023128e+00
1.415999999999974e+01	5.023141e+00
1.416999999999974e+01	5.023155e+00
1.417999999999974e+01	5.023169e+00
1.418999999999974e+01	5.023183e+00
1.419999999999974e+01	5.023197e+00
1.420999999999974e+01	5.023211e+00
1.421999999999974e+01	5.023224e+00
1.422999999999974e+01	5.023238e+00
1.423999999999974e+01	5.023252e+00
1.424999999999974e+01	5.023265e+00
1.425999999999974e+01	5.023279e+00
1.426999999999974e+01	5.023293e+00
1.427999999999974e+01	5.023307e+00
1.428999999999974e+01	5.023320e+00
1.429999999999974e+01	5.023334e+00
1.430999999999974e+01	5.023348e+00
1.431999999999974e+01	5.023362e+00
1.432999999999974e+01	5.023376e+00
1.433999999999974e+01	5.023389e+00
1.434999999999974e+01	5.023403e+00
1.435999999999974e+01	5.023417e+00
1.436999999999974e+01	5.023430e+00
1.437999999999974e+01	5.023444e+00
1.438999999999974e+01	5.023458e+00
1.439999999999974e+01	5.023471e+00
1.440999999999974e+01	5.023485e+00
1.441999999999974e+01	5.023499e+00
1.442999999999974e+01	5.023512e+00
1.443999999999974e+01	5.023526e+00
1.444999999999974e+01	5.023540e+00
1.445999999999974e+01	5.023553e+00
1.446999999999974e+01	5.023567e+00
1.447999999999974e+01	5.023581e+00
1.448999999999974e+01	5.023594e+00
1.449999999999974e+01	5.023608e+00
1.450999999999974e+01	5.023622e+00
1.451999999999973e+01	5.023635e+00
1.452999999999973e+01	5.023649e+00
1.453999999999973e+01	5.023663e+00
1.454999999999973e+01	5.023676e+00
1.455999999999973e+01	5.023690e+00
1.456999999999973e+01	5.023704e+00
1.457999999999973e+01	5.023717e+00
1.458999999999973e+01	5.023731e+00
1.459999999999973e+01	5.023745e+00
1.460999999999973e+01	5.023758e+00
1.461999999999973e+01	5.023772e+00
1.462999999999973e+01	5.023786e+00
1.463999999999973e+01	5.023799e+00
1.464999999999973e+01	5.023813e+00
1.465999999999973e+01	5.023827e+00
1.466999999999973e+01	5.023840e+00
1.467999999999973e+01	5.023854e+00
1.468999999999973e+01	5.023867e+00
1.469999999999973e+01	5.023881e+00
1.470999999999973e+01	5.023894e+00
1.471999999999973e+01	5.023908e+00
1.472999999999973e+01	5.023921e+00
1.473999999999973e+01	5.023935e+00
1.474999999999973e+01	5.023949e+00
1.475999999999973e+01	5.023962e+00
1.476999999999973e+01	5.023976e+00
1.477999999999973e+01	5.023990e+00
1.478999999999973e+01	5.024003e+00
1.479999999999973e+01	5.024017e+00
1.480999999999973e+01	5.024030e+00
1.481999999999973e+01	5.024044e+00
1.482999999999973e+01	5.024057e+00
1.483999999999973e+01	5.024071e+00
1.484999999999973e+01	5.024085e+00
1.485999999999973e+01	5.024098e+00
1.486999999999973e+01	5.024112e+00
1.487999999999973e+01	5.024125e+00
1.488999999999973e+01	5.024139e+00
1.489999999999973e+01	5.024152e+00
1.490999999999973e+01	5.024166e+00
1.491999999999973e+01	5.024179e+00
1.492999999999973e+01	5.024193e+00
1.493999999999973e+01	5.024207e+00
1.494999999999973e+01	5.024220e+00
1.495999999999973e+01	5.024233e+00
1.496999999999973e+01	5.024247e+00
1.497999999999973e+01	5.024261e+00
1.498999999999972e+01	5.024274e+00
1.499999999999972e+01	5.024288e+00
1.500999999999972e+01	5.024301e+00
1.501999999999972e+01	5.024314e+00
1.502999999999972e+01	5.024328e+00
1.503999999999972e+01	5.024342e+00
1.504999999999972e+01	5.024355e+00
1.505999999999972e+01	5.024369e+00
1.506999999999972e+01	5.024382e+00
1.507999999999972e+01	5.024395e+00
1.508999999999972e+01	5.024409e+00
1.509999999999972e+01	5.024423e+00
1.510999999999972e+01	5.024436e+00
1.511999999999972e+01	5.024449e+00
1.512999999999972e+01	5.024463e+00
1.513999999999972e+01	5.024477e+00
1.514999999999972e+01	5.024490e+00
1.515999999999972e+01	5.024503e+00
1.516999999999972e+01	5.024517e+00
1.517999999999972e+01	5.024530e+00
1.518999999999972e+01	5.024544e+00
1.519999999999972e+01	5.024557e+00
1.520999999999972e+01	5.024570e+00
1.521999999999972e+01	5.024584e+00
1.522999999999972e+01	5.024598e+00
1.523999999999972e+01	5.024611e+00
1.524999999999972e+01	5.024624e+00
1.525999999999972e+01	5.024638e+00
1.526999999999972e+01	5.024651e+00
1.527999999999972e+01	5.024665e+00
1.528999999999972e+01	5.024678e+00
1.529999999999972e+01	5.024692e+00
1.530999999999972e+01	5.024705e+00
1.531999999999972e+01	5.024718e+00
1.532999999999972e+01	5.024732e+00
1.533999999999972e+01	5.024745e+00
1.534999999999972e+01	5.024759e+00
1.535999999999972e+01	5.024772e+00
1.536999999999972e+01	5.024786e+00
1.537999999999972e+01	5.024799e+00
1.538999999999972e+01	5.024812e+00
1.539999999999972e+01	5.024826e+00
1.540999999999972e+01	5.024839e+00
1.541999999999972e+01	5.024852e+00
1.542999999999972e+01	5.024866e+00
1.543999999999972e+01	5.024879e+00
1.544999999999972e+01	5.024892e+00
1.545999999999971e+01	5.024906e+00
1.546999999999971e+01	5.024920e+00
1.547999999999971e+01	5.024933e+00
1.548999999999971e+01	5.024946e+00
1.549999999999971e+01	5.024960e+00
1.550999999999971e+01	5.024973e+00
1.551999999999971e+01	5.024986e+00
1.552999999999971e+01	5.025000e+00
1.553999999999971e+01	5.025013e+00
1.554999999999971e+01	5.025026e+00
1.555999999999971e+01	5.025040e+00
1.556999999999971e+01	5.025053e+00
1.557999999999971e+01	5.025066e+00
1.558999999999971e+01	5.025080e+00
1.559999999999971e+01	5.025093e+00
1.560999999999971e+01	5.025106e+00
1.561999999999971e+01	5.025119e+00
1.562999999999971e+01	5.025133e+00
1.563999999999971e+01	5.025146e+00
1.564999999999971e+01	5.025159e+00
1.565999999999971e+01	5.025173e+00
1.566999999999971e+01	5.025186e+00
1.567999999999971e+01	5.025199e+00
1.568999999999971e+01	5.025213e+00
1.569999999999971e+01	5.025226e+00
1.570999999999971e+01	5.025239e+00
1.571999999999971e+01	5.025253e+00
1.572999999999971e+01	5.025266e+00
1.573999999999971e+01	5.025279e+00
1.574999999999971e+01	5.025292e+00
1.575999999999971e+01	5.025306e+00
1.576999999999971e+01	5.025319e+00
1.577999999999971e+01	5.025332e+00
1.578999999999971e+01	5.025346e+00
1.579999999999971e+01	5.025359e+00
1.580999999999971e+01	5.025372e+00
1.581999999999971e+01	5.025385e+00
1.582999999999971e+01	5.025399e+00
1.583999999999971e+01	5.025412e+00
1.584999999999971e+01	5.025425e+00
1.585999999999971e+01	5.025438e+00
1.586999999999971e+01	5.025452e+00
1.587999999999971e+01	5.025465e+00
1.588999999999971e+01	5.025478e+00
1.589999999999971e+01	5.025491e+00
1.590999999999971e+01	5.025505e+00
1.591999999999971e+01	5.025518e+00
1.592999999999970e+01	5.025531e+00
1.593999999999970e+01	5.025544e+00
1.594999999999970e+01	5.025558e+00
1.595999999999970e+01	5.025571e+00
1.596999999999970e+01	5.025584e+00
1.597999999999970e+01	5.025597e+00
1.598999999999970e+01	5.025610e+00
1.599999999999970e+01	5.025624e+00
1.600999999999970e+01	5.025637e+00
1.601999999999970e+01	5.025650e+00
1.602999999999971e+01	5.025663e+00
1.603999999999971e+01	5.025677e+00
1.604999999999971e+01	5.025690e+00
1.605999999999971e+01	5.025703e+00
1.606999999999971e+01	5.025716e+00
1.607999999999971e+01	5.025729e+00
1.608999999999972e+01	5.025743e+00
1.609999999999972e+01	5.025756e+00
1.610999999999972e+01	5.025769e+00
1.611999999999972e+01	5.025782e+00
1.612999999999972e+01	5.025795e+00
1.613999999999972e+01	5.025808e+00
1.614999999999973e+01	5.025822e+00
1.615999999999973e+01	5.025835e+00
1.616999999999973e+01	5.025848e+00
1.617999999999973e+01	5.025861e+00
1.618999999999973e+01	5.025874e+00
1.619999999999973e+01	5.025887e+00
1.620999999999973e+01	5.025900e+00
1.621999999999974e+01	5.025914e+00
1.622999999999974e+01	5.025927e+00
1.623999999999974e+01	5.025940e+00
1.624999999999974e+01	5.025953e+00
1.625999999999974e+01	5.025966e+00
1.626999999999974e+01	5.025980e+00
1.627999999999975e+01	5.025992e+00
1.628999999999975e+01	5.026006e+00
1.629999999999975e+01	5.026019e+00
1.630999999999975e+01	5.026032e+00
1.631999999999975e+01	5.026045e+00
1.632999999999975e+01	5.026058e+00
1.633999999999975e+01	5.026071e+00
1.634999999999976e+01	5.026084e+00
1.635999999999976e+01	5.026097e+00
1.636999999999976e+01	5.026111e+00
1.637999999999976e+01	5.026124e+00
1.638999999999976e+01	5.026137e+00
1.639999999999976e+01	5.026150e+00
1.640999999999977e+01	5.026163e+00
1.641999999999977e+01	5.026176e+00
1.642999999999977e+01	5.026189e+00
1.643999999999977e+01	5.026202e+00
1.644999999999977e+01	5.026216e+00
1.645999999999977e+01	5.026228e+00
1.646999999999978e+01	5.026241e+00
1.647999999999978e+01	5.026255e+00
1.648999999999978e+01	5.026268e+00
1.649999999999978e+01	5.026281e+00
1.650999999999978e+01	5.026294e+00
1.651999999999978e+01	5.026307e+00
1.652999999999978e+01	5.026320e+00
1.653999999999979e+01	5.026333e+00
1.654999999999979e+01	5.026346e+00
1.655999999999979e+01	5.026359e+00
1.656999999999979e+01	5.026372e+00
1.657999999999979e+01	5.026385e+00
1.658999999999979e+01	5.026398e+00
1.659999999999980e+01	5.026412e+00
1.660999999999980e+01	5.026424e+00
1.661999999999980e+01	5.026437e+00
1.662999999999980e+01	5.026451e+00
1.663999999999980e+01	5.026464e+00
1.664999999999980e+01	5.026476e+00
1.665999999999980e+01	5.026490e+00
1.666999999999981e+01	5.026503e+00
1.667999999999981e+01	5.026515e+00
1.668999999999981e+01	5.026528e+00
1.669999999999981e+01	5.026542e+00
1.670999999999981e+01	5.026555e+00
1.671999999999981e+01	5.026567e+00
1.672999999999982e+01	5.026581e+00
1.673999999999982e+01	5.026594e+00
1.674999999999982e+01	5.026607e+00
1.675999999999982e+01	5.026619e+00
1.676999999999982e+01	5.026633e+00
1.677999999999982e+01	5.026646e+00
1.678999999999983e+01	5.026659e+00
1.679999999999983e+01	5.026671e+00
1.680999999999983e+01	5.026685e+00
1.681999999999983e+01	5.026698e+00
1.682999999999983e+01	5.026711e+00
1.683999999999983e+01	5.026723e+00
1.684999999999983e+01	5.026736e+00
1.685999999999984e+01	5.026750e+00
1.686999999999984e+01	5.026762e+00
1.687999999999984e+01	5.026775e+00
1.688999999999984e+01	5.026788e+00
1.689999999999984e+01	5.026801e+00
1.690999999999984e+01	5.026814e+00
1.691999999999985e+01	5.026827e+00
1.692999999999985e+01	5.026840e+00
1.693999999999985e+01	5.026853e+00
1.694999999999985e+01	5.026866e+00
1.695999999999985e+01	5.026879e+00
1.696999999999985e+01	5.026892e+00
1.697999999999985e+01	5.026905e+00
1.698999999999986e+01	5.026918e+00
1.699999999999986e+01	5.026931e+00
1.700999999999986e+01	5.026944e+00
1.701999999999986e+01	5.026957e+00
1.702999999999986e+01	5.026969e+00
1.703999999999986e+01	5.026982e+00
1.704999999999987e+01	5.026995e+00
1.705999999999987e+01	5.027008e+00
1.706999999999987e+01	5.027021e+00
1.707999999999987e+01	5.027034e+00
1.708999999999987e+01	5.027047e+00
1.709999999999987e+01	5.027060e+00
1.710999999999988e+01	5.027073e+00
1.711999999999988e+01	5.027086e+00
1.712999999999988e+01	5.027099e+00
1.713999999999988e+01	5.027112e+00
1.714999999999988e+01	5.027124e+00
1.715999999999988e+01	5.027137e+00
1.716999999999988e+01	5.027150e+00
1.717999999999989e+01	5.027163e+00
1.718999999999989e+01	5.027176e+00
1.719999999999989e+01	5.027189e+00
1.720999999999989e+01	5.027202e+00
1.721999999999989e+01	5.027215e+00
1.722999999999989e+01	5.027227e+00
1.723999999999990e+01	5.027240e+00
1.724999999999990e+01	5.027253e+00
1.725999999999990e+01	5.027266e+00
1.726999999999990e+01	5.027279e+00
1.727999999999990e+01	5.027292e+00
1.728999999999990e+01	5.027305e+00
1.729999999999990e+01	5.027318e+00
1.730999999999991e+01	5.027330e+00
1.731999999999991e+01	5.027343e+00
1.732999999999991e+01	5.027356e+00
1.733999999999991e+01	5.027369e+00
1.734999999999991e+01	5.027381e+00
1.735999999999991e+01	5.027394e+00
1.736999999999992e+01	5.027407e+00
1.737999999999992e+01	5.027420e+00
1.738999999999992e+01	5.027433e+00
1.739999999999992e+01	5.027446e+00
1.740999999999992e+01	5.027459e+00
1.741999999999992e+01	5.027471e+00
1.742999999999993e+01	5.027484e+00
1.743999999999993e+01	5.027497e+00
1.744999999999993e+01	5.027510e+00
1.745999999999993e+01	5.027523e+00
1.746999999999993e+01	5.027535e+00
1.747999999999993e+01	5.027548e+00
1.748999999999993e+01	5.027561e+00
1.749999999999994e+01	5.027574e+00
1.750999999999994e+01	5.027586e+00
1.751999999999994e+01	5.027599e+00
1.752999999999994e+01	5.027612e+00
1.753999999999994e+01	5.027625e+00
1.754999999999994e+01	5.027637e+00
1.755999999999995e+01	5.027650e+00
1.756999999999995e+01	5.027663e+00
1.757999999999995e+01	5.027676e+00
1.758999999999995e+01	5.027689e+00
1.759999999999995e+01	5.027701e+00
1.760999999999995e+01	5.027714e+00
1.761999999999995e+01	5.027727e+00
1.762999999999996e+01	5.027740e+00
1.763999999999996e+01	5.027752e+00
1.764999999999996e+01	5.027765e+00
1.765999999999996e+01	5.027778e+00
1.766999999999996e+01	5.027791e+00
1.767999999999996e+01	5.027803e+00
1.768999999999997e+01	5.027816e+00
1.769999999999997e+01	5.027829e+00
1.770999999999997e+01	5.027842e+00
1.771999999999997e+01	5.027854e+00
1.772999999999997e+01	5.027867e+00
1.773999999999997e+01	5.027880e+00
1.774999999999998e+01	5.027893e+00
1.775999999999998e+01	5.027905e+00
1.776999999999998e+01	5.027918e+00
1.777999999999998e+01	5.027931e+00
1.778999999999998e+01	5.027944e+00
1.779999999999998e+01	5.027956e+00
1.780999999999998e+01	5.027969e+00
1.781999999999999e+01	5.027982e+00
1.782999999999999e+01	5.027994e+00
1.783999999999999e+01	5.028007e+00
1.784999999999999e+01	5.028020e+00
1.785999999999999e+01	5.028032e+00
1.786999999999999e+01	5.028045e+00
1.788000000000000e+01	5.028058e+00
1.789000000000000e+01	5.028070e+00
1.790000000000000e+01	5.028083e+00
1.791000000000000e+01	5.028096e+00
1.792000000000000e+01	5.028109e+00
1.793000000000000e+01	5.028121e+00
1.794000000000000e+01	5.028134e+00
1.795000000000001e+01	5.028147e+00
1.796000000000001e+01	5.028159e+00
1.797000000000001e+01	5.028172e+00
1.798000000000001e+01	5.028184e+00
1.799000000000001e+01	5.028197e+00
1.800000000000001e+01	5.028210e+00
1.801000000000002e+01	5.028223e+00
1.802000000000002e+01	5.028235e+00
1.803000000000002e+01	5.028248e+00
1.804000000000002e+01	5.028261e+00
1.805000000000002e+01	5.028273e+00
1.806000000000002e+01	5.028286e+00
1.807000000000003e+01	5.028298e+00
1.808000000000003e+01	5.028311e+00
1.809000000000003e+01	5.028324e+00
1.810000000000003e+01	5.028337e+00
1.811000000000003e+01	5.028349e+00
1.812000000000003e+01	5.028362e+00
1.813000000000003e+01	5.028374e+00
1.814000000000004e+01	5.028387e+00
1.815000000000004e+01	5.028399e+00
1.816000000000004e+01	5.028412e+00
1.817000000000004e+01	5.028425e+00
1.818000000000004e+01	5.028437e+00
1.819000000000004e+01	5.028450e+00
1.820000000000005e+01	5.028462e+00
1.821000000000005e+01	5.028475e+00
1.822000000000005e+01	5.028488e+00
1.823000000000005e+01	5.028501e+00
1.824000000000005e+01	5.028513e+00
1.825000000000005e+01	5.028525e+00
1.826000000000005e+01	5.028538e+00
1.827000000000006e+01	5.028551e+00
1.828000000000006e+01	5.028563e+00
1.829000000000006e+01	5.028576e+00
1.830000000000006e+01	5.028588e+00
1.831000000000006e+01	5.028601e+00
1.832000000000006e+01	5.028614e+00
1.833000000000007e+01	5.028626e+00
1.834000000000007e+01	5.028639e+00
1.835000000000007e+01	5.028651e+00
1.836000000000007e+01	5.028664e+00
1.837000000000007e+01	5.028677e+00
1.838000000000007e+01	5.028689e+00
1.839000000000008e+01	5.028702e+00
1.840000000000008e+01	5.028714e+00
1.841000000000008e+01	5.028727e+00
1.842000000000008e+01	5.028739e+00
1.843000000000008e+01	5.028752e+00
1.844000000000008e+01	5.028764e+00
1.845000000000008e+01	5.028777e+00
1.846000000000009e+01	5.028790e+00
1.847000000000009e+01	5.028802e+00
1.848000000000009e+01	5.028814e+00
1.849000000000009e+01	5.028827e+00
1.850000000000009e+01	5.028840e+00
1.851000000000009e+01	5.028852e+00
1.852000000000010e+01	5.028864e+00
1.853000000000010e+01	5.028877e+00
1.854000000000010e+01	5.028890e+00
1.855000000000010e+01	5.028902e+00
1.856000000000010e+01	5.028914e+00
1.857000000000010e+01	5.028927e+00
1.858000000000010e+01	5.028940e+00
1.859000000000011e+01	5.028952e+00
1.860000000000011e+01	5.028965e+00
1.861000000000011e+01	5.028977e+00
1.862000000000011e+01	5.028990e+00
1.863000000000011e+01	5.029002e+00
1.864000000000011e+01	5.029015e+00
1.865000000000012e+01	5.029027e+00
1.866000000000012e+01	5.029040e+00
1.867000000000012e+01	5.029052e+00
1.868000000000012e+01	5.029065e+00
1.869000000000012e+01	5.029077e+00
1.870000000000012e+01	5.029089e+00
1.871000000000013e+01	5.029102e+00
1.872000000000013e+01	5.029115e+00
1.873000000000013e+01	5.029127e+00
1.874000000000013e+01	5.029140e+00
1.875000000000013e+01	5.029152e+00
1.876000000000013e+01	5.029164e+00
1.877000000000013e+01	5.029177e+00
1.878000000000014e+01	5.029189e+00
1.879000000000014e+01	5.029202e+00
1.880000000000014e+01	5.029214e+00
1.881000000000014e+01	5.029227e+00
1.882000000000014e+01	5.029239e+00
1.883000000000014e+01	5.029252e+00
1.884000000000015e+01	5.029264e+00
1.885000000000015e+01	5.029276e+00
1.886000000000015e+01	5.029289e+00
1.887000000000015e+01	5.029301e+00
1.888000000000015e+01	5.029314e+00
1.889000000000015e+01	5.029326e+00
1.890000000000015e+01	5.029339e+00
1.891000000000016e+01	5.029351e+00
1.892000000000016e+01	5.029364e+00
1.893000000000016e+01	5.029376e+00
1.894000000000016e+01	5.029388e+00
1.895000000000016e+01	5.029401e+00
1.896000000000016e+01	5.029413e+00
1.897000000000017e+01	5.029426e+00
1.898000000000017e+01	5.029438e+00
1.899000000000017e+01	5.029450e+00
1.900000000000017e+01	5.029463e+00
1.901000000000017e+01	5.029475e+00
1.902000000000017e+01	5.029488e+00
1.903000000000018e+01	5.029500e+00
1.904000000000018e+01	5.029512e+00
1.905000000000018e+01	5.029525e+00
1.906000000000018e+01	5.029537e+00
1.907000000000018e+01	5.029550e+00
1.908000000000018e+01	5.029562e+00
1.909000000000018e+01	5.029574e+00
1.910000000000019e+01	5.029587e+00
1.911000000000019e+01	5.029599e+00
1.912000000000019e+01	5.029611e+00
1.913000000000019e+01	5.029624e+00
1.914000000000019e+01	5.029636e+00
1.915000000000019e+01	5.029648e+00
1.916000000000020e+01	5.029661e+00
1.917000000000020e+01	5.029673e+00
1.918000000000020e+01	5.029685e+00
1.919000000000020e+01	5.029698e+00
1.920000000000020e+01	5.029710e+00
1.921000000000020e+01	5.029723e+00
1.922000000000020e+01	5.029735e+00
1.923000000000021e+01	5.029747e+00
1.924000000000021e+01	5.029759e+00
1.925000000000021e+01	5.029772e+00
1.926000000000021e+01	5.029784e+00
1.927000000000021e+01	5.029797e+00
1.928000000000021e+01	5.029809e+00
1.929000000000022e+01	5.029821e+00
1.930000000000022e+01	5.029834e+00
1.931000000000022e+01	5.029846e+00
1.932000000000022e+01	5.029858e+00
1.933000000000022e+01	5.029871e+00
1.934000000000022e+01	5.029883e+00
1.935000000000023e+01	5.029895e+00
1.936000000000023e+01	5.029908e+00
1.937000000000023e+01	5.029920e+00
1.938000000000023e+01	5.029932e+00
1.939000000000023e+01	5.029944e+00
1.940000000000023e+01	5.029957e+00
1.941000000000023e+01	5.029969e+00
1.942000000000024e+01	5.029981e+00
1.943000000000024e+01	5.029994e+00
1.944000000000024e+01	5.030006e+00
1.945000000000024e+01	5.030018e+00
1.946000000000024e+01	5.030030e+00
1.947000000000024e+01	5.030043e+00
1.948000000000025e+01	5.030055e+00
1.949000000000025e+01	5.030067e+00
1.950000000000025e+01	5.030079e+00
1.951000000000025e+01	5.030092e+00
1.952000000000025e+01	5.030104e+00
1.953000000000025e+01	5.030117e+00
1.954000000000025e+01	5.030128e+00
1.955000000000026e+01	5.030141e+00
1.956000000000026e+01	5.030153e+00
1.957000000000026e+01	5.030166e+00
1.958000000000026e+01	5.030178e+00
1.959000000000026e+01	5.030190e+00
1.960000000000026e+01	5.030202e+00
1.961000000000027e+01	5.030214e+00
1.962000000000027e+01	5.030227e+00
1.963000000000027e+01	5.030239e+00
1.964000000000027e+01	5.030251e+00
1.965000000000027e+01	5.030263e+00
1.966000000000027e+01	5.030276e+00
1.967000000000028e+01	5.030288e+00
1.968000000000028e+01	5.030300e+00
1.969000000000028e+01	5.030313e+00
1.970000000000028e+01	5.030324e+00
1.971000000000028e+01	5.030337e+00
1.972000000000028e+01	5.030349e+00
1.973000000000028e+01	5.030361e+00
1.974000000000029e+01	5.030374e+00
1.975000000000029e+01	5.030385e+00
1.976000000000029e+01	5.030398e+00
1.977000000000029e+01	5.030410e+00
1.978000000000029e+01	5.030422e+00
1.979000000000029e+01	5.030435e+00
1.980000000000030e+01	5.030447e+00
1.981000000000030e+01	5.030459e+00
1.982000000000030e+01	5.030471e+00
1.983000000000030e+01	5.030483e+00
1.984000000000030e+01	5.030496e+00
1.985000000000030e+01	5.030508e+00
1.986000000000030e+01	5.030520e+00
1.987000000000031e+01	5.030532e+00
1.988000000000031e+01	5.030544e+00
1.989000000000031e+01	5.030556e+00
1.990000000000031e+01	5.030569e+00
1.991000000000031e+01	5.030581e+00
1.992000000000031e+01	5.030593e+00
1.993000000000032e+01	5.030605e+00
1.994000000000032e+01	5.030617e+00
1.995000000000032e+01	5.030630e+00
1.996000000000032e+01	5.030642e+00
1.997000000000032e+01	5.030654e+00
1.998000000000032e+01	5.030666e+00
1.999000000000033e+01	5.030678e+00
2.000000000000033e+01	5.030690e+00
2.001000000000033e+01	5.030703e+00
2.002000000000033e+01	5.030715e+00
2.003000000000033e+01	5.030727e+00
2.004000000000033e+01	5.030739e+00
2.005000000000033e+01	5.030751e+00
2.006000000000034e+01	5.030763e+00
2.007000000000034e+01	5.030775e+00
2.008000000000034e+01	5.030787e+00
2.009000000000034e+01	5.030799e+00
2.010000000000034e+01	5.030812e+00
2.011000000000034e+01	5.030824e+00
2.012000000000035e+01	5.030836e+00
2.013000000000035e+01	5.030848e+00
2.014000000000035e+01	5.030860e+00
2.015000000000035e+01	5.030872e+00
2.016000000000035e+01	5.030884e+00
2.017000000000035e+01	5.030897e+00
2.018000000000035e+01	5.030909e+00
2.019000000000036e+01	5.030921e+00
2.020000000000036e+01	5.030933e+00
2.021000000000036e+01	5.030945e+00
2.022000000000036e+01	5.030957e+00
2.023000000000036e+01	5.030969e+00
2.024000000000036e+01	5.030981e+00
2.025000000000037e+01	5.030993e+00
2.026000000000037e+01	5.031005e+00
2.027000000000037e+01	5.031017e+00
2.028000000000037e+01	5.031030e+00
2.029000000000037e+01	5.031042e+00
2.030000000000037e+01	5.031054e+00
2.031000000000038e+01	5.031066e+00
2.032000000000038e+01	5.031078e+00
2.033000000000038e+01	5.031090e+00
2.034000000000038e+01	5.031102e+00
2.035000000000038e+01	5.031114e+00
2.036000000000038e+01	5.031126e+00
2.037000000000038e+01	5.031138e+00
2.038000000000039e+01	5.031150e+00
2.039000000000039e+01	5.031162e+00
2.040000000000039e+01	5.031175e+00
2.041000000000039e+01	5.031187e+00
2.042000000000039e+01	5.031199e+00
2.043000000000039e+01	5.031210e+00
2.044000000000040e+01	5.031223e+00
2.045000000000040e+01	5.031235e+00
2.046000000000040e+01	5.031247e+00
2.047000000000040e+01	5.031259e+00
2.048000000000040e+01	5.031271e+00
2.049000000000040e+01	5.031283e+00
2.050000000000041e+01	5.031295e+00
2.051000000000041e+01	5.031307e+00
2.052000000000041e+01	5.031319e+00
2.053000000000041e+01	5.031331e+00
2.054000000000041e+01	5.031343e+00
2.055000000000041e+01	5.031355e+00
2.056000000000041e+01	5.031367e+00
2.057000000000042e+01	5.031379e+00
2.058000000000042e+01	5.031391e+00
2.059000000000042e+01	5.031403e+00
2.060000000000042e+01	5.031415e+00
2.061000000000042e+01	5.031427e+00
2.062000000000042e+01	5.031439e+00
2.063000000000043e+01	5.031451e+00
2.064000000000043e+01	5.031463e+00
2.065000000000043e+01	5.031475e+00
2.066000000000043e+01	5.031487e+00
2.067000000000043e+01	5.031499e+00
2.068000000000043e+01	5.031511e+00
2.069000000000043e+01	5.031523e+00
2.070000000000044e+01	5.031535e+00
2.071000000000044e+01	5.031547e+00
2.072000000000044e+01	5.031559e+00
2.073000000000044e+01	5.031571e+00
2.074000000000044e+01	5.031583e+00
2.075000000000044e+01	5.031595e+00
2.076000000000045e+01	5.031607e+00
2.077000000000045e+01	5.031619e+00
2.078000000000045e+01	5.031631e+00
2.079000000000045e+01	5.031643e+00
2.080000000000045e+01	5.031655e+00
2.081000000000045e+01	5.031667e+00
2.082000000000046e+01	5.031679e+00
2.083000000000046e+01	5.031691e+00
2.084000000000046e+01	5.031703e+00
2.085000000000046e+01	5.031714e+00
2.086000000000046e+01	5.031726e+00
2.087000000000046e+01	5.031738e+00
2.088000000000046e+01	5.031751e+00
2.089000000000047e+01	5.031763e+00
2.090000000000047e+01	5.031775e+00
2.091000000000047e+01	5.031786e+00
2.092000000000047e+01	5.031798e+00
2.093000000000047e+01	5.031810e+00
2.094000000000047e+01	5.031822e+00
2.095000000000048e+01	5.031834e+00
2.096000000000048e+01	5.031846e+00
2.097000000000048e+01	5.031858e+00
2.098000000000048e+01	5.031870e+00
2.099000000000048e+01	5.031882e+00
2.100000000000048e+01	5.031894e+00
2.101000000000048e+01	5.031906e+00
2.102000000000049e+01	5.031918e+00
2.103000000000049e+01	5.031929e+00
2.104000000000049e+01	5.031941e+00
2.105000000000049e+01	5.031953e+00
2.106000000000049e+01	5.031965e+00
2.107000000000049e+01	5.031977e+00
2.108000000000050e+01	5.031989e+00
2.109000000000050e+01	5.032001e+00
2.110000000000050e+01	5.032012e+00
2.111000000000050e+01	5.032024e+00
2.112000000000050e+01	5.032036e+00
2.113000000000050e+01	5.032048e+00
2.114000000000051e+01	5.032060e+00
2.115000000000051e+01	5.032072e+00
2.116000000000051e+01	5.032084e+00
2.117000000000051e+01	5.032096e+00
2.118000000000051e+01	5.032108e+00
2.119000000000051e+01	5.032120e+00
2.120000000000051e+01	5.032132e+00
2.121000000000052e+01	5.032144e+00
2.122000000000052e+01	5.032155e+00
2.123000000000052e+01	5.032167e+00
2.124000000000052e+01	5.032179e+00
2.125000000000052e+01	5.032191e+00
2.126000000000052e+01	5.032203e+00
2.127000000000053e+01	5.032215e+00
2.128000000000053e+01	5.032227e+00
2.129000000000053e+01	5.032238e+00
2.130000000000053e+01	5.032250e+00
2.131000000000053e+01	5.032262e+00
2.132000000000053e+01	5.032274e+00
2.133000000000053e+01	5.032286e+00
2.134000000000054e+01	5.032298e+00
2.135000000000054e+01	5.032309e+00
2.136000000000054e+01	5.032321e+00
2.137000000000054e+01	5.032333e+00
2.138000000000054e+01	5.032345e+00
2.139000000000054e+01	5.032357e+00
2.140000000000055e+01	5.032369e+00
2.141000000000055e+01	5.032380e+00
2.142000000000055e+01	5.032392e+00
2.143000000000055e+01	5.032404e+00
2.144000000000055e+01	5.032416e+00
2.145000000000055e+01	5.032427e+00
2.146000000000056e+01	5.032439e+00
2.147000000000056e+01	5.032451e+00
2.148000000000056e+01	5.032463e+00
2.149000000000056e+01	5.032475e+00
2.150000000000056e+01	5.032486e+00
2.151000000000056e+01	5.032498e+00
2.152000000000056e+01	5.032510e+00
2.153000000000057e+01	5.032522e+00
2.154000000000057e+01	5.032534e+00
2.155000000000057e+01	5.032546e+00
2.156000000000057e+01	5.032557e+00
2.157000000000057e+01	5.032569e+00
2.158000000000057e+01	5.032581e+00
2.159000000000058e+01	5.032593e+00
2.160000000000058e+01	5.032605e+00
2.161000000000058e+01	5.032616e+00
2.162000000000058e+01	5.032628e+00
2.163000000000058e+01	5.032640e+00
2.164000000000058e+01	5.032651e+00
2.165000000000058e+01	5.032663e+00
2.166000000000059e+01	5.032675e+00
2.167000000000059e+01	5.032687e+00
2.168000000000059e+01	5.032699e+00
2.169000000000059e+01	5.032711e+00
2.170000000000059e+01	5.032722e+00
2.171000000000059e+01	5.032734e+00
2.172000000000060e+01	5.032746e+00
2.173000000000060e+01	5.032757e+00
2.174000000000060e+01	5.032769e+00
2.175000000000060e+01	5.032781e+00
2.176000000000060e+01	5.032793e+00
2.177000000000060e+01	5.032804e+00
2.178000000000061e+01	5.032816e+00
2.179000000000061e+01	5.032828e+00
2.180000000000061e+01	5.032840e+00
2.181000000000061e+01	5.032851e+00
2.182000000000061e+01	5.032863e+00
2.183000000000061e+01	5.032875e+00
2.184000000000061e+01	5.032887e+00
2.185000000000062e+01	5.032898e+00
2.186000000000062e+01	5.032910e+00
2.187000000000062e+01	5.032922e+00
2.188000000000062e+01	5.032933e+00
2.189000000000062e+01	5.032945e+00
2.190000000000062e+01	5.032957e+00
2.191000000000063e+01	5.032969e+00
2.192000000000063e+01	5.032980e+00
2.193000000000063e+01	5.032992e+00
2.194000000000063e+01	5.033004e+00
2.195000000000063e+01	5.033015e+00
2.196000000000063e+01	5.033027e+00
2.197000000000063e+01	5.033039e+00
2.198000000000064e+01	5.033051e+00
2.199000000000064e+01	5.033062e+00
2.200000000000064e+01	5.033074e+00
2.201000000000064e+01	5.033085e+00
2.202000000000064e+01	5.033097e+00
2.203000000000064e+01	5.033109e+00
2.204000000000065e+01	5.033121e+00
2.205000000000065e+01	5.033132e+00
2.206000000000065e+01	5.033144e+00
2.207000000000065e+01	5.033155e+00
2.208000000000065e+01	5.033167e+00
2.209000000000065e+01	5.033179e+00
2.210000000000066e+01	5.033191e+00
2.211000000000066e+01	5.033202e+00
2.212000000000066e+01	5.033214e+00
2.213000000000066e+01	5.033226e+00
2.214000000000066e+01	5.033237e+00
2.215000000000066e+01	5.033249e+00
2.216000000000066e+01	5.033261e+00
2.217000000000067e+01	5.033272e+00
2.218000000000067e+01	5.033284e+00
2.219000000000067e+01	5.033296e+00
2.220000000000067e+01	5.033307e+00
2.221000000000067e+01	5.033319e+00
2.222000000000067e+01	5.033330e+00
2.223000000000068e+01	5.033342e+00
2.224000000000068e+01	5.033354e+00
2.225000000000068e+01	5.033365e+00
2.226000000000068e+01	5.033377e+00
2.227000000000068e+01	5.033389e+00
2.228000000000068e+01	5.033401e+00
2.229000000000068e+01	5.033412e+00
2.230000000000069e+01	5.033423e+00
2.231000000000069e+01	5.033435e+00
2.232000000000069e+01	5.033447e+00
2.233000000000069e+01	5.033458e+00
2.234000000000069e+01	5.033470e+00
2.235000000000069e+01	5.033482e+00
2.236000000000070e+01	5.033493e+00
2.237000000000070e+01	5.033505e+00
2.238000000000070e+01	5.033516e+00
2.239000000000070e+01	5.033528e+00
2.240000000000070e+01	5.033540e+00
2.241000000000070e+01	5.033551e+00
2.242000000000071e+01	5.033563e+00
2.243000000000071e+01	5.033575e+00
2.244000000000071e+01	5.033586e+00
2.245000000000071e+01	5.033597e+00
2.246000000000071e+01	5.033609e+00
2.247000000000071e+01	5.033621e+00
2.248000000000071e+01	5.033632e+00
2.249000000000072e+01	5.033644e+00
2.250000000000072e+01	5.033656e+00
2.251000000000072e+01	5.033667e+00
2.252000000000072e+01	5.033679e+00
2.253000000000072e+01	5.033690e+00
2.254000000000072e+01	5.033702e+00
2.255000000000073e+01	5.033713e+00
2.256000000000073e+01	5.033725e+00
2.257000000000073e+01	5.033737e+00
2.258000000000073e+01	5.033748e+00
2.259000000000073e+01	5.033760e+00
2.260000000000073e+01	5.033772e+00
2.261000000000073e+01	5.033783e+00
2.262000000000074e+01	5.033794e+00
2.263000000000074e+01	5.033806e+00
2.264000000000074e+01	5.033817e+00
2.265000000000074e+01	5.033829e+00
2.266000000000074e+01	5.033841e+00
2.267000000000074e+01	5.033852e+00
2.268000000000075e+01	5.033864e+00
2.269000000000075e+01	5.033875e+00
2.270000000000075e+01	5.033887e+00
2.271000000000075e+01	5.033898e+00
2.272000000000075e+01	5.033910e+00
2.273000000000075e+01	5.033921e+00
2.274000000000076e+01	5.033933e+00
2.275000000000076e+01	5.033945e+00
2.276000000000076e+01	5.033956e+00
2.277000000000076e+01	5.033967e+00
2.278000000000076e+01	5.033979e+00
2.279000000000076e+01	5.033990e+00
2.280000000000076e+01	5.034002e+00
2.281000000000077e+01	5.034014e+00
2.282000000000077e+01	5.034025e+00
2.283000000000077e+01	5.034037e+00
2.284000000000077e+01	5.034048e+00
2.285000000000077e+01	5.034060e+00
2.286000000000077e+01	5.034071e+00
2.287000000000078e+01	5.034082e+00
2.288000000000078e+01	5.034094e+00
2.289000000000078e+01	5.034106e+00
2.290000000000078e+01	5.034117e+00
2.291000000000078e+01	5.034129e+00
2.292000000000078e+01	5.034140e+00
2.293000000000078e+01	5.034152e+00
2.294000000000079e+01	5.034163e+00
2.295000000000079e+01	5.034174e+00
2.296000000000079e+01	5.034186e+00
2.297000000000079e+01	5.034197e+00
2.298000000000079e+01	5.034209e+00
2.299000000000079e+01	5.034220e+00
2.300000000000080e+01	5.034232e+00
2.301000000000080e+01	5.034244e+00
2.302000000000080e+01	5.034255e+00
2.303000000000080e+01	5.034266e+00
2.304000000000080e+01	5.034278e+00
2.305000000000080e+01	5.034289e+00
2.306000000000081e+01	5.034301e+00
2.307000000000081e+01	5.034312e+00
2.308000000000081e+01	5.034324e+00
2.309000000000081e+01	5.034335e+00
2.310000000000081e+01	5.034347e+00
2.311000000000081e+01	5.034358e+00
2.312000000000081e+01	5.034369e+00
2.313000000000082e+01	5.034381e+00
2.314000000000082e+01	5.034392e+00
2.315000000000082e+01	5.034404e+00
2.316000000000082e+01	5.034415e+00
2.317000000000082e+01	5.034427e+00
2.318000000000082e+01	5.034438e+00
2.319000000000083e+01	5.034450e+00
2.320000000000083e+01	5.034461e+00
2.321000000000083e+01	5.034472e+00
2.322000000000083e+01	5.034484e+00
2.323000000000083e+01	5.034495e+00
2.324000000000083e+01	5.034507e+00
2.325000000000083e+01	5.034518e+00
2.326000000000084e+01	5.034530e+00
2.327000000000084e+01	5.034541e+00
2.328000000000084e+01	5.034552e+00
2.329000000000084e+01	5.034564e+00
2.330000000000084e+01	5.034575e+00
2.331000000000084e+01	5.034586e+00
2.332000000000085e+01	5.034598e+00
2.333000000000085e+01	5.034609e+00
2.334000000000085e+01	5.034621e+00
2.335000000000085e+01	5.034632e+00
2.336000000000085e+01	5.034644e+00
2.337000000000085e+01	5.034655e+00
2.338000000000086e+01	5.034667e+00
2.339000000000086e+01	5.034678e+00
2.340000000000086e+01	5.034689e+00
2.341000000000086e+01	5.034700e+00
2.342000000000086e+01	5.034712e+00
2.343000000000086e+01	5.034723e+00
2.344000000000086e+01	5.034735e+00
2.345000000000087e+01	5.034746e+00
2.346000000000087e+01	5.034758e+00
2.347000000000087e+01	5.034769e+00
2.348000000000087e+01	5.034780e+00
2.349000000000087e+01	5.034791e+00
2.350000000000087e+01	5.034803e+00
2.351000000000088e+01	5.034814e+00
2.352000000000088e+01	5.034826e+00
2.353000000000088e+01	5.034837e+00
2.354000000000088e+01	5.034848e+00
2.355000000000088e+01	5.034860e+00
2.356000000000088e+01	5.034871e+00
2.357000000000088e+01	5.034883e+00
2.358000000000089e+01	5.034894e+00
2.359000000000089e+01	5.034905e+00
2.360000000000089e+01	5.034916e+00
2.361000000000089e+01	5.034928e+00
2.362000000000089e+01	5.034939e+00
2.363000000000089e+01	5.034951e+00
2.364000000000090e+01	5.034962e+00
2.365000000000090e+01	5.034973e+00
2.366000000000090e+01	5.034985e+00
2.367000000000090e+01	5.034996e+00
2.368000000000090e+01	5.035007e+00
2.369000000000090e+01	5.035018e+00
2.370000000000091e+01	5.035030e+00
2.371000000000091e+01	5.035041e+00
2.372000000000091e+01	5.035052e+00
2.373000000000091e+01	5.035064e+00
2.374000000000091e+01	5.035075e+00
2.375000000000091e+01	5.035087e+00
2.376000000000091e+01	5.035098e+00
2.377000000000092e+01	5.035109e+00
2.378000000000092e+01	5.035120e+00
2.379000000000092e+01	5.035131e+00
2.380000000000092e+01	5.035143e+00
2.381000000000092e+01	5.035154e+00
2.382000000000092e+01	5.035166e+00
2.383000000000093e+01	5.035177e+00
2.384000000000093e+01	5.035188e+00
2.385000000000093e+01	5.035200e+00
2.386000000000093e+01	5.035211e+00
2.387000000000093e+01	5.035222e+00
2.388000000000093e+01	5.035233e+00
2.389000000000093e+01	5.035244e+00
2.390000000000094e+01	5.035256e+00
2.391000000000094e+01	5.035267e+00
2.392000000000094e+01	5.035278e+00
2.393000000000094e+01	5.035290e+00
2.394000000000094e+01	5.035301e+00
2.395000000000094e+01	5.035312e+00
2.396000000000095e+01	5.035324e+00
2.397000000000095e+01	5.035335e+00
2.398000000000095e+01	5.035346e+00
2.399000000000095e+01	5.035357e+00
2.400000000000000e+01	5.035369e+00
