vreg	V(vo)
0.000000000000000e+00	1.172159e-10
1.000000000000000e-02	1.033924e-08
2.000000000000000e-02	2.401050e-08
3.000000000000000e-02	4.216840e-08
4.000000000000000e-02	6.606375e-08
5.000000000000000e-02	9.713096e-08
6.000000000000000e-02	1.368958e-07
7.000000000000001e-02	1.867951e-07
8.000000000000000e-02	2.478969e-07
9.000000000000000e-02	3.205497e-07
9.999999999999999e-02	4.040518e-07
1.100000000000000e-01	4.964883e-07
1.200000000000000e-01	5.948804e-07
1.300000000000000e-01	6.956932e-07
1.400000000000000e-01	7.955742e-07
1.500000000000000e-01	8.920670e-07
1.600000000000000e-01	9.840642e-07
1.700000000000000e-01	1.071874e-06
1.800000000000000e-01	1.156952e-06
1.900000000000000e-01	1.241453e-06
2.000000000000000e-01	1.327723e-06
2.100000000000000e-01	1.417801e-06
2.200000000000001e-01	1.513148e-06
2.300000000000001e-01	1.614380e-06
2.400000000000001e-01	1.721179e-06
2.500000000000001e-01	1.832347e-06
2.600000000000001e-01	1.945783e-06
2.700000000000001e-01	2.058966e-06
2.800000000000001e-01	2.168884e-06
2.900000000000001e-01	2.272802e-06
3.000000000000001e-01	2.368260e-06
3.100000000000001e-01	2.453756e-06
3.200000000000001e-01	2.528657e-06
3.300000000000001e-01	2.592956e-06
3.400000000000001e-01	2.647489e-06
3.500000000000001e-01	2.693515e-06
3.600000000000002e-01	2.732472e-06
3.700000000000002e-01	2.765466e-06
3.800000000000002e-01	2.793847e-06
3.900000000000002e-01	2.818568e-06
4.000000000000002e-01	2.840586e-06
4.100000000000002e-01	2.860517e-06
4.200000000000002e-01	2.878883e-06
4.300000000000002e-01	2.896121e-06
4.400000000000002e-01	2.912522e-06
4.500000000000002e-01	2.928263e-06
4.600000000000002e-01	2.943648e-06
4.700000000000003e-01	2.958544e-06
4.800000000000003e-01	2.973293e-06
4.900000000000003e-01	2.988028e-06
5.000000000000002e-01	3.002418e-06
5.100000000000002e-01	3.016739e-06
5.200000000000002e-01	3.031206e-06
5.300000000000002e-01	3.045421e-06
5.400000000000003e-01	3.059842e-06
5.500000000000003e-01	3.074162e-06
5.600000000000003e-01	3.088395e-06
5.700000000000003e-01	3.102716e-06
5.800000000000003e-01	3.117144e-06
5.900000000000003e-01	3.131523e-06
6.000000000000003e-01	3.145773e-06
6.100000000000003e-01	3.160229e-06
6.200000000000003e-01	3.174576e-06
6.300000000000003e-01	3.189005e-06
6.400000000000003e-01	3.203442e-06
6.500000000000004e-01	3.217827e-06
6.600000000000004e-01	3.232300e-06
6.700000000000004e-01	3.246931e-06
6.800000000000004e-01	3.261354e-06
6.900000000000004e-01	3.275967e-06
7.000000000000004e-01	3.290471e-06
7.100000000000004e-01	3.305217e-06
7.200000000000004e-01	3.319863e-06
7.300000000000004e-01	3.334442e-06
7.400000000000004e-01	3.349080e-06
7.500000000000004e-01	3.363792e-06
7.600000000000005e-01	3.378521e-06
7.700000000000005e-01	3.393204e-06
7.800000000000005e-01	3.407982e-06
7.900000000000005e-01	3.422811e-06
8.000000000000005e-01	3.437767e-06
8.100000000000005e-01	3.452466e-06
8.200000000000005e-01	3.467501e-06
8.300000000000005e-01	3.482266e-06
8.400000000000005e-01	3.497145e-06
8.500000000000005e-01	3.512118e-06
8.600000000000005e-01	3.527159e-06
8.700000000000006e-01	3.542106e-06
8.800000000000006e-01	3.556980e-06
8.900000000000006e-01	3.572048e-06
9.000000000000006e-01	3.587069e-06
9.100000000000006e-01	3.602049e-06
9.200000000000006e-01	3.617128e-06
9.300000000000006e-01	3.632264e-06
9.400000000000006e-01	3.647305e-06
9.500000000000006e-01	3.662610e-06
9.600000000000006e-01	3.677767e-06
9.700000000000006e-01	3.692959e-06
9.800000000000006e-01	3.708045e-06
9.900000000000007e-01	3.723188e-06
1.000000000000001e+00	3.738634e-06
1.010000000000001e+00	3.753826e-06
1.020000000000001e+00	3.769107e-06
1.030000000000001e+00	3.784458e-06
1.040000000000001e+00	3.799781e-06
1.050000000000001e+00	3.815038e-06
1.060000000000001e+00	3.830496e-06
1.070000000000001e+00	3.845846e-06
1.080000000000001e+00	3.861202e-06
1.090000000000001e+00	3.876666e-06
1.100000000000001e+00	3.892057e-06
1.110000000000001e+00	3.907611e-06
1.120000000000001e+00	3.923109e-06
1.130000000000001e+00	3.938641e-06
1.140000000000001e+00	3.954136e-06
1.150000000000001e+00	3.969770e-06
1.160000000000001e+00	3.985275e-06
1.170000000000001e+00	4.000786e-06
1.180000000000001e+00	4.016473e-06
1.190000000000001e+00	4.032066e-06
1.200000000000001e+00	4.047768e-06
1.210000000000001e+00	4.063502e-06
1.220000000000001e+00	4.079009e-06
1.230000000000001e+00	4.094758e-06
1.240000000000001e+00	4.110541e-06
1.250000000000001e+00	4.126229e-06
1.260000000000001e+00	4.142081e-06
1.270000000000001e+00	4.157920e-06
1.280000000000001e+00	4.173635e-06
1.290000000000001e+00	4.189379e-06
1.300000000000001e+00	4.205385e-06
1.310000000000001e+00	4.221165e-06
1.320000000000001e+00	4.237058e-06
1.330000000000001e+00	4.252886e-06
1.340000000000001e+00	4.268740e-06
1.350000000000001e+00	4.284775e-06
1.360000000000001e+00	4.300749e-06
1.370000000000001e+00	4.316663e-06
1.380000000000001e+00	4.332747e-06
1.390000000000001e+00	4.348682e-06
1.400000000000001e+00	4.364686e-06
1.410000000000001e+00	4.380811e-06
1.420000000000001e+00	4.396706e-06
1.430000000000001e+00	4.412927e-06
1.440000000000001e+00	4.428878e-06
1.450000000000001e+00	4.445165e-06
1.460000000000001e+00	4.461245e-06
1.470000000000001e+00	4.477346e-06
1.480000000000001e+00	4.493650e-06
1.490000000000001e+00	4.509630e-06
1.500000000000001e+00	4.525948e-06
1.510000000000001e+00	4.542178e-06
1.520000000000001e+00	4.558336e-06
1.530000000000001e+00	4.574793e-06
1.540000000000001e+00	4.590956e-06
1.550000000000001e+00	4.607180e-06
1.560000000000001e+00	4.623544e-06
1.570000000000001e+00	4.639859e-06
1.580000000000001e+00	4.656252e-06
1.590000000000001e+00	4.672603e-06
1.600000000000001e+00	4.688950e-06
1.610000000000001e+00	4.705392e-06
1.620000000000001e+00	4.721922e-06
1.630000000000001e+00	4.738290e-06
1.640000000000001e+00	4.754858e-06
1.650000000000001e+00	4.771368e-06
1.660000000000001e+00	4.787991e-06
1.670000000000001e+00	4.804699e-06
1.680000000000001e+00	4.821466e-06
1.690000000000001e+00	4.838449e-06
1.700000000000001e+00	4.855741e-06
1.710000000000001e+00	4.873246e-06
1.720000000000001e+00	4.891235e-06
1.730000000000001e+00	4.910051e-06
1.740000000000001e+00	4.929580e-06
1.750000000000001e+00	4.950879e-06
1.760000000000001e+00	4.973927e-06
1.770000000000001e+00	5.000181e-06
1.780000000000001e+00	5.030879e-06
1.790000000000001e+00	5.068446e-06
1.800000000000001e+00	5.115235e-06
1.810000000000001e+00	5.176286e-06
1.820000000000001e+00	5.258349e-06
1.830000000000001e+00	5.371124e-06
1.840000000000001e+00	5.528977e-06
1.850000000000001e+00	5.753900e-06
1.860000000000001e+00	6.078488e-06
1.870000000000001e+00	6.550682e-06
1.880000000000001e+00	7.244579e-06
1.890000000000001e+00	8.271267e-06
1.900000000000001e+00	9.799734e-06
1.910000000000001e+00	1.208542e-05
1.920000000000001e+00	1.551615e-05
1.930000000000001e+00	2.067493e-05
1.940000000000002e+00	2.843600e-05
1.950000000000002e+00	4.010698e-05
1.960000000000002e+00	5.763400e-05
1.970000000000002e+00	8.391082e-05
1.980000000000002e+00	1.232292e-04
1.990000000000002e+00	1.819439e-04
2.000000000000001e+00	2.694545e-04
2.010000000000001e+00	3.996417e-04
2.020000000000001e+00	5.929876e-04
2.030000000000001e+00	8.796817e-04
2.040000000000000e+00	1.304180e-03
2.050000000000000e+00	1.931899e-03
2.060000000000000e+00	2.859011e-03
2.070000000000000e+00	4.226808e-03
2.080000000000000e+00	6.242698e-03
2.089999999999999e+00	9.210895e-03
2.099999999999999e+00	1.357718e-02
2.109999999999999e+00	1.999406e-02
2.119999999999999e+00	2.941522e-02
2.129999999999999e+00	4.323194e-02
2.139999999999998e+00	6.346858e-02
2.149999999999998e+00	9.305985e-02
2.159999999999998e+00	1.362381e-01
2.169999999999998e+00	1.990617e-01
2.179999999999997e+00	2.901092e-01
2.189999999999997e+00	4.213404e-01
2.199999999999997e+00	6.090578e-01
2.209999999999997e+00	8.747748e-01
2.219999999999997e+00	1.245583e+00
2.229999999999996e+00	1.523452e+00
2.239999999999996e+00	1.569255e+00
2.249999999999996e+00	1.598242e+00
2.259999999999996e+00	1.621807e+00
2.269999999999996e+00	1.641791e+00
2.279999999999995e+00	1.659842e+00
2.289999999999995e+00	1.676337e+00
2.299999999999995e+00	1.691392e+00
2.309999999999995e+00	1.705202e+00
2.319999999999995e+00	1.717983e+00
2.329999999999994e+00	1.729942e+00
2.339999999999994e+00	1.741268e+00
2.349999999999994e+00	1.752117e+00
2.359999999999994e+00	1.762609e+00
2.369999999999993e+00	1.772829e+00
2.379999999999993e+00	1.782833e+00
2.389999999999993e+00	1.792653e+00
2.399999999999993e+00	1.802305e+00
2.409999999999993e+00	1.811792e+00
2.419999999999992e+00	1.821105e+00
2.429999999999992e+00	1.830235e+00
2.439999999999992e+00	1.839170e+00
2.449999999999992e+00	1.847900e+00
2.459999999999992e+00	1.856421e+00
2.469999999999991e+00	1.864734e+00
2.479999999999991e+00	1.872851e+00
2.489999999999991e+00	1.880790e+00
2.499999999999991e+00	1.888579e+00
2.509999999999990e+00	1.896256e+00
2.519999999999990e+00	1.903866e+00
2.529999999999990e+00	1.911460e+00
2.539999999999990e+00	1.919093e+00
2.549999999999990e+00	1.926824e+00
2.559999999999989e+00	1.934704e+00
2.569999999999989e+00	1.942781e+00
2.579999999999989e+00	1.951087e+00
2.589999999999989e+00	1.959638e+00
2.599999999999989e+00	1.968431e+00
2.609999999999988e+00	1.977450e+00
2.619999999999988e+00	1.986665e+00
2.629999999999988e+00	1.996043e+00
2.639999999999988e+00	2.005550e+00
2.649999999999987e+00	2.015157e+00
2.659999999999987e+00	2.024837e+00
2.669999999999987e+00	2.034570e+00
2.679999999999987e+00	2.044343e+00
2.689999999999987e+00	2.054144e+00
2.699999999999986e+00	2.063964e+00
2.709999999999986e+00	2.073799e+00
2.719999999999986e+00	2.083643e+00
2.729999999999986e+00	2.093495e+00
2.739999999999986e+00	2.103352e+00
2.749999999999985e+00	2.113212e+00
2.759999999999985e+00	2.123076e+00
2.769999999999985e+00	2.132941e+00
2.779999999999985e+00	2.142808e+00
2.789999999999984e+00	2.152677e+00
2.799999999999984e+00	2.162546e+00
2.809999999999984e+00	2.172417e+00
2.819999999999984e+00	2.182288e+00
2.829999999999984e+00	2.192160e+00
2.839999999999983e+00	2.202032e+00
2.849999999999983e+00	2.211905e+00
2.859999999999983e+00	2.221779e+00
2.869999999999983e+00	2.231653e+00
2.879999999999983e+00	2.241528e+00
2.889999999999982e+00	2.251403e+00
2.899999999999982e+00	2.261279e+00
2.909999999999982e+00	2.271155e+00
2.919999999999982e+00	2.281032e+00
2.929999999999982e+00	2.290909e+00
2.939999999999981e+00	2.300787e+00
2.949999999999981e+00	2.310665e+00
2.959999999999981e+00	2.320544e+00
2.969999999999981e+00	2.330423e+00
2.979999999999980e+00	2.340303e+00
2.989999999999980e+00	2.350183e+00
2.999999999999980e+00	2.360064e+00
3.009999999999980e+00	2.369945e+00
3.019999999999980e+00	2.379826e+00
3.029999999999979e+00	2.389708e+00
3.039999999999979e+00	2.399590e+00
3.049999999999979e+00	2.409473e+00
3.059999999999979e+00	2.419357e+00
3.069999999999979e+00	2.429240e+00
3.079999999999978e+00	2.439125e+00
3.089999999999978e+00	2.449009e+00
3.099999999999978e+00	2.458894e+00
3.109999999999978e+00	2.468779e+00
3.119999999999977e+00	2.478665e+00
3.129999999999977e+00	2.488551e+00
3.139999999999977e+00	2.498438e+00
3.149999999999977e+00	2.508325e+00
3.159999999999977e+00	2.518213e+00
3.169999999999976e+00	2.528100e+00
3.179999999999976e+00	2.537988e+00
3.189999999999976e+00	2.547877e+00
3.199999999999976e+00	2.557766e+00
3.209999999999976e+00	2.567656e+00
3.219999999999975e+00	2.577545e+00
3.229999999999975e+00	2.587435e+00
3.239999999999975e+00	2.597326e+00
3.249999999999975e+00	2.607217e+00
3.259999999999974e+00	2.617108e+00
3.269999999999974e+00	2.627000e+00
3.279999999999974e+00	2.636892e+00
3.289999999999974e+00	2.646784e+00
3.299999999999974e+00	2.656677e+00
3.309999999999973e+00	2.666570e+00
3.319999999999973e+00	2.676464e+00
3.329999999999973e+00	2.686357e+00
3.339999999999973e+00	2.696252e+00
3.349999999999973e+00	2.706146e+00
3.359999999999972e+00	2.716041e+00
3.369999999999972e+00	2.725936e+00
3.379999999999972e+00	2.735832e+00
3.389999999999972e+00	2.745728e+00
3.399999999999971e+00	2.755624e+00
3.409999999999971e+00	2.765520e+00
3.419999999999971e+00	2.775417e+00
3.429999999999971e+00	2.785315e+00
3.439999999999971e+00	2.795212e+00
3.449999999999970e+00	2.805110e+00
3.459999999999970e+00	2.815008e+00
3.469999999999970e+00	2.824907e+00
3.479999999999970e+00	2.834805e+00
3.489999999999970e+00	2.844705e+00
3.499999999999969e+00	2.854604e+00
3.509999999999969e+00	2.864504e+00
3.519999999999969e+00	2.874404e+00
3.529999999999969e+00	2.884304e+00
3.539999999999969e+00	2.894205e+00
3.549999999999968e+00	2.904106e+00
3.559999999999968e+00	2.914007e+00
3.569999999999968e+00	2.923909e+00
3.579999999999968e+00	2.933811e+00
3.589999999999967e+00	2.943713e+00
3.599999999999967e+00	2.953615e+00
3.609999999999967e+00	2.963518e+00
3.619999999999967e+00	2.973421e+00
3.629999999999967e+00	2.983325e+00
3.639999999999966e+00	2.993228e+00
3.649999999999966e+00	3.003132e+00
3.659999999999966e+00	3.013036e+00
3.669999999999966e+00	3.022941e+00
3.679999999999966e+00	3.032846e+00
3.689999999999965e+00	3.042751e+00
3.699999999999965e+00	3.052656e+00
3.709999999999965e+00	3.062562e+00
3.719999999999965e+00	3.072468e+00
3.729999999999964e+00	3.082374e+00
3.739999999999964e+00	3.092280e+00
3.749999999999964e+00	3.102187e+00
3.759999999999964e+00	3.112093e+00
3.769999999999964e+00	3.122001e+00
3.779999999999963e+00	3.131908e+00
3.789999999999963e+00	3.141816e+00
3.799999999999963e+00	3.151724e+00
3.809999999999963e+00	3.161632e+00
3.819999999999963e+00	3.171540e+00
3.829999999999962e+00	3.181449e+00
3.839999999999962e+00	3.191358e+00
3.849999999999962e+00	3.201267e+00
3.859999999999962e+00	3.211177e+00
3.869999999999961e+00	3.221087e+00
3.879999999999961e+00	3.230997e+00
3.889999999999961e+00	3.240907e+00
3.899999999999961e+00	3.250817e+00
3.909999999999961e+00	3.260728e+00
3.919999999999960e+00	3.270639e+00
3.929999999999960e+00	3.280550e+00
3.939999999999960e+00	3.290462e+00
3.949999999999960e+00	3.300373e+00
3.959999999999960e+00	3.310285e+00
3.969999999999959e+00	3.320197e+00
3.979999999999959e+00	3.330109e+00
3.989999999999959e+00	3.340022e+00
3.999999999999959e+00	3.349935e+00
4.009999999999959e+00	3.359848e+00
4.019999999999959e+00	3.369761e+00
4.029999999999959e+00	3.379674e+00
4.039999999999958e+00	3.389588e+00
4.049999999999958e+00	3.399502e+00
4.059999999999958e+00	3.409416e+00
4.069999999999958e+00	3.419331e+00
4.079999999999957e+00	3.429245e+00
4.089999999999957e+00	3.439160e+00
4.099999999999957e+00	3.449075e+00
4.109999999999957e+00	3.458990e+00
4.119999999999957e+00	3.468905e+00
4.129999999999956e+00	3.478821e+00
4.139999999999956e+00	3.488737e+00
4.149999999999956e+00	3.498653e+00
4.159999999999956e+00	3.508569e+00
4.169999999999956e+00	3.518486e+00
4.179999999999955e+00	3.528402e+00
4.189999999999955e+00	3.538319e+00
4.199999999999955e+00	3.548236e+00
4.209999999999955e+00	3.558154e+00
4.219999999999954e+00	3.568071e+00
4.229999999999954e+00	3.577989e+00
4.239999999999954e+00	3.587907e+00
4.249999999999954e+00	3.597825e+00
4.259999999999954e+00	3.607743e+00
4.269999999999953e+00	3.617661e+00
4.279999999999953e+00	3.627580e+00
4.289999999999953e+00	3.637499e+00
4.299999999999953e+00	3.647418e+00
4.309999999999953e+00	3.657337e+00
4.319999999999952e+00	3.667257e+00
4.329999999999952e+00	3.677176e+00
4.339999999999952e+00	3.687096e+00
4.349999999999952e+00	3.697016e+00
4.359999999999951e+00	3.706936e+00
4.369999999999951e+00	3.716857e+00
4.379999999999951e+00	3.726777e+00
4.389999999999951e+00	3.736698e+00
4.399999999999951e+00	3.746619e+00
4.409999999999950e+00	3.756540e+00
4.419999999999950e+00	3.766461e+00
4.429999999999950e+00	3.776383e+00
4.439999999999950e+00	3.786304e+00
4.449999999999950e+00	3.796226e+00
4.459999999999949e+00	3.806148e+00
4.469999999999949e+00	3.816070e+00
4.479999999999949e+00	3.825993e+00
4.489999999999949e+00	3.835915e+00
4.499999999999948e+00	3.845838e+00
4.509999999999948e+00	3.855761e+00
4.519999999999948e+00	3.865684e+00
4.529999999999948e+00	3.875607e+00
4.539999999999948e+00	3.885530e+00
4.549999999999947e+00	3.895454e+00
4.559999999999947e+00	3.905378e+00
4.569999999999947e+00	3.915302e+00
4.579999999999947e+00	3.925225e+00
4.589999999999947e+00	3.935150e+00
4.599999999999946e+00	3.945074e+00
4.609999999999946e+00	3.954999e+00
4.619999999999946e+00	3.964923e+00
4.629999999999946e+00	3.974848e+00
4.639999999999946e+00	3.984773e+00
4.649999999999945e+00	3.994699e+00
4.659999999999945e+00	4.004624e+00
4.669999999999945e+00	4.014549e+00
4.679999999999945e+00	4.024475e+00
4.689999999999944e+00	4.034401e+00
4.699999999999944e+00	4.044327e+00
4.709999999999944e+00	4.054253e+00
4.719999999999944e+00	4.064179e+00
4.729999999999944e+00	4.074105e+00
4.739999999999943e+00	4.084032e+00
4.749999999999943e+00	4.093959e+00
4.759999999999943e+00	4.103886e+00
4.769999999999943e+00	4.113813e+00
4.779999999999943e+00	4.123740e+00
4.789999999999942e+00	4.133667e+00
4.799999999999942e+00	4.143595e+00
4.809999999999942e+00	4.153522e+00
4.819999999999942e+00	4.163450e+00
4.829999999999941e+00	4.173378e+00
4.839999999999941e+00	4.183306e+00
4.849999999999941e+00	4.193234e+00
4.859999999999941e+00	4.203163e+00
4.869999999999941e+00	4.213091e+00
4.879999999999940e+00	4.223020e+00
4.889999999999940e+00	4.232949e+00
4.899999999999940e+00	4.242877e+00
4.909999999999940e+00	4.252807e+00
4.919999999999940e+00	4.262736e+00
4.929999999999939e+00	4.272665e+00
4.939999999999939e+00	4.282595e+00
4.949999999999939e+00	4.292524e+00
4.959999999999939e+00	4.302454e+00
4.969999999999938e+00	4.312384e+00
4.979999999999938e+00	4.322314e+00
4.989999999999938e+00	4.332244e+00
4.999999999999938e+00	4.342175e+00
5.009999999999938e+00	4.352105e+00
5.019999999999937e+00	4.362036e+00
5.029999999999937e+00	4.371966e+00
5.039999999999937e+00	4.381897e+00
5.049999999999937e+00	4.391828e+00
5.059999999999937e+00	4.401759e+00
5.069999999999936e+00	4.411690e+00
5.079999999999936e+00	4.421621e+00
5.089999999999936e+00	4.431553e+00
5.099999999999936e+00	4.441484e+00
5.109999999999935e+00	4.451416e+00
5.119999999999935e+00	4.461348e+00
5.129999999999935e+00	4.471280e+00
5.139999999999935e+00	4.481212e+00
5.149999999999935e+00	4.491144e+00
5.159999999999934e+00	4.501076e+00
5.169999999999934e+00	4.511008e+00
5.179999999999934e+00	4.520940e+00
5.189999999999934e+00	4.530872e+00
5.199999999999934e+00	4.540804e+00
5.209999999999933e+00	4.550736e+00
5.219999999999933e+00	4.560668e+00
5.229999999999933e+00	4.570601e+00
5.239999999999933e+00	4.580532e+00
5.249999999999932e+00	4.590464e+00
5.259999999999932e+00	4.600395e+00
5.269999999999932e+00	4.610326e+00
5.279999999999932e+00	4.620257e+00
5.289999999999932e+00	4.630187e+00
5.299999999999931e+00	4.640116e+00
5.309999999999931e+00	4.650044e+00
5.319999999999931e+00	4.659971e+00
5.329999999999931e+00	4.669897e+00
5.339999999999931e+00	4.679821e+00
5.349999999999930e+00	4.689744e+00
5.359999999999930e+00	4.699663e+00
5.369999999999930e+00	4.709579e+00
5.379999999999930e+00	4.719492e+00
5.389999999999930e+00	4.729401e+00
5.399999999999929e+00	4.739304e+00
5.409999999999929e+00	4.749200e+00
5.419999999999929e+00	4.759089e+00
5.429999999999929e+00	4.768968e+00
5.439999999999928e+00	4.778836e+00
5.449999999999928e+00	4.788690e+00
5.459999999999928e+00	4.798527e+00
5.469999999999928e+00	4.808345e+00
5.479999999999928e+00	4.818140e+00
5.489999999999927e+00	4.827906e+00
5.499999999999927e+00	4.837639e+00
5.509999999999927e+00	4.847334e+00
5.519999999999927e+00	4.856982e+00
5.529999999999927e+00	4.866576e+00
5.539999999999926e+00	4.876106e+00
5.549999999999926e+00	4.885561e+00
5.559999999999926e+00	4.894929e+00
5.569999999999926e+00	4.904196e+00
5.579999999999925e+00	4.913343e+00
5.589999999999925e+00	4.922352e+00
5.599999999999925e+00	4.931198e+00
5.609999999999925e+00	4.939853e+00
5.619999999999925e+00	4.948282e+00
5.629999999999924e+00	4.956443e+00
5.639999999999924e+00	4.964284e+00
5.649999999999924e+00	4.971743e+00
5.659999999999924e+00	4.978747e+00
5.669999999999924e+00	4.985213e+00
5.679999999999923e+00	4.991055e+00
5.689999999999923e+00	4.996199e+00
5.699999999999923e+00	5.000588e+00
5.709999999999923e+00	5.004212e+00
5.719999999999922e+00	5.007104e+00
5.729999999999922e+00	5.009339e+00
5.739999999999922e+00	5.011018e+00
5.749999999999922e+00	5.012251e+00
5.759999999999922e+00	5.013141e+00
5.769999999999921e+00	5.013775e+00
5.779999999999921e+00	5.014225e+00
5.789999999999921e+00	5.014542e+00
5.799999999999921e+00	5.014766e+00
5.809999999999921e+00	5.014926e+00
5.819999999999920e+00	5.015041e+00
5.829999999999920e+00	5.015125e+00
5.839999999999920e+00	5.015187e+00
5.849999999999920e+00	5.015235e+00
5.859999999999919e+00	5.015273e+00
5.869999999999919e+00	5.015305e+00
5.879999999999919e+00	5.015331e+00
5.889999999999919e+00	5.015354e+00
5.899999999999919e+00	5.015375e+00
5.909999999999918e+00	5.015395e+00
5.919999999999918e+00	5.015413e+00
5.929999999999918e+00	5.015431e+00
5.939999999999918e+00	5.015448e+00
5.949999999999918e+00	5.015465e+00
5.959999999999917e+00	5.015482e+00
5.969999999999917e+00	5.015499e+00
5.979999999999917e+00	5.015515e+00
5.989999999999917e+00	5.015531e+00
5.999999999999917e+00	5.015547e+00
6.009999999999916e+00	5.015563e+00
6.019999999999916e+00	5.015580e+00
6.029999999999916e+00	5.015596e+00
6.039999999999916e+00	5.015612e+00
6.049999999999915e+00	5.015628e+00
6.059999999999915e+00	5.015645e+00
6.069999999999915e+00	5.015661e+00
6.079999999999915e+00	5.015677e+00
6.089999999999915e+00	5.015693e+00
6.099999999999914e+00	5.015709e+00
6.109999999999914e+00	5.015725e+00
6.119999999999914e+00	5.015741e+00
6.129999999999914e+00	5.015758e+00
6.139999999999914e+00	5.015774e+00
6.149999999999913e+00	5.015790e+00
6.159999999999913e+00	5.015806e+00
6.169999999999913e+00	5.015822e+00
6.179999999999913e+00	5.015838e+00
6.189999999999912e+00	5.015854e+00
6.199999999999912e+00	5.015870e+00
6.209999999999912e+00	5.015886e+00
6.219999999999912e+00	5.015903e+00
6.229999999999912e+00	5.015919e+00
6.239999999999911e+00	5.015934e+00
6.249999999999911e+00	5.015951e+00
6.259999999999911e+00	5.015967e+00
6.269999999999911e+00	5.015983e+00
6.279999999999911e+00	5.015999e+00
6.289999999999910e+00	5.016015e+00
6.299999999999910e+00	5.016031e+00
6.309999999999910e+00	5.016047e+00
6.319999999999910e+00	5.016063e+00
6.329999999999909e+00	5.016079e+00
6.339999999999909e+00	5.016095e+00
6.349999999999909e+00	5.016111e+00
6.359999999999909e+00	5.016127e+00
6.369999999999909e+00	5.016143e+00
6.379999999999908e+00	5.016159e+00
6.389999999999908e+00	5.016175e+00
6.399999999999908e+00	5.016191e+00
6.409999999999908e+00	5.016207e+00
6.419999999999908e+00	5.016223e+00
6.429999999999907e+00	5.016239e+00
6.439999999999907e+00	5.016255e+00
6.449999999999907e+00	5.016271e+00
6.459999999999907e+00	5.016287e+00
6.469999999999906e+00	5.016303e+00
6.479999999999906e+00	5.016319e+00
6.489999999999906e+00	5.016335e+00
6.499999999999906e+00	5.016351e+00
6.509999999999906e+00	5.016366e+00
6.519999999999905e+00	5.016383e+00
6.529999999999905e+00	5.016398e+00
6.539999999999905e+00	5.016415e+00
6.549999999999905e+00	5.016430e+00
6.559999999999905e+00	5.016446e+00
6.569999999999904e+00	5.016462e+00
6.579999999999904e+00	5.016478e+00
6.589999999999904e+00	5.016494e+00
6.599999999999904e+00	5.016510e+00
6.609999999999904e+00	5.016526e+00
6.619999999999903e+00	5.016541e+00
6.629999999999903e+00	5.016558e+00
6.639999999999903e+00	5.016573e+00
6.649999999999903e+00	5.016589e+00
6.659999999999902e+00	5.016605e+00
6.669999999999902e+00	5.016621e+00
6.679999999999902e+00	5.016637e+00
6.689999999999902e+00	5.016653e+00
6.699999999999902e+00	5.016669e+00
6.709999999999901e+00	5.016685e+00
6.719999999999901e+00	5.016700e+00
6.729999999999901e+00	5.016716e+00
6.739999999999901e+00	5.016732e+00
6.749999999999901e+00	5.016748e+00
6.759999999999900e+00	5.016764e+00
6.769999999999900e+00	5.016779e+00
6.779999999999900e+00	5.016795e+00
6.789999999999900e+00	5.016811e+00
6.799999999999899e+00	5.016827e+00
6.809999999999899e+00	5.016843e+00
6.819999999999899e+00	5.016859e+00
6.829999999999899e+00	5.016874e+00
6.839999999999899e+00	5.016890e+00
6.849999999999898e+00	5.016906e+00
6.859999999999898e+00	5.016922e+00
6.869999999999898e+00	5.016938e+00
6.879999999999898e+00	5.016953e+00
6.889999999999898e+00	5.016969e+00
6.899999999999897e+00	5.016985e+00
6.909999999999897e+00	5.017001e+00
6.919999999999897e+00	5.017016e+00
6.929999999999897e+00	5.017032e+00
6.939999999999896e+00	5.017048e+00
6.949999999999896e+00	5.017064e+00
6.959999999999896e+00	5.017079e+00
6.969999999999896e+00	5.017095e+00
6.979999999999896e+00	5.017111e+00
6.989999999999895e+00	5.017127e+00
6.999999999999895e+00	5.017142e+00
7.009999999999895e+00	5.017158e+00
7.019999999999895e+00	5.017174e+00
7.029999999999895e+00	5.017190e+00
7.039999999999894e+00	5.017205e+00
7.049999999999894e+00	5.017221e+00
7.059999999999894e+00	5.017237e+00
7.069999999999894e+00	5.017252e+00
7.079999999999893e+00	5.017268e+00
7.089999999999893e+00	5.017283e+00
7.099999999999893e+00	5.017299e+00
7.109999999999893e+00	5.017315e+00
7.119999999999893e+00	5.017331e+00
7.129999999999892e+00	5.017346e+00
7.139999999999892e+00	5.017362e+00
7.149999999999892e+00	5.017378e+00
7.159999999999892e+00	5.017394e+00
7.169999999999892e+00	5.017409e+00
7.179999999999891e+00	5.017425e+00
7.189999999999891e+00	5.017440e+00
7.199999999999891e+00	5.017456e+00
7.209999999999891e+00	5.017472e+00
7.219999999999891e+00	5.017487e+00
7.229999999999890e+00	5.017503e+00
7.239999999999890e+00	5.017519e+00
7.249999999999890e+00	5.017534e+00
7.259999999999890e+00	5.017550e+00
7.269999999999889e+00	5.017565e+00
7.279999999999889e+00	5.017581e+00
7.289999999999889e+00	5.017597e+00
7.299999999999889e+00	5.017612e+00
7.309999999999889e+00	5.017628e+00
7.319999999999888e+00	5.017643e+00
7.329999999999888e+00	5.017659e+00
7.339999999999888e+00	5.017674e+00
7.349999999999888e+00	5.017690e+00
7.359999999999888e+00	5.017705e+00
7.369999999999887e+00	5.017721e+00
7.379999999999887e+00	5.017737e+00
7.389999999999887e+00	5.017752e+00
7.399999999999887e+00	5.017768e+00
7.409999999999886e+00	5.017783e+00
7.419999999999886e+00	5.017799e+00
7.429999999999886e+00	5.017815e+00
7.439999999999886e+00	5.017830e+00
7.449999999999886e+00	5.017846e+00
7.459999999999885e+00	5.017861e+00
7.469999999999885e+00	5.017877e+00
7.479999999999885e+00	5.017892e+00
7.489999999999885e+00	5.017908e+00
7.499999999999885e+00	5.017923e+00
7.509999999999884e+00	5.017939e+00
7.519999999999884e+00	5.017954e+00
7.529999999999884e+00	5.017970e+00
7.539999999999884e+00	5.017985e+00
7.549999999999883e+00	5.018001e+00
7.559999999999883e+00	5.018016e+00
7.569999999999883e+00	5.018032e+00
7.579999999999883e+00	5.018047e+00
7.589999999999883e+00	5.018063e+00
7.599999999999882e+00	5.018078e+00
7.609999999999882e+00	5.018094e+00
7.619999999999882e+00	5.018109e+00
7.629999999999882e+00	5.018125e+00
7.639999999999882e+00	5.018140e+00
7.649999999999881e+00	5.018155e+00
7.659999999999881e+00	5.018171e+00
7.669999999999881e+00	5.018186e+00
7.679999999999881e+00	5.018201e+00
7.689999999999880e+00	5.018217e+00
7.699999999999880e+00	5.018232e+00
7.709999999999880e+00	5.018248e+00
7.719999999999880e+00	5.018263e+00
7.729999999999880e+00	5.018279e+00
7.739999999999879e+00	5.018294e+00
7.749999999999879e+00	5.018310e+00
7.759999999999879e+00	5.018325e+00
7.769999999999879e+00	5.018340e+00
7.779999999999879e+00	5.018356e+00
7.789999999999878e+00	5.018371e+00
7.799999999999878e+00	5.018386e+00
7.809999999999878e+00	5.018402e+00
7.819999999999878e+00	5.018417e+00
7.829999999999878e+00	5.018433e+00
7.839999999999877e+00	5.018448e+00
7.849999999999877e+00	5.018463e+00
7.859999999999877e+00	5.018479e+00
7.869999999999877e+00	5.018494e+00
7.879999999999876e+00	5.018509e+00
7.889999999999876e+00	5.018525e+00
7.899999999999876e+00	5.018540e+00
7.909999999999876e+00	5.018556e+00
7.919999999999876e+00	5.018571e+00
7.929999999999875e+00	5.018586e+00
7.939999999999875e+00	5.018601e+00
7.949999999999875e+00	5.018617e+00
7.959999999999875e+00	5.018632e+00
7.969999999999875e+00	5.018647e+00
7.979999999999874e+00	5.018663e+00
7.989999999999874e+00	5.018678e+00
7.999999999999874e+00	5.018693e+00
8.009999999999874e+00	5.018709e+00
8.019999999999873e+00	5.018724e+00
8.029999999999873e+00	5.018739e+00
8.039999999999873e+00	5.018754e+00
8.049999999999873e+00	5.018770e+00
8.059999999999873e+00	5.018785e+00
8.069999999999872e+00	5.018800e+00
8.079999999999872e+00	5.018816e+00
8.089999999999872e+00	5.018831e+00
8.099999999999872e+00	5.018846e+00
8.109999999999872e+00	5.018861e+00
8.119999999999871e+00	5.018877e+00
8.129999999999871e+00	5.018892e+00
8.139999999999871e+00	5.018907e+00
8.149999999999871e+00	5.018922e+00
8.159999999999870e+00	5.018938e+00
8.169999999999870e+00	5.018953e+00
8.179999999999870e+00	5.018968e+00
8.189999999999870e+00	5.018983e+00
8.199999999999870e+00	5.018999e+00
8.209999999999869e+00	5.019014e+00
8.219999999999869e+00	5.019029e+00
8.229999999999869e+00	5.019044e+00
8.239999999999869e+00	5.019059e+00
8.249999999999869e+00	5.019074e+00
8.259999999999868e+00	5.019090e+00
8.269999999999868e+00	5.019105e+00
8.279999999999868e+00	5.019120e+00
8.289999999999868e+00	5.019135e+00
8.299999999999867e+00	5.019151e+00
8.309999999999867e+00	5.019166e+00
8.319999999999867e+00	5.019181e+00
8.329999999999867e+00	5.019196e+00
8.339999999999867e+00	5.019211e+00
8.349999999999866e+00	5.019227e+00
8.359999999999866e+00	5.019241e+00
8.369999999999866e+00	5.019257e+00
8.379999999999866e+00	5.019272e+00
8.389999999999866e+00	5.019287e+00
8.399999999999865e+00	5.019302e+00
8.409999999999865e+00	5.019317e+00
8.419999999999865e+00	5.019332e+00
8.429999999999865e+00	5.019348e+00
8.439999999999864e+00	5.019362e+00
8.449999999999864e+00	5.019378e+00
8.459999999999864e+00	5.019393e+00
8.469999999999864e+00	5.019408e+00
8.479999999999864e+00	5.019423e+00
8.489999999999863e+00	5.019438e+00
8.499999999999863e+00	5.019453e+00
8.509999999999863e+00	5.019468e+00
8.519999999999863e+00	5.019484e+00
8.529999999999863e+00	5.019498e+00
8.539999999999862e+00	5.019514e+00
8.549999999999862e+00	5.019529e+00
8.559999999999862e+00	5.019544e+00
8.569999999999862e+00	5.019559e+00
8.579999999999862e+00	5.019574e+00
8.589999999999861e+00	5.019589e+00
8.599999999999861e+00	5.019604e+00
8.609999999999861e+00	5.019619e+00
8.619999999999861e+00	5.019634e+00
8.629999999999860e+00	5.019649e+00
8.639999999999860e+00	5.019664e+00
8.649999999999860e+00	5.019680e+00
8.659999999999860e+00	5.019694e+00
8.669999999999860e+00	5.019710e+00
8.679999999999859e+00	5.019724e+00
8.689999999999859e+00	5.019740e+00
8.699999999999859e+00	5.019754e+00
8.709999999999859e+00	5.019770e+00
8.719999999999859e+00	5.019784e+00
8.729999999999858e+00	5.019800e+00
8.739999999999858e+00	5.019814e+00
8.749999999999858e+00	5.019830e+00
8.759999999999858e+00	5.019845e+00
8.769999999999857e+00	5.019859e+00
8.779999999999857e+00	5.019875e+00
8.789999999999857e+00	5.019889e+00
8.799999999999857e+00	5.019905e+00
8.809999999999857e+00	5.019919e+00
8.819999999999856e+00	5.019935e+00
8.829999999999856e+00	5.019949e+00
8.839999999999856e+00	5.019964e+00
8.849999999999856e+00	5.019979e+00
8.859999999999856e+00	5.019994e+00
8.869999999999855e+00	5.020009e+00
8.879999999999855e+00	5.020024e+00
8.889999999999855e+00	5.020039e+00
8.899999999999855e+00	5.020054e+00
8.909999999999854e+00	5.020069e+00
8.919999999999854e+00	5.020084e+00
8.929999999999854e+00	5.020099e+00
8.939999999999854e+00	5.020114e+00
8.949999999999854e+00	5.020129e+00
8.959999999999853e+00	5.020144e+00
8.969999999999853e+00	5.020159e+00
8.979999999999853e+00	5.020174e+00
8.989999999999853e+00	5.020188e+00
8.999999999999853e+00	5.020203e+00
9.009999999999852e+00	5.020218e+00
9.019999999999852e+00	5.020233e+00
9.029999999999852e+00	5.020248e+00
9.039999999999852e+00	5.020263e+00
9.049999999999851e+00	5.020278e+00
9.059999999999851e+00	5.020293e+00
9.069999999999851e+00	5.020308e+00
9.079999999999851e+00	5.020322e+00
9.089999999999851e+00	5.020337e+00
9.099999999999850e+00	5.020352e+00
9.109999999999850e+00	5.020367e+00
9.119999999999850e+00	5.020382e+00
9.129999999999850e+00	5.020397e+00
9.139999999999850e+00	5.020411e+00
9.149999999999849e+00	5.020426e+00
9.159999999999849e+00	5.020442e+00
9.169999999999849e+00	5.020456e+00
9.179999999999849e+00	5.020471e+00
9.189999999999849e+00	5.020486e+00
9.199999999999848e+00	5.020501e+00
9.209999999999848e+00	5.020515e+00
9.219999999999848e+00	5.020530e+00
9.229999999999848e+00	5.020545e+00
9.239999999999847e+00	5.020560e+00
9.249999999999847e+00	5.020575e+00
9.259999999999847e+00	5.020589e+00
9.269999999999847e+00	5.020604e+00
9.279999999999847e+00	5.020619e+00
9.289999999999846e+00	5.020634e+00
9.299999999999846e+00	5.020649e+00
9.309999999999846e+00	5.020664e+00
9.319999999999846e+00	5.020679e+00
9.329999999999846e+00	5.020693e+00
9.339999999999845e+00	5.020708e+00
9.349999999999845e+00	5.020723e+00
9.359999999999845e+00	5.020738e+00
9.369999999999845e+00	5.020752e+00
9.379999999999844e+00	5.020767e+00
9.389999999999844e+00	5.020782e+00
9.399999999999844e+00	5.020796e+00
9.409999999999844e+00	5.020811e+00
9.419999999999844e+00	5.020826e+00
9.429999999999843e+00	5.020841e+00
9.439999999999843e+00	5.020855e+00
9.449999999999843e+00	5.020870e+00
9.459999999999843e+00	5.020885e+00
9.469999999999843e+00	5.020900e+00
9.479999999999842e+00	5.020915e+00
9.489999999999842e+00	5.020929e+00
9.499999999999842e+00	5.020944e+00
9.509999999999842e+00	5.020958e+00
9.519999999999841e+00	5.020973e+00
9.529999999999841e+00	5.020988e+00
9.539999999999841e+00	5.021003e+00
9.549999999999841e+00	5.021018e+00
9.559999999999841e+00	5.021032e+00
9.569999999999840e+00	5.021047e+00
9.579999999999840e+00	5.021061e+00
9.589999999999840e+00	5.021076e+00
9.599999999999840e+00	5.021091e+00
9.609999999999840e+00	5.021105e+00
9.619999999999839e+00	5.021120e+00
9.629999999999839e+00	5.021135e+00
9.639999999999839e+00	5.021150e+00
9.649999999999839e+00	5.021164e+00
9.659999999999838e+00	5.021179e+00
9.669999999999838e+00	5.021194e+00
9.679999999999838e+00	5.021208e+00
9.689999999999838e+00	5.021223e+00
9.699999999999838e+00	5.021237e+00
9.709999999999837e+00	5.021252e+00
9.719999999999837e+00	5.021266e+00
9.729999999999837e+00	5.021281e+00
9.739999999999837e+00	5.021296e+00
9.749999999999837e+00	5.021310e+00
9.759999999999836e+00	5.021325e+00
9.769999999999836e+00	5.021340e+00
9.779999999999836e+00	5.021354e+00
9.789999999999836e+00	5.021369e+00
9.799999999999836e+00	5.021384e+00
9.809999999999835e+00	5.021398e+00
9.819999999999835e+00	5.021413e+00
9.829999999999835e+00	5.021427e+00
9.839999999999835e+00	5.021442e+00
9.849999999999834e+00	5.021457e+00
9.859999999999834e+00	5.021471e+00
9.869999999999834e+00	5.021486e+00
9.879999999999834e+00	5.021500e+00
9.889999999999834e+00	5.021515e+00
9.899999999999833e+00	5.021529e+00
9.909999999999833e+00	5.021544e+00
9.919999999999833e+00	5.021559e+00
9.929999999999833e+00	5.021573e+00
9.939999999999833e+00	5.021588e+00
9.949999999999832e+00	5.021602e+00
9.959999999999832e+00	5.021617e+00
9.969999999999832e+00	5.021631e+00
9.979999999999832e+00	5.021646e+00
9.989999999999831e+00	5.021660e+00
9.999999999999831e+00	5.021675e+00
1.000999999999983e+01	5.021689e+00
1.001999999999983e+01	5.021704e+00
1.002999999999983e+01	5.021719e+00
1.003999999999983e+01	5.021733e+00
1.004999999999983e+01	5.021748e+00
1.005999999999983e+01	5.021762e+00
1.006999999999983e+01	5.021777e+00
1.007999999999983e+01	5.021791e+00
1.008999999999983e+01	5.021806e+00
1.009999999999983e+01	5.021820e+00
1.010999999999983e+01	5.021834e+00
1.011999999999983e+01	5.021849e+00
1.012999999999983e+01	5.021863e+00
1.013999999999983e+01	5.021878e+00
1.014999999999983e+01	5.021893e+00
1.015999999999983e+01	5.021907e+00
1.016999999999983e+01	5.021922e+00
1.017999999999983e+01	5.021936e+00
1.018999999999983e+01	5.021950e+00
1.019999999999983e+01	5.021965e+00
1.020999999999983e+01	5.021979e+00
1.021999999999983e+01	5.021994e+00
1.022999999999983e+01	5.022008e+00
1.023999999999983e+01	5.022023e+00
1.024999999999983e+01	5.022037e+00
1.025999999999983e+01	5.022051e+00
1.026999999999983e+01	5.022066e+00
1.027999999999983e+01	5.022080e+00
1.028999999999983e+01	5.022095e+00
1.029999999999982e+01	5.022109e+00
1.030999999999982e+01	5.022124e+00
1.031999999999982e+01	5.022138e+00
1.032999999999982e+01	5.022152e+00
1.033999999999982e+01	5.022167e+00
1.034999999999982e+01	5.022182e+00
1.035999999999982e+01	5.022196e+00
1.036999999999982e+01	5.022210e+00
1.037999999999982e+01	5.022224e+00
1.038999999999982e+01	5.022239e+00
1.039999999999982e+01	5.022254e+00
1.040999999999982e+01	5.022268e+00
1.041999999999982e+01	5.022282e+00
1.042999999999982e+01	5.022296e+00
1.043999999999982e+01	5.022311e+00
1.044999999999982e+01	5.022325e+00
1.045999999999982e+01	5.022339e+00
1.046999999999982e+01	5.022354e+00
1.047999999999982e+01	5.022368e+00
1.048999999999982e+01	5.022383e+00
1.049999999999982e+01	5.022397e+00
1.050999999999982e+01	5.022411e+00
1.051999999999982e+01	5.022426e+00
1.052999999999982e+01	5.022440e+00
1.053999999999982e+01	5.022454e+00
1.054999999999982e+01	5.022469e+00
1.055999999999982e+01	5.022483e+00
1.056999999999982e+01	5.022497e+00
1.057999999999982e+01	5.022511e+00
1.058999999999982e+01	5.022526e+00
1.059999999999982e+01	5.022541e+00
1.060999999999982e+01	5.022555e+00
1.061999999999982e+01	5.022569e+00
1.062999999999982e+01	5.022583e+00
1.063999999999982e+01	5.022598e+00
1.064999999999982e+01	5.022612e+00
1.065999999999982e+01	5.022626e+00
1.066999999999982e+01	5.022641e+00
1.067999999999982e+01	5.022655e+00
1.068999999999982e+01	5.022669e+00
1.069999999999982e+01	5.022683e+00
1.070999999999982e+01	5.022697e+00
1.071999999999982e+01	5.022712e+00
1.072999999999982e+01	5.022726e+00
1.073999999999982e+01	5.022740e+00
1.074999999999982e+01	5.022755e+00
1.075999999999982e+01	5.022769e+00
1.076999999999981e+01	5.022783e+00
1.077999999999981e+01	5.022798e+00
1.078999999999981e+01	5.022812e+00
1.079999999999981e+01	5.022826e+00
1.080999999999981e+01	5.022840e+00
1.081999999999981e+01	5.022854e+00
1.082999999999981e+01	5.022869e+00
1.083999999999981e+01	5.022883e+00
1.084999999999981e+01	5.022897e+00
1.085999999999981e+01	5.022912e+00
1.086999999999981e+01	5.022926e+00
1.087999999999981e+01	5.022940e+00
1.088999999999981e+01	5.022954e+00
1.089999999999981e+01	5.022968e+00
1.090999999999981e+01	5.022983e+00
1.091999999999981e+01	5.022997e+00
1.092999999999981e+01	5.023011e+00
1.093999999999981e+01	5.023025e+00
1.094999999999981e+01	5.023039e+00
1.095999999999981e+01	5.023054e+00
1.096999999999981e+01	5.023067e+00
1.097999999999981e+01	5.023082e+00
1.098999999999981e+01	5.023096e+00
1.099999999999981e+01	5.023110e+00
1.100999999999981e+01	5.023124e+00
1.101999999999981e+01	5.023139e+00
1.102999999999981e+01	5.023153e+00
1.103999999999981e+01	5.023167e+00
1.104999999999981e+01	5.023181e+00
1.105999999999981e+01	5.023195e+00
1.106999999999981e+01	5.023210e+00
1.107999999999981e+01	5.023223e+00
1.108999999999981e+01	5.023238e+00
1.109999999999981e+01	5.023252e+00
1.110999999999981e+01	5.023266e+00
1.111999999999981e+01	5.023280e+00
1.112999999999981e+01	5.023294e+00
1.113999999999981e+01	5.023308e+00
1.114999999999981e+01	5.023323e+00
1.115999999999981e+01	5.023337e+00
1.116999999999981e+01	5.023351e+00
1.117999999999981e+01	5.023365e+00
1.118999999999981e+01	5.023379e+00
1.119999999999981e+01	5.023393e+00
1.120999999999981e+01	5.023407e+00
1.121999999999981e+01	5.023421e+00
1.122999999999981e+01	5.023436e+00
1.123999999999980e+01	5.023449e+00
1.124999999999980e+01	5.023464e+00
1.125999999999980e+01	5.023478e+00
1.126999999999980e+01	5.023492e+00
1.127999999999980e+01	5.023506e+00
1.128999999999980e+01	5.023520e+00
1.129999999999980e+01	5.023534e+00
1.130999999999980e+01	5.023548e+00
1.131999999999980e+01	5.023562e+00
1.132999999999980e+01	5.023576e+00
1.133999999999980e+01	5.023591e+00
1.134999999999980e+01	5.023604e+00
1.135999999999980e+01	5.023619e+00
1.136999999999980e+01	5.023633e+00
1.137999999999980e+01	5.023647e+00
1.138999999999980e+01	5.023661e+00
1.139999999999980e+01	5.023674e+00
1.140999999999980e+01	5.023689e+00
1.141999999999980e+01	5.023703e+00
1.142999999999980e+01	5.023717e+00
1.143999999999980e+01	5.023731e+00
1.144999999999980e+01	5.023745e+00
1.145999999999980e+01	5.023759e+00
1.146999999999980e+01	5.023773e+00
1.147999999999980e+01	5.023787e+00
1.148999999999980e+01	5.023801e+00
1.149999999999980e+01	5.023815e+00
1.150999999999980e+01	5.023829e+00
1.151999999999980e+01	5.023843e+00
1.152999999999980e+01	5.023857e+00
1.153999999999980e+01	5.023871e+00
1.154999999999980e+01	5.023885e+00
1.155999999999980e+01	5.023899e+00
1.156999999999980e+01	5.023913e+00
1.157999999999980e+01	5.023927e+00
1.158999999999980e+01	5.023941e+00
1.159999999999980e+01	5.023955e+00
1.160999999999980e+01	5.023969e+00
1.161999999999980e+01	5.023983e+00
1.162999999999980e+01	5.023997e+00
1.163999999999980e+01	5.024011e+00
1.164999999999980e+01	5.024025e+00
1.165999999999980e+01	5.024039e+00
1.166999999999980e+01	5.024053e+00
1.167999999999980e+01	5.024066e+00
1.168999999999980e+01	5.024081e+00
1.169999999999980e+01	5.024095e+00
1.170999999999979e+01	5.024108e+00
1.171999999999979e+01	5.024122e+00
1.172999999999979e+01	5.024137e+00
1.173999999999979e+01	5.024150e+00
1.174999999999979e+01	5.024164e+00
1.175999999999979e+01	5.024178e+00
1.176999999999979e+01	5.024192e+00
1.177999999999979e+01	5.024206e+00
1.178999999999979e+01	5.024220e+00
1.179999999999979e+01	5.024234e+00
1.180999999999979e+01	5.024248e+00
1.181999999999979e+01	5.024261e+00
1.182999999999979e+01	5.024275e+00
1.183999999999979e+01	5.024290e+00
1.184999999999979e+01	5.024303e+00
1.185999999999979e+01	5.024317e+00
1.186999999999979e+01	5.024331e+00
1.187999999999979e+01	5.024345e+00
1.188999999999979e+01	5.024359e+00
1.189999999999979e+01	5.024373e+00
1.190999999999979e+01	5.024386e+00
1.191999999999979e+01	5.024401e+00
1.192999999999979e+01	5.024415e+00
1.193999999999979e+01	5.024428e+00
1.194999999999979e+01	5.024442e+00
1.195999999999979e+01	5.024456e+00
1.196999999999979e+01	5.024470e+00
1.197999999999979e+01	5.024484e+00
1.198999999999979e+01	5.024498e+00
1.199999999999979e+01	5.024511e+00
1.200999999999979e+01	5.024525e+00
1.201999999999979e+01	5.024539e+00
1.202999999999979e+01	5.024553e+00
1.203999999999979e+01	5.024567e+00
1.204999999999979e+01	5.024580e+00
1.205999999999979e+01	5.024594e+00
1.206999999999979e+01	5.024608e+00
1.207999999999979e+01	5.024622e+00
1.208999999999979e+01	5.024636e+00
1.209999999999979e+01	5.024650e+00
1.210999999999979e+01	5.024663e+00
1.211999999999979e+01	5.024677e+00
1.212999999999979e+01	5.024691e+00
1.213999999999979e+01	5.024705e+00
1.214999999999979e+01	5.024719e+00
1.215999999999979e+01	5.024733e+00
1.216999999999978e+01	5.024746e+00
1.217999999999978e+01	5.024760e+00
1.218999999999978e+01	5.024774e+00
1.219999999999978e+01	5.024787e+00
1.220999999999978e+01	5.024801e+00
1.221999999999978e+01	5.024815e+00
1.222999999999978e+01	5.024829e+00
1.223999999999978e+01	5.024843e+00
1.224999999999978e+01	5.024857e+00
1.225999999999978e+01	5.024870e+00
1.226999999999978e+01	5.024884e+00
1.227999999999978e+01	5.024898e+00
1.228999999999978e+01	5.024911e+00
1.229999999999978e+01	5.024925e+00
1.230999999999978e+01	5.024939e+00
1.231999999999978e+01	5.024953e+00
1.232999999999978e+01	5.024967e+00
1.233999999999978e+01	5.024980e+00
1.234999999999978e+01	5.024994e+00
1.235999999999978e+01	5.025008e+00
1.236999999999978e+01	5.025022e+00
1.237999999999978e+01	5.025035e+00
1.238999999999978e+01	5.025049e+00
1.239999999999978e+01	5.025063e+00
1.240999999999978e+01	5.025076e+00
1.241999999999978e+01	5.025090e+00
1.242999999999978e+01	5.025104e+00
1.243999999999978e+01	5.025117e+00
1.244999999999978e+01	5.025131e+00
1.245999999999978e+01	5.025145e+00
1.246999999999978e+01	5.025158e+00
1.247999999999978e+01	5.025172e+00
1.248999999999978e+01	5.025186e+00
1.249999999999978e+01	5.025199e+00
1.250999999999978e+01	5.025213e+00
1.251999999999978e+01	5.025227e+00
1.252999999999978e+01	5.025241e+00
1.253999999999978e+01	5.025254e+00
1.254999999999978e+01	5.025268e+00
1.255999999999978e+01	5.025282e+00
1.256999999999978e+01	5.025295e+00
1.257999999999978e+01	5.025309e+00
1.258999999999978e+01	5.025323e+00
1.259999999999978e+01	5.025336e+00
1.260999999999978e+01	5.025350e+00
1.261999999999978e+01	5.025363e+00
1.262999999999978e+01	5.025377e+00
1.263999999999977e+01	5.025391e+00
1.264999999999977e+01	5.025404e+00
1.265999999999977e+01	5.025418e+00
1.266999999999977e+01	5.025432e+00
1.267999999999977e+01	5.025445e+00
1.268999999999977e+01	5.025459e+00
1.269999999999977e+01	5.025473e+00
1.270999999999977e+01	5.025486e+00
1.271999999999977e+01	5.025500e+00
1.272999999999977e+01	5.025514e+00
1.273999999999977e+01	5.025527e+00
1.274999999999977e+01	5.025541e+00
1.275999999999977e+01	5.025555e+00
1.276999999999977e+01	5.025568e+00
1.277999999999977e+01	5.025582e+00
1.278999999999977e+01	5.025595e+00
1.279999999999977e+01	5.025609e+00
1.280999999999977e+01	5.025622e+00
1.281999999999977e+01	5.025636e+00
1.282999999999977e+01	5.025650e+00
1.283999999999977e+01	5.025663e+00
1.284999999999977e+01	5.025677e+00
1.285999999999977e+01	5.025690e+00
1.286999999999977e+01	5.025704e+00
1.287999999999977e+01	5.025717e+00
1.288999999999977e+01	5.025731e+00
1.289999999999977e+01	5.025744e+00
1.290999999999977e+01	5.025758e+00
1.291999999999977e+01	5.025772e+00
1.292999999999977e+01	5.025785e+00
1.293999999999977e+01	5.025799e+00
1.294999999999977e+01	5.025812e+00
1.295999999999977e+01	5.025826e+00
1.296999999999977e+01	5.025839e+00
1.297999999999977e+01	5.025853e+00
1.298999999999977e+01	5.025867e+00
1.299999999999977e+01	5.025880e+00
1.300999999999977e+01	5.025894e+00
1.301999999999977e+01	5.025907e+00
1.302999999999977e+01	5.025920e+00
1.303999999999977e+01	5.025934e+00
1.304999999999977e+01	5.025948e+00
1.305999999999977e+01	5.025961e+00
1.306999999999977e+01	5.025975e+00
1.307999999999977e+01	5.025988e+00
1.308999999999977e+01	5.026002e+00
1.309999999999977e+01	5.026015e+00
1.310999999999976e+01	5.026029e+00
1.311999999999976e+01	5.026042e+00
1.312999999999976e+01	5.026056e+00
1.313999999999976e+01	5.026069e+00
1.314999999999976e+01	5.026083e+00
1.315999999999976e+01	5.026096e+00
1.316999999999976e+01	5.026110e+00
1.317999999999976e+01	5.026123e+00
1.318999999999976e+01	5.026136e+00
1.319999999999976e+01	5.026150e+00
1.320999999999976e+01	5.026164e+00
1.321999999999976e+01	5.026177e+00
1.322999999999976e+01	5.026190e+00
1.323999999999976e+01	5.026204e+00
1.324999999999976e+01	5.026217e+00
1.325999999999976e+01	5.026231e+00
1.326999999999976e+01	5.026244e+00
1.327999999999976e+01	5.026258e+00
1.328999999999976e+01	5.026271e+00
1.329999999999976e+01	5.026285e+00
1.330999999999976e+01	5.026298e+00
1.331999999999976e+01	5.026311e+00
1.332999999999976e+01	5.026325e+00
1.333999999999976e+01	5.026338e+00
1.334999999999976e+01	5.026352e+00
1.335999999999976e+01	5.026365e+00
1.336999999999976e+01	5.026379e+00
1.337999999999976e+01	5.026392e+00
1.338999999999976e+01	5.026405e+00
1.339999999999976e+01	5.026419e+00
1.340999999999976e+01	5.026432e+00
1.341999999999976e+01	5.026446e+00
1.342999999999976e+01	5.026459e+00
1.343999999999976e+01	5.026473e+00
1.344999999999976e+01	5.026486e+00
1.345999999999976e+01	5.026499e+00
1.346999999999976e+01	5.026513e+00
1.347999999999976e+01	5.026526e+00
1.348999999999976e+01	5.026539e+00
1.349999999999976e+01	5.026553e+00
1.350999999999976e+01	5.026566e+00
1.351999999999976e+01	5.026579e+00
1.352999999999976e+01	5.026593e+00
1.353999999999976e+01	5.026606e+00
1.354999999999976e+01	5.026619e+00
1.355999999999976e+01	5.026633e+00
1.356999999999976e+01	5.026646e+00
1.357999999999975e+01	5.026659e+00
1.358999999999975e+01	5.026673e+00
1.359999999999975e+01	5.026686e+00
1.360999999999975e+01	5.026700e+00
1.361999999999975e+01	5.026713e+00
1.362999999999975e+01	5.026726e+00
1.363999999999975e+01	5.026740e+00
1.364999999999975e+01	5.026753e+00
1.365999999999975e+01	5.026766e+00
1.366999999999975e+01	5.026780e+00
1.367999999999975e+01	5.026793e+00
1.368999999999975e+01	5.026806e+00
1.369999999999975e+01	5.026820e+00
1.370999999999975e+01	5.026833e+00
1.371999999999975e+01	5.026846e+00
1.372999999999975e+01	5.026860e+00
1.373999999999975e+01	5.026873e+00
1.374999999999975e+01	5.026886e+00
1.375999999999975e+01	5.026900e+00
1.376999999999975e+01	5.026913e+00
1.377999999999975e+01	5.026926e+00
1.378999999999975e+01	5.026939e+00
1.379999999999975e+01	5.026953e+00
1.380999999999975e+01	5.026966e+00
1.381999999999975e+01	5.026979e+00
1.382999999999975e+01	5.026993e+00
1.383999999999975e+01	5.027006e+00
1.384999999999975e+01	5.027019e+00
1.385999999999975e+01	5.027032e+00
1.386999999999975e+01	5.027046e+00
1.387999999999975e+01	5.027059e+00
1.388999999999975e+01	5.027072e+00
1.389999999999975e+01	5.027086e+00
1.390999999999975e+01	5.027099e+00
1.391999999999975e+01	5.027112e+00
1.392999999999975e+01	5.027125e+00
1.393999999999975e+01	5.027139e+00
1.394999999999975e+01	5.027152e+00
1.395999999999975e+01	5.027165e+00
1.396999999999975e+01	5.027178e+00
1.397999999999975e+01	5.027192e+00
1.398999999999975e+01	5.027205e+00
1.399999999999975e+01	5.027218e+00
1.400999999999975e+01	5.027231e+00
1.401999999999975e+01	5.027245e+00
1.402999999999975e+01	5.027258e+00
1.403999999999975e+01	5.027271e+00
1.404999999999974e+01	5.027284e+00
1.405999999999974e+01	5.027297e+00
1.406999999999974e+01	5.027310e+00
1.407999999999974e+01	5.027324e+00
1.408999999999974e+01	5.027337e+00
1.409999999999974e+01	5.027350e+00
1.410999999999974e+01	5.027363e+00
1.411999999999974e+01	5.027377e+00
1.412999999999974e+01	5.027390e+00
1.413999999999974e+01	5.027403e+00
1.414999999999974e+01	5.027416e+00
1.415999999999974e+01	5.027429e+00
1.416999999999974e+01	5.027442e+00
1.417999999999974e+01	5.027456e+00
1.418999999999974e+01	5.027469e+00
1.419999999999974e+01	5.027482e+00
1.420999999999974e+01	5.027495e+00
1.421999999999974e+01	5.027508e+00
1.422999999999974e+01	5.027522e+00
1.423999999999974e+01	5.027534e+00
1.424999999999974e+01	5.027548e+00
1.425999999999974e+01	5.027561e+00
1.426999999999974e+01	5.027574e+00
1.427999999999974e+01	5.027587e+00
1.428999999999974e+01	5.027600e+00
1.429999999999974e+01	5.027614e+00
1.430999999999974e+01	5.027627e+00
1.431999999999974e+01	5.027640e+00
1.432999999999974e+01	5.027653e+00
1.433999999999974e+01	5.027666e+00
1.434999999999974e+01	5.027679e+00
1.435999999999974e+01	5.027692e+00
1.436999999999974e+01	5.027706e+00
1.437999999999974e+01	5.027719e+00
1.438999999999974e+01	5.027732e+00
1.439999999999974e+01	5.027745e+00
1.440999999999974e+01	5.027758e+00
1.441999999999974e+01	5.027771e+00
1.442999999999974e+01	5.027784e+00
1.443999999999974e+01	5.027797e+00
1.444999999999974e+01	5.027811e+00
1.445999999999974e+01	5.027823e+00
1.446999999999974e+01	5.027837e+00
1.447999999999974e+01	5.027850e+00
1.448999999999974e+01	5.027863e+00
1.449999999999974e+01	5.027876e+00
1.450999999999974e+01	5.027889e+00
1.451999999999973e+01	5.027902e+00
1.452999999999973e+01	5.027915e+00
1.453999999999973e+01	5.027928e+00
1.454999999999973e+01	5.027941e+00
1.455999999999973e+01	5.027955e+00
1.456999999999973e+01	5.027967e+00
1.457999999999973e+01	5.027980e+00
1.458999999999973e+01	5.027994e+00
1.459999999999973e+01	5.028007e+00
1.460999999999973e+01	5.028020e+00
1.461999999999973e+01	5.028033e+00
1.462999999999973e+01	5.028046e+00
1.463999999999973e+01	5.028059e+00
1.464999999999973e+01	5.028072e+00
1.465999999999973e+01	5.028085e+00
1.466999999999973e+01	5.028098e+00
1.467999999999973e+01	5.028111e+00
1.468999999999973e+01	5.028124e+00
1.469999999999973e+01	5.028137e+00
1.470999999999973e+01	5.028150e+00
1.471999999999973e+01	5.028163e+00
1.472999999999973e+01	5.028176e+00
1.473999999999973e+01	5.028189e+00
1.474999999999973e+01	5.028202e+00
1.475999999999973e+01	5.028215e+00
1.476999999999973e+01	5.028228e+00
1.477999999999973e+01	5.028241e+00
1.478999999999973e+01	5.028255e+00
1.479999999999973e+01	5.028267e+00
1.480999999999973e+01	5.028280e+00
1.481999999999973e+01	5.028293e+00
1.482999999999973e+01	5.028306e+00
1.483999999999973e+01	5.028319e+00
1.484999999999973e+01	5.028332e+00
1.485999999999973e+01	5.028345e+00
1.486999999999973e+01	5.028358e+00
1.487999999999973e+01	5.028371e+00
1.488999999999973e+01	5.028384e+00
1.489999999999973e+01	5.028397e+00
1.490999999999973e+01	5.028410e+00
1.491999999999973e+01	5.028423e+00
1.492999999999973e+01	5.028436e+00
1.493999999999973e+01	5.028449e+00
1.494999999999973e+01	5.028462e+00
1.495999999999973e+01	5.028475e+00
1.496999999999973e+01	5.028488e+00
1.497999999999973e+01	5.028501e+00
1.498999999999972e+01	5.028514e+00
1.499999999999972e+01	5.028527e+00
1.500999999999972e+01	5.028540e+00
1.501999999999972e+01	5.028553e+00
1.502999999999972e+01	5.028565e+00
1.503999999999972e+01	5.028579e+00
1.504999999999972e+01	5.028592e+00
1.505999999999972e+01	5.028605e+00
1.506999999999972e+01	5.028617e+00
1.507999999999972e+01	5.028630e+00
1.508999999999972e+01	5.028643e+00
1.509999999999972e+01	5.028656e+00
1.510999999999972e+01	5.028669e+00
1.511999999999972e+01	5.028682e+00
1.512999999999972e+01	5.028695e+00
1.513999999999972e+01	5.028708e+00
1.514999999999972e+01	5.028721e+00
1.515999999999972e+01	5.028734e+00
1.516999999999972e+01	5.028747e+00
1.517999999999972e+01	5.028759e+00
1.518999999999972e+01	5.028772e+00
1.519999999999972e+01	5.028785e+00
1.520999999999972e+01	5.028798e+00
1.521999999999972e+01	5.028811e+00
1.522999999999972e+01	5.028824e+00
1.523999999999972e+01	5.028837e+00
1.524999999999972e+01	5.028850e+00
1.525999999999972e+01	5.028862e+00
1.526999999999972e+01	5.028875e+00
1.527999999999972e+01	5.028888e+00
1.528999999999972e+01	5.028901e+00
1.529999999999972e+01	5.028914e+00
1.530999999999972e+01	5.028927e+00
1.531999999999972e+01	5.028940e+00
1.532999999999972e+01	5.028953e+00
1.533999999999972e+01	5.028965e+00
1.534999999999972e+01	5.028978e+00
1.535999999999972e+01	5.028991e+00
1.536999999999972e+01	5.029004e+00
1.537999999999972e+01	5.029016e+00
1.538999999999972e+01	5.029029e+00
1.539999999999972e+01	5.029042e+00
1.540999999999972e+01	5.029055e+00
1.541999999999972e+01	5.029068e+00
1.542999999999972e+01	5.029081e+00
1.543999999999972e+01	5.029094e+00
1.544999999999972e+01	5.029107e+00
1.545999999999971e+01	5.029119e+00
1.546999999999971e+01	5.029132e+00
1.547999999999971e+01	5.029145e+00
1.548999999999971e+01	5.029158e+00
1.549999999999971e+01	5.029171e+00
1.550999999999971e+01	5.029183e+00
1.551999999999971e+01	5.029196e+00
1.552999999999971e+01	5.029209e+00
1.553999999999971e+01	5.029222e+00
1.554999999999971e+01	5.029234e+00
1.555999999999971e+01	5.029247e+00
1.556999999999971e+01	5.029260e+00
1.557999999999971e+01	5.029273e+00
1.558999999999971e+01	5.029286e+00
1.559999999999971e+01	5.029299e+00
1.560999999999971e+01	5.029311e+00
1.561999999999971e+01	5.029324e+00
1.562999999999971e+01	5.029337e+00
1.563999999999971e+01	5.029350e+00
1.564999999999971e+01	5.029363e+00
1.565999999999971e+01	5.029375e+00
1.566999999999971e+01	5.029388e+00
1.567999999999971e+01	5.029401e+00
1.568999999999971e+01	5.029414e+00
1.569999999999971e+01	5.029426e+00
1.570999999999971e+01	5.029439e+00
1.571999999999971e+01	5.029452e+00
1.572999999999971e+01	5.029465e+00
1.573999999999971e+01	5.029477e+00
1.574999999999971e+01	5.029490e+00
1.575999999999971e+01	5.029503e+00
1.576999999999971e+01	5.029515e+00
1.577999999999971e+01	5.029528e+00
1.578999999999971e+01	5.029541e+00
1.579999999999971e+01	5.029554e+00
1.580999999999971e+01	5.029566e+00
1.581999999999971e+01	5.029579e+00
1.582999999999971e+01	5.029592e+00
1.583999999999971e+01	5.029604e+00
1.584999999999971e+01	5.029617e+00
1.585999999999971e+01	5.029630e+00
1.586999999999971e+01	5.029643e+00
1.587999999999971e+01	5.029655e+00
1.588999999999971e+01	5.029668e+00
1.589999999999971e+01	5.029681e+00
1.590999999999971e+01	5.029694e+00
1.591999999999971e+01	5.029706e+00
1.592999999999970e+01	5.029719e+00
1.593999999999970e+01	5.029732e+00
1.594999999999970e+01	5.029744e+00
1.595999999999970e+01	5.029757e+00
1.596999999999970e+01	5.029770e+00
1.597999999999970e+01	5.029782e+00
1.598999999999970e+01	5.029795e+00
1.599999999999970e+01	5.029808e+00
1.600999999999970e+01	5.029820e+00
1.601999999999970e+01	5.029833e+00
1.602999999999971e+01	5.029846e+00
1.603999999999971e+01	5.029859e+00
1.604999999999971e+01	5.029871e+00
1.605999999999971e+01	5.029884e+00
1.606999999999971e+01	5.029896e+00
1.607999999999971e+01	5.029909e+00
1.608999999999972e+01	5.029922e+00
1.609999999999972e+01	5.029934e+00
1.610999999999972e+01	5.029947e+00
1.611999999999972e+01	5.029960e+00
1.612999999999972e+01	5.029972e+00
1.613999999999972e+01	5.029985e+00
1.614999999999973e+01	5.029997e+00
1.615999999999973e+01	5.030010e+00
1.616999999999973e+01	5.030023e+00
1.617999999999973e+01	5.030035e+00
1.618999999999973e+01	5.030048e+00
1.619999999999973e+01	5.030061e+00
1.620999999999973e+01	5.030073e+00
1.621999999999974e+01	5.030086e+00
1.622999999999974e+01	5.030098e+00
1.623999999999974e+01	5.030111e+00
1.624999999999974e+01	5.030124e+00
1.625999999999974e+01	5.030137e+00
1.626999999999974e+01	5.030149e+00
1.627999999999975e+01	5.030161e+00
1.628999999999975e+01	5.030174e+00
1.629999999999975e+01	5.030187e+00
1.630999999999975e+01	5.030200e+00
1.631999999999975e+01	5.030212e+00
1.632999999999975e+01	5.030225e+00
1.633999999999975e+01	5.030237e+00
1.634999999999976e+01	5.030250e+00
1.635999999999976e+01	5.030262e+00
1.636999999999976e+01	5.030275e+00
1.637999999999976e+01	5.030287e+00
1.638999999999976e+01	5.030300e+00
1.639999999999976e+01	5.030313e+00
1.640999999999977e+01	5.030325e+00
1.641999999999977e+01	5.030338e+00
1.642999999999977e+01	5.030350e+00
1.643999999999977e+01	5.030363e+00
1.644999999999977e+01	5.030375e+00
1.645999999999977e+01	5.030388e+00
1.646999999999978e+01	5.030401e+00
1.647999999999978e+01	5.030413e+00
1.648999999999978e+01	5.030426e+00
1.649999999999978e+01	5.030438e+00
1.650999999999978e+01	5.030451e+00
1.651999999999978e+01	5.030463e+00
1.652999999999978e+01	5.030476e+00
1.653999999999979e+01	5.030488e+00
1.654999999999979e+01	5.030501e+00
1.655999999999979e+01	5.030513e+00
1.656999999999979e+01	5.030526e+00
1.657999999999979e+01	5.030539e+00
1.658999999999979e+01	5.030551e+00
1.659999999999980e+01	5.030563e+00
1.660999999999980e+01	5.030576e+00
1.661999999999980e+01	5.030589e+00
1.662999999999980e+01	5.030601e+00
1.663999999999980e+01	5.030613e+00
1.664999999999980e+01	5.030626e+00
1.665999999999980e+01	5.030639e+00
1.666999999999981e+01	5.030651e+00
1.667999999999981e+01	5.030663e+00
1.668999999999981e+01	5.030676e+00
1.669999999999981e+01	5.030689e+00
1.670999999999981e+01	5.030701e+00
1.671999999999981e+01	5.030714e+00
1.672999999999982e+01	5.030726e+00
1.673999999999982e+01	5.030738e+00
1.674999999999982e+01	5.030751e+00
1.675999999999982e+01	5.030764e+00
1.676999999999982e+01	5.030776e+00
1.677999999999982e+01	5.030788e+00
1.678999999999983e+01	5.030801e+00
1.679999999999983e+01	5.030813e+00
1.680999999999983e+01	5.030826e+00
1.681999999999983e+01	5.030838e+00
1.682999999999983e+01	5.030851e+00
1.683999999999983e+01	5.030863e+00
1.684999999999983e+01	5.030876e+00
1.685999999999984e+01	5.030888e+00
1.686999999999984e+01	5.030900e+00
1.687999999999984e+01	5.030913e+00
1.688999999999984e+01	5.030925e+00
1.689999999999984e+01	5.030938e+00
1.690999999999984e+01	5.030951e+00
1.691999999999985e+01	5.030963e+00
1.692999999999985e+01	5.030975e+00
1.693999999999985e+01	5.030988e+00
1.694999999999985e+01	5.031000e+00
1.695999999999985e+01	5.031013e+00
1.696999999999985e+01	5.031025e+00
1.697999999999985e+01	5.031037e+00
1.698999999999986e+01	5.031050e+00
1.699999999999986e+01	5.031062e+00
1.700999999999986e+01	5.031075e+00
1.701999999999986e+01	5.031087e+00
1.702999999999986e+01	5.031099e+00
1.703999999999986e+01	5.031112e+00
1.704999999999987e+01	5.031124e+00
1.705999999999987e+01	5.031137e+00
1.706999999999987e+01	5.031149e+00
1.707999999999987e+01	5.031161e+00
1.708999999999987e+01	5.031174e+00
1.709999999999987e+01	5.031186e+00
1.710999999999988e+01	5.031199e+00
1.711999999999988e+01	5.031211e+00
1.712999999999988e+01	5.031223e+00
1.713999999999988e+01	5.031236e+00
1.714999999999988e+01	5.031248e+00
1.715999999999988e+01	5.031260e+00
1.716999999999988e+01	5.031273e+00
1.717999999999989e+01	5.031285e+00
1.718999999999989e+01	5.031298e+00
1.719999999999989e+01	5.031310e+00
1.720999999999989e+01	5.031322e+00
1.721999999999989e+01	5.031335e+00
1.722999999999989e+01	5.031347e+00
1.723999999999990e+01	5.031360e+00
1.724999999999990e+01	5.031372e+00
1.725999999999990e+01	5.031384e+00
1.726999999999990e+01	5.031396e+00
1.727999999999990e+01	5.031409e+00
1.728999999999990e+01	5.031421e+00
1.729999999999990e+01	5.031434e+00
1.730999999999991e+01	5.031446e+00
1.731999999999991e+01	5.031458e+00
1.732999999999991e+01	5.031471e+00
1.733999999999991e+01	5.031483e+00
1.734999999999991e+01	5.031495e+00
1.735999999999991e+01	5.031507e+00
1.736999999999992e+01	5.031520e+00
1.737999999999992e+01	5.031532e+00
1.738999999999992e+01	5.031545e+00
1.739999999999992e+01	5.031557e+00
1.740999999999992e+01	5.031569e+00
1.741999999999992e+01	5.031581e+00
1.742999999999993e+01	5.031594e+00
1.743999999999993e+01	5.031606e+00
1.744999999999993e+01	5.031619e+00
1.745999999999993e+01	5.031631e+00
1.746999999999993e+01	5.031643e+00
1.747999999999993e+01	5.031655e+00
1.748999999999993e+01	5.031668e+00
1.749999999999994e+01	5.031680e+00
1.750999999999994e+01	5.031692e+00
1.751999999999994e+01	5.031704e+00
1.752999999999994e+01	5.031717e+00
1.753999999999994e+01	5.031729e+00
1.754999999999994e+01	5.031741e+00
1.755999999999995e+01	5.031754e+00
1.756999999999995e+01	5.031766e+00
1.757999999999995e+01	5.031778e+00
1.758999999999995e+01	5.031790e+00
1.759999999999995e+01	5.031803e+00
1.760999999999995e+01	5.031815e+00
1.761999999999995e+01	5.031827e+00
1.762999999999996e+01	5.031839e+00
1.763999999999996e+01	5.031852e+00
1.764999999999996e+01	5.031864e+00
1.765999999999996e+01	5.031876e+00
1.766999999999996e+01	5.031888e+00
1.767999999999996e+01	5.031901e+00
1.768999999999997e+01	5.031913e+00
1.769999999999997e+01	5.031925e+00
1.770999999999997e+01	5.031938e+00
1.771999999999997e+01	5.031950e+00
1.772999999999997e+01	5.031962e+00
1.773999999999997e+01	5.031974e+00
1.774999999999998e+01	5.031986e+00
1.775999999999998e+01	5.031999e+00
1.776999999999998e+01	5.032011e+00
1.777999999999998e+01	5.032023e+00
1.778999999999998e+01	5.032035e+00
1.779999999999998e+01	5.032048e+00
1.780999999999998e+01	5.032060e+00
1.781999999999999e+01	5.032072e+00
1.782999999999999e+01	5.032084e+00
1.783999999999999e+01	5.032096e+00
1.784999999999999e+01	5.032109e+00
1.785999999999999e+01	5.032121e+00
1.786999999999999e+01	5.032133e+00
1.788000000000000e+01	5.032145e+00
1.789000000000000e+01	5.032157e+00
1.790000000000000e+01	5.032169e+00
1.791000000000000e+01	5.032182e+00
1.792000000000000e+01	5.032194e+00
1.793000000000000e+01	5.032206e+00
1.794000000000000e+01	5.032218e+00
1.795000000000001e+01	5.032230e+00
1.796000000000001e+01	5.032243e+00
1.797000000000001e+01	5.032255e+00
1.798000000000001e+01	5.032267e+00
1.799000000000001e+01	5.032279e+00
1.800000000000001e+01	5.032291e+00
1.801000000000002e+01	5.032303e+00
1.802000000000002e+01	5.032316e+00
1.803000000000002e+01	5.032328e+00
1.804000000000002e+01	5.032340e+00
1.805000000000002e+01	5.032352e+00
1.806000000000002e+01	5.032364e+00
1.807000000000003e+01	5.032376e+00
1.808000000000003e+01	5.032389e+00
1.809000000000003e+01	5.032401e+00
1.810000000000003e+01	5.032413e+00
1.811000000000003e+01	5.032425e+00
1.812000000000003e+01	5.032437e+00
1.813000000000003e+01	5.032449e+00
1.814000000000004e+01	5.032462e+00
1.815000000000004e+01	5.032474e+00
1.816000000000004e+01	5.032486e+00
1.817000000000004e+01	5.032498e+00
1.818000000000004e+01	5.032510e+00
1.819000000000004e+01	5.032522e+00
1.820000000000005e+01	5.032534e+00
1.821000000000005e+01	5.032547e+00
1.822000000000005e+01	5.032558e+00
1.823000000000005e+01	5.032571e+00
1.824000000000005e+01	5.032583e+00
1.825000000000005e+01	5.032595e+00
1.826000000000005e+01	5.032607e+00
1.827000000000006e+01	5.032619e+00
1.828000000000006e+01	5.032631e+00
1.829000000000006e+01	5.032643e+00
1.830000000000006e+01	5.032655e+00
1.831000000000006e+01	5.032668e+00
1.832000000000006e+01	5.032680e+00
1.833000000000007e+01	5.032691e+00
1.834000000000007e+01	5.032704e+00
1.835000000000007e+01	5.032716e+00
1.836000000000007e+01	5.032728e+00
1.837000000000007e+01	5.032740e+00
1.838000000000007e+01	5.032752e+00
1.839000000000008e+01	5.032764e+00
1.840000000000008e+01	5.032776e+00
1.841000000000008e+01	5.032788e+00
1.842000000000008e+01	5.032800e+00
1.843000000000008e+01	5.032813e+00
1.844000000000008e+01	5.032825e+00
1.845000000000008e+01	5.032836e+00
1.846000000000009e+01	5.032849e+00
1.847000000000009e+01	5.032861e+00
1.848000000000009e+01	5.032873e+00
1.849000000000009e+01	5.032885e+00
1.850000000000009e+01	5.032897e+00
1.851000000000009e+01	5.032909e+00
1.852000000000010e+01	5.032921e+00
1.853000000000010e+01	5.032933e+00
1.854000000000010e+01	5.032945e+00
1.855000000000010e+01	5.032957e+00
1.856000000000010e+01	5.032969e+00
1.857000000000010e+01	5.032981e+00
1.858000000000010e+01	5.032993e+00
1.859000000000011e+01	5.033005e+00
1.860000000000011e+01	5.033017e+00
1.861000000000011e+01	5.033029e+00
1.862000000000011e+01	5.033041e+00
1.863000000000011e+01	5.033053e+00
1.864000000000011e+01	5.033065e+00
1.865000000000012e+01	5.033077e+00
1.866000000000012e+01	5.033089e+00
1.867000000000012e+01	5.033102e+00
1.868000000000012e+01	5.033113e+00
1.869000000000012e+01	5.033125e+00
1.870000000000012e+01	5.033137e+00
1.871000000000013e+01	5.033149e+00
1.872000000000013e+01	5.033161e+00
1.873000000000013e+01	5.033174e+00
1.874000000000013e+01	5.033185e+00
1.875000000000013e+01	5.033197e+00
1.876000000000013e+01	5.033209e+00
1.877000000000013e+01	5.033221e+00
1.878000000000014e+01	5.033233e+00
1.879000000000014e+01	5.033245e+00
1.880000000000014e+01	5.033257e+00
1.881000000000014e+01	5.033269e+00
1.882000000000014e+01	5.033281e+00
1.883000000000014e+01	5.033293e+00
1.884000000000015e+01	5.033305e+00
1.885000000000015e+01	5.033317e+00
1.886000000000015e+01	5.033329e+00
1.887000000000015e+01	5.033341e+00
1.888000000000015e+01	5.033353e+00
1.889000000000015e+01	5.033365e+00
1.890000000000015e+01	5.033377e+00
1.891000000000016e+01	5.033389e+00
1.892000000000016e+01	5.033401e+00
1.893000000000016e+01	5.033413e+00
1.894000000000016e+01	5.033425e+00
1.895000000000016e+01	5.033437e+00
1.896000000000016e+01	5.033449e+00
1.897000000000017e+01	5.033461e+00
1.898000000000017e+01	5.033473e+00
1.899000000000017e+01	5.033484e+00
1.900000000000017e+01	5.033496e+00
1.901000000000017e+01	5.033508e+00
1.902000000000017e+01	5.033520e+00
1.903000000000018e+01	5.033532e+00
1.904000000000018e+01	5.033544e+00
1.905000000000018e+01	5.033556e+00
1.906000000000018e+01	5.033568e+00
1.907000000000018e+01	5.033580e+00
1.908000000000018e+01	5.033592e+00
1.909000000000018e+01	5.033604e+00
1.910000000000019e+01	5.033616e+00
1.911000000000019e+01	5.033628e+00
1.912000000000019e+01	5.033639e+00
1.913000000000019e+01	5.033651e+00
1.914000000000019e+01	5.033663e+00
1.915000000000019e+01	5.033675e+00
1.916000000000020e+01	5.033687e+00
1.917000000000020e+01	5.033699e+00
1.918000000000020e+01	5.033711e+00
1.919000000000020e+01	5.033723e+00
1.920000000000020e+01	5.033735e+00
1.921000000000020e+01	5.033747e+00
1.922000000000020e+01	5.033758e+00
1.923000000000021e+01	5.033770e+00
1.924000000000021e+01	5.033782e+00
1.925000000000021e+01	5.033794e+00
1.926000000000021e+01	5.033806e+00
1.927000000000021e+01	5.033818e+00
1.928000000000021e+01	5.033830e+00
1.929000000000022e+01	5.033842e+00
1.930000000000022e+01	5.033854e+00
1.931000000000022e+01	5.033865e+00
1.932000000000022e+01	5.033877e+00
1.933000000000022e+01	5.033889e+00
1.934000000000022e+01	5.033901e+00
1.935000000000023e+01	5.033913e+00
1.936000000000023e+01	5.033925e+00
1.937000000000023e+01	5.033937e+00
1.938000000000023e+01	5.033948e+00
1.939000000000023e+01	5.033960e+00
1.940000000000023e+01	5.033972e+00
1.941000000000023e+01	5.033984e+00
1.942000000000024e+01	5.033996e+00
1.943000000000024e+01	5.034008e+00
1.944000000000024e+01	5.034019e+00
1.945000000000024e+01	5.034031e+00
1.946000000000024e+01	5.034043e+00
1.947000000000024e+01	5.034055e+00
1.948000000000025e+01	5.034067e+00
1.949000000000025e+01	5.034078e+00
1.950000000000025e+01	5.034090e+00
1.951000000000025e+01	5.034102e+00
1.952000000000025e+01	5.034114e+00
1.953000000000025e+01	5.034126e+00
1.954000000000025e+01	5.034137e+00
1.955000000000026e+01	5.034149e+00
1.956000000000026e+01	5.034161e+00
1.957000000000026e+01	5.034173e+00
1.958000000000026e+01	5.034184e+00
1.959000000000026e+01	5.034196e+00
1.960000000000026e+01	5.034208e+00
1.961000000000027e+01	5.034220e+00
1.962000000000027e+01	5.034232e+00
1.963000000000027e+01	5.034244e+00
1.964000000000027e+01	5.034256e+00
1.965000000000027e+01	5.034267e+00
1.966000000000027e+01	5.034279e+00
1.967000000000028e+01	5.034291e+00
1.968000000000028e+01	5.034303e+00
1.969000000000028e+01	5.034314e+00
1.970000000000028e+01	5.034326e+00
1.971000000000028e+01	5.034338e+00
1.972000000000028e+01	5.034349e+00
1.973000000000028e+01	5.034361e+00
1.974000000000029e+01	5.034373e+00
1.975000000000029e+01	5.034385e+00
1.976000000000029e+01	5.034397e+00
1.977000000000029e+01	5.034409e+00
1.978000000000029e+01	5.034420e+00
1.979000000000029e+01	5.034432e+00
1.980000000000030e+01	5.034444e+00
1.981000000000030e+01	5.034455e+00
1.982000000000030e+01	5.034467e+00
1.983000000000030e+01	5.034479e+00
1.984000000000030e+01	5.034491e+00
1.985000000000030e+01	5.034503e+00
1.986000000000030e+01	5.034514e+00
1.987000000000031e+01	5.034526e+00
1.988000000000031e+01	5.034538e+00
1.989000000000031e+01	5.034549e+00
1.990000000000031e+01	5.034561e+00
1.991000000000031e+01	5.034573e+00
1.992000000000031e+01	5.034585e+00
1.993000000000032e+01	5.034596e+00
1.994000000000032e+01	5.034608e+00
1.995000000000032e+01	5.034620e+00
1.996000000000032e+01	5.034631e+00
1.997000000000032e+01	5.034643e+00
1.998000000000032e+01	5.034655e+00
1.999000000000033e+01	5.034667e+00
2.000000000000033e+01	5.034678e+00
2.001000000000033e+01	5.034690e+00
2.002000000000033e+01	5.034702e+00
2.003000000000033e+01	5.034713e+00
2.004000000000033e+01	5.034725e+00
2.005000000000033e+01	5.034737e+00
2.006000000000034e+01	5.034749e+00
2.007000000000034e+01	5.034760e+00
2.008000000000034e+01	5.034772e+00
2.009000000000034e+01	5.034783e+00
2.010000000000034e+01	5.034795e+00
2.011000000000034e+01	5.034807e+00
2.012000000000035e+01	5.034819e+00
2.013000000000035e+01	5.034830e+00
2.014000000000035e+01	5.034842e+00
2.015000000000035e+01	5.034853e+00
2.016000000000035e+01	5.034865e+00
2.017000000000035e+01	5.034877e+00
2.018000000000035e+01	5.034889e+00
2.019000000000036e+01	5.034900e+00
2.020000000000036e+01	5.034912e+00
2.021000000000036e+01	5.034924e+00
2.022000000000036e+01	5.034935e+00
2.023000000000036e+01	5.034947e+00
2.024000000000036e+01	5.034958e+00
2.025000000000037e+01	5.034970e+00
2.026000000000037e+01	5.034982e+00
2.027000000000037e+01	5.034994e+00
2.028000000000037e+01	5.035005e+00
2.029000000000037e+01	5.035017e+00
2.030000000000037e+01	5.035028e+00
2.031000000000038e+01	5.035040e+00
2.032000000000038e+01	5.035052e+00
2.033000000000038e+01	5.035063e+00
2.034000000000038e+01	5.035075e+00
2.035000000000038e+01	5.035087e+00
2.036000000000038e+01	5.035098e+00
2.037000000000038e+01	5.035110e+00
2.038000000000039e+01	5.035121e+00
2.039000000000039e+01	5.035133e+00
2.040000000000039e+01	5.035145e+00
2.041000000000039e+01	5.035156e+00
2.042000000000039e+01	5.035168e+00
2.043000000000039e+01	5.035180e+00
2.044000000000040e+01	5.035191e+00
2.045000000000040e+01	5.035203e+00
2.046000000000040e+01	5.035214e+00
2.047000000000040e+01	5.035226e+00
2.048000000000040e+01	5.035238e+00
2.049000000000040e+01	5.035249e+00
2.050000000000041e+01	5.035261e+00
2.051000000000041e+01	5.035273e+00
2.052000000000041e+01	5.035284e+00
2.053000000000041e+01	5.035295e+00
2.054000000000041e+01	5.035307e+00
2.055000000000041e+01	5.035319e+00
2.056000000000041e+01	5.035330e+00
2.057000000000042e+01	5.035342e+00
2.058000000000042e+01	5.035354e+00
2.059000000000042e+01	5.035365e+00
2.060000000000042e+01	5.035377e+00
2.061000000000042e+01	5.035388e+00
2.062000000000042e+01	5.035400e+00
2.063000000000043e+01	5.035411e+00
2.064000000000043e+01	5.035423e+00
2.065000000000043e+01	5.035435e+00
2.066000000000043e+01	5.035446e+00
2.067000000000043e+01	5.035458e+00
2.068000000000043e+01	5.035469e+00
2.069000000000043e+01	5.035481e+00
2.070000000000044e+01	5.035492e+00
2.071000000000044e+01	5.035504e+00
2.072000000000044e+01	5.035515e+00
2.073000000000044e+01	5.035527e+00
2.074000000000044e+01	5.035539e+00
2.075000000000044e+01	5.035550e+00
2.076000000000045e+01	5.035562e+00
2.077000000000045e+01	5.035573e+00
2.078000000000045e+01	5.035585e+00
2.079000000000045e+01	5.035596e+00
2.080000000000045e+01	5.035608e+00
2.081000000000045e+01	5.035619e+00
2.082000000000046e+01	5.035631e+00
2.083000000000046e+01	5.035642e+00
2.084000000000046e+01	5.035654e+00
2.085000000000046e+01	5.035666e+00
2.086000000000046e+01	5.035677e+00
2.087000000000046e+01	5.035688e+00
2.088000000000046e+01	5.035700e+00
2.089000000000047e+01	5.035711e+00
2.090000000000047e+01	5.035723e+00
2.091000000000047e+01	5.035735e+00
2.092000000000047e+01	5.035746e+00
2.093000000000047e+01	5.035758e+00
2.094000000000047e+01	5.035769e+00
2.095000000000048e+01	5.035780e+00
2.096000000000048e+01	5.035792e+00
2.097000000000048e+01	5.035803e+00
2.098000000000048e+01	5.035815e+00
2.099000000000048e+01	5.035827e+00
2.100000000000048e+01	5.035838e+00
2.101000000000048e+01	5.035850e+00
2.102000000000049e+01	5.035861e+00
2.103000000000049e+01	5.035872e+00
2.104000000000049e+01	5.035884e+00
2.105000000000049e+01	5.035895e+00
2.106000000000049e+01	5.035907e+00
2.107000000000049e+01	5.035918e+00
2.108000000000050e+01	5.035930e+00
2.109000000000050e+01	5.035941e+00
2.110000000000050e+01	5.035953e+00
2.111000000000050e+01	5.035964e+00
2.112000000000050e+01	5.035975e+00
2.113000000000050e+01	5.035987e+00
2.114000000000051e+01	5.035999e+00
2.115000000000051e+01	5.036010e+00
2.116000000000051e+01	5.036022e+00
2.117000000000051e+01	5.036033e+00
2.118000000000051e+01	5.036045e+00
2.119000000000051e+01	5.036056e+00
2.120000000000051e+01	5.036067e+00
2.121000000000052e+01	5.036079e+00
2.122000000000052e+01	5.036090e+00
2.123000000000052e+01	5.036102e+00
2.124000000000052e+01	5.036113e+00
2.125000000000052e+01	5.036125e+00
2.126000000000052e+01	5.036136e+00
2.127000000000053e+01	5.036148e+00
2.128000000000053e+01	5.036159e+00
2.129000000000053e+01	5.036170e+00
2.130000000000053e+01	5.036182e+00
2.131000000000053e+01	5.036193e+00
2.132000000000053e+01	5.036204e+00
2.133000000000053e+01	5.036216e+00
2.134000000000054e+01	5.036227e+00
2.135000000000054e+01	5.036239e+00
2.136000000000054e+01	5.036250e+00
2.137000000000054e+01	5.036262e+00
2.138000000000054e+01	5.036273e+00
2.139000000000054e+01	5.036284e+00
2.140000000000055e+01	5.036296e+00
2.141000000000055e+01	5.036307e+00
2.142000000000055e+01	5.036319e+00
2.143000000000055e+01	5.036330e+00
2.144000000000055e+01	5.036342e+00
2.145000000000055e+01	5.036353e+00
2.146000000000056e+01	5.036364e+00
2.147000000000056e+01	5.036376e+00
2.148000000000056e+01	5.036387e+00
2.149000000000056e+01	5.036398e+00
2.150000000000056e+01	5.036410e+00
2.151000000000056e+01	5.036421e+00
2.152000000000056e+01	5.036433e+00
2.153000000000057e+01	5.036444e+00
2.154000000000057e+01	5.036455e+00
2.155000000000057e+01	5.036467e+00
2.156000000000057e+01	5.036478e+00
2.157000000000057e+01	5.036489e+00
2.158000000000057e+01	5.036501e+00
2.159000000000058e+01	5.036512e+00
2.160000000000058e+01	5.036523e+00
2.161000000000058e+01	5.036535e+00
2.162000000000058e+01	5.036546e+00
2.163000000000058e+01	5.036558e+00
2.164000000000058e+01	5.036569e+00
2.165000000000058e+01	5.036580e+00
2.166000000000059e+01	5.036592e+00
2.167000000000059e+01	5.036603e+00
2.168000000000059e+01	5.036614e+00
2.169000000000059e+01	5.036626e+00
2.170000000000059e+01	5.036637e+00
2.171000000000059e+01	5.036648e+00
2.172000000000060e+01	5.036660e+00
2.173000000000060e+01	5.036671e+00
2.174000000000060e+01	5.036683e+00
2.175000000000060e+01	5.036694e+00
2.176000000000060e+01	5.036705e+00
2.177000000000060e+01	5.036716e+00
2.178000000000061e+01	5.036728e+00
2.179000000000061e+01	5.036739e+00
2.180000000000061e+01	5.036750e+00
2.181000000000061e+01	5.036762e+00
2.182000000000061e+01	5.036773e+00
2.183000000000061e+01	5.036784e+00
2.184000000000061e+01	5.036796e+00
2.185000000000062e+01	5.036807e+00
2.186000000000062e+01	5.036818e+00
2.187000000000062e+01	5.036829e+00
2.188000000000062e+01	5.036841e+00
2.189000000000062e+01	5.036852e+00
2.190000000000062e+01	5.036863e+00
2.191000000000063e+01	5.036875e+00
2.192000000000063e+01	5.036886e+00
2.193000000000063e+01	5.036897e+00
2.194000000000063e+01	5.036909e+00
2.195000000000063e+01	5.036920e+00
2.196000000000063e+01	5.036931e+00
2.197000000000063e+01	5.036942e+00
2.198000000000064e+01	5.036954e+00
2.199000000000064e+01	5.036965e+00
2.200000000000064e+01	5.036976e+00
2.201000000000064e+01	5.036988e+00
2.202000000000064e+01	5.036999e+00
2.203000000000064e+01	5.037010e+00
2.204000000000065e+01	5.037022e+00
2.205000000000065e+01	5.037033e+00
2.206000000000065e+01	5.037044e+00
2.207000000000065e+01	5.037055e+00
2.208000000000065e+01	5.037066e+00
2.209000000000065e+01	5.037078e+00
2.210000000000066e+01	5.037089e+00
2.211000000000066e+01	5.037100e+00
2.212000000000066e+01	5.037112e+00
2.213000000000066e+01	5.037123e+00
2.214000000000066e+01	5.037134e+00
2.215000000000066e+01	5.037146e+00
2.216000000000066e+01	5.037157e+00
2.217000000000067e+01	5.037168e+00
2.218000000000067e+01	5.037179e+00
2.219000000000067e+01	5.037190e+00
2.220000000000067e+01	5.037201e+00
2.221000000000067e+01	5.037213e+00
2.222000000000067e+01	5.037224e+00
2.223000000000068e+01	5.037235e+00
2.224000000000068e+01	5.037247e+00
2.225000000000068e+01	5.037258e+00
2.226000000000068e+01	5.037269e+00
2.227000000000068e+01	5.037280e+00
2.228000000000068e+01	5.037292e+00
2.229000000000068e+01	5.037302e+00
2.230000000000069e+01	5.037314e+00
2.231000000000069e+01	5.037325e+00
2.232000000000069e+01	5.037336e+00
2.233000000000069e+01	5.037347e+00
2.234000000000069e+01	5.037359e+00
2.235000000000069e+01	5.037370e+00
2.236000000000070e+01	5.037381e+00
2.237000000000070e+01	5.037393e+00
2.238000000000070e+01	5.037404e+00
2.239000000000070e+01	5.037415e+00
2.240000000000070e+01	5.037426e+00
2.241000000000070e+01	5.037437e+00
2.242000000000071e+01	5.037448e+00
2.243000000000071e+01	5.037459e+00
2.244000000000071e+01	5.037471e+00
2.245000000000071e+01	5.037482e+00
2.246000000000071e+01	5.037493e+00
2.247000000000071e+01	5.037504e+00
2.248000000000071e+01	5.037516e+00
2.249000000000072e+01	5.037527e+00
2.250000000000072e+01	5.037538e+00
2.251000000000072e+01	5.037549e+00
2.252000000000072e+01	5.037560e+00
2.253000000000072e+01	5.037571e+00
2.254000000000072e+01	5.037582e+00
2.255000000000073e+01	5.037594e+00
2.256000000000073e+01	5.037605e+00
2.257000000000073e+01	5.037616e+00
2.258000000000073e+01	5.037627e+00
2.259000000000073e+01	5.037639e+00
2.260000000000073e+01	5.037650e+00
2.261000000000073e+01	5.037661e+00
2.262000000000074e+01	5.037672e+00
2.263000000000074e+01	5.037683e+00
2.264000000000074e+01	5.037694e+00
2.265000000000074e+01	5.037705e+00
2.266000000000074e+01	5.037716e+00
2.267000000000074e+01	5.037728e+00
2.268000000000075e+01	5.037739e+00
2.269000000000075e+01	5.037750e+00
2.270000000000075e+01	5.037761e+00
2.271000000000075e+01	5.037772e+00
2.272000000000075e+01	5.037783e+00
2.273000000000075e+01	5.037795e+00
2.274000000000076e+01	5.037806e+00
2.275000000000076e+01	5.037817e+00
2.276000000000076e+01	5.037828e+00
2.277000000000076e+01	5.037839e+00
2.278000000000076e+01	5.037850e+00
2.279000000000076e+01	5.037861e+00
2.280000000000076e+01	5.037872e+00
2.281000000000077e+01	5.037883e+00
2.282000000000077e+01	5.037895e+00
2.283000000000077e+01	5.037906e+00
2.284000000000077e+01	5.037917e+00
2.285000000000077e+01	5.037928e+00
2.286000000000077e+01	5.037939e+00
2.287000000000078e+01	5.037950e+00
2.288000000000078e+01	5.037961e+00
2.289000000000078e+01	5.037972e+00
2.290000000000078e+01	5.037983e+00
2.291000000000078e+01	5.037994e+00
2.292000000000078e+01	5.038006e+00
2.293000000000078e+01	5.038017e+00
2.294000000000079e+01	5.038028e+00
2.295000000000079e+01	5.038039e+00
2.296000000000079e+01	5.038050e+00
2.297000000000079e+01	5.038061e+00
2.298000000000079e+01	5.038072e+00
2.299000000000079e+01	5.038083e+00
2.300000000000080e+01	5.038095e+00
2.301000000000080e+01	5.038105e+00
2.302000000000080e+01	5.038116e+00
2.303000000000080e+01	5.038127e+00
2.304000000000080e+01	5.038139e+00
2.305000000000080e+01	5.038150e+00
2.306000000000081e+01	5.038161e+00
2.307000000000081e+01	5.038172e+00
2.308000000000081e+01	5.038183e+00
2.309000000000081e+01	5.038194e+00
2.310000000000081e+01	5.038205e+00
2.311000000000081e+01	5.038216e+00
2.312000000000081e+01	5.038227e+00
2.313000000000082e+01	5.038238e+00
2.314000000000082e+01	5.038249e+00
2.315000000000082e+01	5.038260e+00
2.316000000000082e+01	5.038271e+00
2.317000000000082e+01	5.038282e+00
2.318000000000082e+01	5.038293e+00
2.319000000000083e+01	5.038304e+00
2.320000000000083e+01	5.038316e+00
2.321000000000083e+01	5.038327e+00
2.322000000000083e+01	5.038338e+00
2.323000000000083e+01	5.038349e+00
2.324000000000083e+01	5.038360e+00
2.325000000000083e+01	5.038371e+00
2.326000000000084e+01	5.038382e+00
2.327000000000084e+01	5.038393e+00
2.328000000000084e+01	5.038404e+00
2.329000000000084e+01	5.038415e+00
2.330000000000084e+01	5.038426e+00
2.331000000000084e+01	5.038437e+00
2.332000000000085e+01	5.038448e+00
2.333000000000085e+01	5.038459e+00
2.334000000000085e+01	5.038470e+00
2.335000000000085e+01	5.038481e+00
2.336000000000085e+01	5.038492e+00
2.337000000000085e+01	5.038503e+00
2.338000000000086e+01	5.038514e+00
2.339000000000086e+01	5.038525e+00
2.340000000000086e+01	5.038536e+00
2.341000000000086e+01	5.038547e+00
2.342000000000086e+01	5.038558e+00
2.343000000000086e+01	5.038569e+00
2.344000000000086e+01	5.038580e+00
2.345000000000087e+01	5.038591e+00
2.346000000000087e+01	5.038602e+00
2.347000000000087e+01	5.038613e+00
2.348000000000087e+01	5.038624e+00
2.349000000000087e+01	5.038635e+00
2.350000000000087e+01	5.038646e+00
2.351000000000088e+01	5.038657e+00
2.352000000000088e+01	5.038668e+00
2.353000000000088e+01	5.038679e+00
2.354000000000088e+01	5.038690e+00
2.355000000000088e+01	5.038701e+00
2.356000000000088e+01	5.038712e+00
2.357000000000088e+01	5.038723e+00
2.358000000000089e+01	5.038734e+00
2.359000000000089e+01	5.038745e+00
2.360000000000089e+01	5.038756e+00
2.361000000000089e+01	5.038767e+00
2.362000000000089e+01	5.038778e+00
2.363000000000089e+01	5.038789e+00
2.364000000000090e+01	5.038800e+00
2.365000000000090e+01	5.038811e+00
2.366000000000090e+01	5.038821e+00
2.367000000000090e+01	5.038832e+00
2.368000000000090e+01	5.038843e+00
2.369000000000090e+01	5.038854e+00
2.370000000000091e+01	5.038865e+00
2.371000000000091e+01	5.038876e+00
2.372000000000091e+01	5.038887e+00
2.373000000000091e+01	5.038898e+00
2.374000000000091e+01	5.038909e+00
2.375000000000091e+01	5.038920e+00
2.376000000000091e+01	5.038931e+00
2.377000000000092e+01	5.038942e+00
2.378000000000092e+01	5.038953e+00
2.379000000000092e+01	5.038964e+00
2.380000000000092e+01	5.038975e+00
2.381000000000092e+01	5.038986e+00
2.382000000000092e+01	5.038996e+00
2.383000000000093e+01	5.039007e+00
2.384000000000093e+01	5.039018e+00
2.385000000000093e+01	5.039029e+00
2.386000000000093e+01	5.039040e+00
2.387000000000093e+01	5.039051e+00
2.388000000000093e+01	5.039062e+00
2.389000000000093e+01	5.039073e+00
2.390000000000094e+01	5.039084e+00
2.391000000000094e+01	5.039094e+00
2.392000000000094e+01	5.039105e+00
2.393000000000094e+01	5.039116e+00
2.394000000000094e+01	5.039127e+00
2.395000000000094e+01	5.039138e+00
2.396000000000095e+01	5.039149e+00
2.397000000000095e+01	5.039160e+00
2.398000000000095e+01	5.039171e+00
2.399000000000095e+01	5.039182e+00
2.400000000000000e+01	5.039193e+00
