vreg	V(vo)
0.000000000000000e+00	5.868182e-11
1.000000000000000e-02	5.176076e-09
2.000000000000000e-02	1.202025e-08
3.000000000000000e-02	2.111054e-08
4.000000000000000e-02	3.307316e-08
5.000000000000000e-02	4.862619e-08
6.000000000000000e-02	6.853352e-08
7.000000000000001e-02	9.351442e-08
8.000000000000000e-02	1.241036e-07
9.000000000000000e-02	1.604756e-07
9.999999999999999e-02	2.022790e-07
1.100000000000000e-01	2.485553e-07
1.200000000000000e-01	2.978131e-07
1.300000000000000e-01	3.482826e-07
1.400000000000000e-01	3.982856e-07
1.500000000000000e-01	4.465928e-07
1.600000000000000e-01	4.926494e-07
1.700000000000000e-01	5.366079e-07
1.800000000000000e-01	5.792037e-07
1.900000000000000e-01	6.215072e-07
2.000000000000000e-01	6.646878e-07
2.100000000000000e-01	7.097942e-07
2.200000000000001e-01	7.575254e-07
2.300000000000001e-01	8.081976e-07
2.400000000000001e-01	8.616673e-07
2.500000000000001e-01	9.173243e-07
2.600000000000001e-01	9.741232e-07
2.700000000000001e-01	1.030766e-06
2.800000000000001e-01	1.085806e-06
2.900000000000001e-01	1.137820e-06
3.000000000000001e-01	1.185632e-06
3.100000000000001e-01	1.228413e-06
3.200000000000001e-01	1.265943e-06
3.300000000000001e-01	1.298100e-06
3.400000000000001e-01	1.325424e-06
3.500000000000001e-01	1.348478e-06
3.600000000000002e-01	1.367946e-06
3.700000000000002e-01	1.384406e-06
3.800000000000002e-01	1.398653e-06
3.900000000000002e-01	1.411018e-06
4.000000000000002e-01	1.422072e-06
4.100000000000002e-01	1.432004e-06
4.200000000000002e-01	1.441233e-06
4.300000000000002e-01	1.449885e-06
4.400000000000002e-01	1.458116e-06
4.500000000000002e-01	1.465921e-06
4.600000000000002e-01	1.473635e-06
4.700000000000003e-01	1.481126e-06
4.800000000000003e-01	1.488524e-06
4.900000000000003e-01	1.495831e-06
5.000000000000002e-01	1.503094e-06
5.100000000000002e-01	1.510327e-06
5.200000000000002e-01	1.517483e-06
5.300000000000002e-01	1.524701e-06
5.400000000000003e-01	1.531868e-06
5.500000000000003e-01	1.539014e-06
5.600000000000003e-01	1.546140e-06
5.700000000000003e-01	1.553265e-06
5.800000000000003e-01	1.560497e-06
5.900000000000003e-01	1.567640e-06
6.000000000000003e-01	1.574868e-06
6.100000000000003e-01	1.582070e-06
6.200000000000003e-01	1.589267e-06
6.300000000000003e-01	1.596469e-06
6.400000000000003e-01	1.603693e-06
6.500000000000004e-01	1.610934e-06
6.600000000000004e-01	1.618198e-06
6.700000000000004e-01	1.625487e-06
6.800000000000004e-01	1.632763e-06
6.900000000000004e-01	1.640062e-06
7.000000000000004e-01	1.647318e-06
7.100000000000004e-01	1.654613e-06
7.200000000000004e-01	1.661934e-06
7.300000000000004e-01	1.669328e-06
7.400000000000004e-01	1.676614e-06
7.500000000000004e-01	1.683978e-06
7.600000000000005e-01	1.691386e-06
7.700000000000005e-01	1.698765e-06
7.800000000000005e-01	1.706153e-06
7.900000000000005e-01	1.713549e-06
8.000000000000005e-01	1.721004e-06
8.100000000000005e-01	1.728415e-06
8.200000000000005e-01	1.735867e-06
8.300000000000005e-01	1.743292e-06
8.400000000000005e-01	1.750785e-06
8.500000000000005e-01	1.758262e-06
8.600000000000005e-01	1.765727e-06
8.700000000000006e-01	1.773234e-06
8.800000000000006e-01	1.780749e-06
8.900000000000006e-01	1.788257e-06
9.000000000000006e-01	1.795771e-06
9.100000000000006e-01	1.803320e-06
9.200000000000006e-01	1.810857e-06
9.300000000000006e-01	1.818393e-06
9.400000000000006e-01	1.825966e-06
9.500000000000006e-01	1.833569e-06
9.600000000000006e-01	1.841099e-06
9.700000000000006e-01	1.848750e-06
9.800000000000006e-01	1.856399e-06
9.900000000000007e-01	1.864035e-06
1.000000000000001e+00	1.871639e-06
1.010000000000001e+00	1.879302e-06
1.020000000000001e+00	1.886874e-06
1.030000000000001e+00	1.894581e-06
1.040000000000001e+00	1.902216e-06
1.050000000000001e+00	1.909946e-06
1.060000000000001e+00	1.917609e-06
1.070000000000001e+00	1.925338e-06
1.080000000000001e+00	1.933042e-06
1.090000000000001e+00	1.940718e-06
1.100000000000001e+00	1.948539e-06
1.110000000000001e+00	1.956293e-06
1.120000000000001e+00	1.963990e-06
1.130000000000001e+00	1.971728e-06
1.140000000000001e+00	1.979546e-06
1.150000000000001e+00	1.987289e-06
1.160000000000001e+00	1.995056e-06
1.170000000000001e+00	2.002978e-06
1.180000000000001e+00	2.010778e-06
1.190000000000001e+00	2.018542e-06
1.200000000000001e+00	2.026390e-06
1.210000000000001e+00	2.034195e-06
1.220000000000001e+00	2.042088e-06
1.230000000000001e+00	2.049969e-06
1.240000000000001e+00	2.057775e-06
1.250000000000001e+00	2.065771e-06
1.260000000000001e+00	2.073643e-06
1.270000000000001e+00	2.081549e-06
1.280000000000001e+00	2.089464e-06
1.290000000000001e+00	2.097369e-06
1.300000000000001e+00	2.105284e-06
1.310000000000001e+00	2.113201e-06
1.320000000000001e+00	2.121164e-06
1.330000000000001e+00	2.129122e-06
1.340000000000001e+00	2.137083e-06
1.350000000000001e+00	2.145029e-06
1.360000000000001e+00	2.153052e-06
1.370000000000001e+00	2.161058e-06
1.380000000000001e+00	2.169025e-06
1.390000000000001e+00	2.177052e-06
1.400000000000001e+00	2.185090e-06
1.410000000000001e+00	2.193129e-06
1.420000000000001e+00	2.201162e-06
1.430000000000001e+00	2.209211e-06
1.440000000000001e+00	2.217291e-06
1.450000000000001e+00	2.225367e-06
1.460000000000001e+00	2.233370e-06
1.470000000000001e+00	2.241504e-06
1.480000000000001e+00	2.249554e-06
1.490000000000001e+00	2.257731e-06
1.500000000000001e+00	2.265769e-06
1.510000000000001e+00	2.273890e-06
1.520000000000001e+00	2.282088e-06
1.530000000000001e+00	2.290145e-06
1.540000000000001e+00	2.298307e-06
1.550000000000001e+00	2.306472e-06
1.560000000000001e+00	2.314596e-06
1.570000000000001e+00	2.322823e-06
1.580000000000001e+00	2.331030e-06
1.590000000000001e+00	2.339230e-06
1.600000000000001e+00	2.347444e-06
1.610000000000001e+00	2.355617e-06
1.620000000000001e+00	2.363853e-06
1.630000000000001e+00	2.372088e-06
1.640000000000001e+00	2.380427e-06
1.650000000000001e+00	2.388620e-06
1.660000000000001e+00	2.396984e-06
1.670000000000001e+00	2.405392e-06
1.680000000000001e+00	2.413764e-06
1.690000000000001e+00	2.422339e-06
1.700000000000001e+00	2.430922e-06
1.710000000000001e+00	2.439670e-06
1.720000000000001e+00	2.448695e-06
1.730000000000001e+00	2.458074e-06
1.740000000000001e+00	2.467918e-06
1.750000000000001e+00	2.478503e-06
1.760000000000001e+00	2.490119e-06
1.770000000000001e+00	2.503184e-06
1.780000000000001e+00	2.518555e-06
1.790000000000001e+00	2.537307e-06
1.800000000000001e+00	2.560809e-06
1.810000000000001e+00	2.591440e-06
1.820000000000001e+00	2.632463e-06
1.830000000000001e+00	2.688857e-06
1.840000000000001e+00	2.767951e-06
1.850000000000001e+00	2.880574e-06
1.860000000000001e+00	3.042934e-06
1.870000000000001e+00	3.279457e-06
1.880000000000001e+00	3.626777e-06
1.890000000000001e+00	4.140767e-06
1.900000000000001e+00	4.905919e-06
1.910000000000001e+00	6.050330e-06
1.920000000000001e+00	7.767822e-06
1.930000000000001e+00	1.035039e-05
1.940000000000002e+00	1.423593e-05
1.950000000000002e+00	2.007850e-05
1.960000000000002e+00	2.885319e-05
1.970000000000002e+00	4.200800e-05
1.980000000000002e+00	6.169196e-05
1.990000000000002e+00	9.108632e-05
2.000000000000001e+00	1.348970e-04
2.010000000000001e+00	2.000733e-04
2.020000000000001e+00	2.968702e-04
2.030000000000001e+00	4.404027e-04
2.040000000000000e+00	6.529316e-04
2.050000000000000e+00	9.672136e-04
2.060000000000000e+00	1.431416e-03
2.070000000000000e+00	2.116315e-03
2.080000000000000e+00	3.125835e-03
2.089999999999999e+00	4.612472e-03
2.099999999999999e+00	6.799827e-03
2.109999999999999e+00	1.001548e-02
2.119999999999999e+00	1.473888e-02
2.129999999999999e+00	2.167082e-02
2.139999999999998e+00	3.183394e-02
2.149999999999998e+00	4.671706e-02
2.159999999999998e+00	6.848071e-02
2.169999999999998e+00	1.002457e-01
2.179999999999997e+00	1.464902e-01
2.189999999999997e+00	2.135796e-01
2.199999999999997e+00	3.104378e-01
2.209999999999997e+00	4.493326e-01
2.219999999999997e+00	6.466582e-01
2.229999999999996e+00	9.234597e-01
2.239999999999996e+00	1.305228e+00
2.249999999999996e+00	1.528659e+00
2.259999999999996e+00	1.570492e+00
2.269999999999996e+00	1.597529e+00
2.279999999999995e+00	1.620357e+00
2.289999999999995e+00	1.640095e+00
2.299999999999995e+00	1.657873e+00
2.309999999999995e+00	1.674078e+00
2.319999999999995e+00	1.688882e+00
2.329999999999994e+00	1.702481e+00
2.339999999999994e+00	1.715083e+00
2.349999999999994e+00	1.726891e+00
2.359999999999994e+00	1.738089e+00
2.369999999999993e+00	1.748824e+00
2.379999999999993e+00	1.759207e+00
2.389999999999993e+00	1.769314e+00
2.399999999999993e+00	1.779195e+00
2.409999999999993e+00	1.788875e+00
2.419999999999992e+00	1.798368e+00
2.429999999999992e+00	1.807673e+00
2.439999999999992e+00	1.816788e+00
2.449999999999992e+00	1.825706e+00
2.459999999999992e+00	1.834426e+00
2.469999999999991e+00	1.842947e+00
2.479999999999991e+00	1.851278e+00
2.489999999999991e+00	1.859434e+00
2.499999999999991e+00	1.867438e+00
2.509999999999990e+00	1.875322e+00
2.519999999999990e+00	1.883127e+00
2.529999999999990e+00	1.890900e+00
2.539999999999990e+00	1.898695e+00
2.549999999999990e+00	1.906566e+00
2.559999999999989e+00	1.914566e+00
2.569999999999989e+00	1.922741e+00
2.579999999999989e+00	1.931125e+00
2.589999999999989e+00	1.939735e+00
2.599999999999989e+00	1.948573e+00
2.609999999999988e+00	1.957622e+00
2.619999999999988e+00	1.966857e+00
2.629999999999988e+00	1.976247e+00
2.639999999999988e+00	1.985760e+00
2.649999999999987e+00	1.995367e+00
2.659999999999987e+00	2.005044e+00
2.669999999999987e+00	2.014773e+00
2.679999999999987e+00	2.024539e+00
2.689999999999987e+00	2.034332e+00
2.699999999999986e+00	2.044143e+00
2.709999999999986e+00	2.053969e+00
2.719999999999986e+00	2.063803e+00
2.729999999999986e+00	2.073645e+00
2.739999999999986e+00	2.083492e+00
2.749999999999985e+00	2.093342e+00
2.759999999999985e+00	2.103195e+00
2.769999999999985e+00	2.113050e+00
2.779999999999985e+00	2.122906e+00
2.789999999999984e+00	2.132764e+00
2.799999999999984e+00	2.142623e+00
2.809999999999984e+00	2.152483e+00
2.819999999999984e+00	2.162343e+00
2.829999999999984e+00	2.172204e+00
2.839999999999983e+00	2.182066e+00
2.849999999999983e+00	2.191929e+00
2.859999999999983e+00	2.201792e+00
2.869999999999983e+00	2.211655e+00
2.879999999999983e+00	2.221519e+00
2.889999999999982e+00	2.231384e+00
2.899999999999982e+00	2.241249e+00
2.909999999999982e+00	2.251115e+00
2.919999999999982e+00	2.260981e+00
2.929999999999982e+00	2.270847e+00
2.939999999999981e+00	2.280715e+00
2.949999999999981e+00	2.290582e+00
2.959999999999981e+00	2.300450e+00
2.969999999999981e+00	2.310319e+00
2.979999999999980e+00	2.320188e+00
2.989999999999980e+00	2.330057e+00
2.999999999999980e+00	2.339927e+00
3.009999999999980e+00	2.349797e+00
3.019999999999980e+00	2.359668e+00
3.029999999999979e+00	2.369539e+00
3.039999999999979e+00	2.379411e+00
3.049999999999979e+00	2.389283e+00
3.059999999999979e+00	2.399156e+00
3.069999999999979e+00	2.409029e+00
3.079999999999978e+00	2.418903e+00
3.089999999999978e+00	2.428777e+00
3.099999999999978e+00	2.438651e+00
3.109999999999978e+00	2.448525e+00
3.119999999999977e+00	2.458401e+00
3.129999999999977e+00	2.468276e+00
3.139999999999977e+00	2.478152e+00
3.149999999999977e+00	2.488029e+00
3.159999999999977e+00	2.497905e+00
3.169999999999976e+00	2.507782e+00
3.179999999999976e+00	2.517660e+00
3.189999999999976e+00	2.527538e+00
3.199999999999976e+00	2.537416e+00
3.209999999999976e+00	2.547295e+00
3.219999999999975e+00	2.557174e+00
3.229999999999975e+00	2.567054e+00
3.239999999999975e+00	2.576934e+00
3.249999999999975e+00	2.586814e+00
3.259999999999974e+00	2.596694e+00
3.269999999999974e+00	2.606575e+00
3.279999999999974e+00	2.616457e+00
3.289999999999974e+00	2.626338e+00
3.299999999999974e+00	2.636220e+00
3.309999999999973e+00	2.646103e+00
3.319999999999973e+00	2.655986e+00
3.329999999999973e+00	2.665869e+00
3.339999999999973e+00	2.675752e+00
3.349999999999973e+00	2.685636e+00
3.359999999999972e+00	2.695520e+00
3.369999999999972e+00	2.705405e+00
3.379999999999972e+00	2.715290e+00
3.389999999999972e+00	2.725175e+00
3.399999999999971e+00	2.735060e+00
3.409999999999971e+00	2.744946e+00
3.419999999999971e+00	2.754833e+00
3.429999999999971e+00	2.764719e+00
3.439999999999971e+00	2.774606e+00
3.449999999999970e+00	2.784493e+00
3.459999999999970e+00	2.794380e+00
3.469999999999970e+00	2.804268e+00
3.479999999999970e+00	2.814156e+00
3.489999999999970e+00	2.824045e+00
3.499999999999969e+00	2.833934e+00
3.509999999999969e+00	2.843822e+00
3.519999999999969e+00	2.853712e+00
3.529999999999969e+00	2.863602e+00
3.539999999999969e+00	2.873492e+00
3.549999999999968e+00	2.883382e+00
3.559999999999968e+00	2.893272e+00
3.569999999999968e+00	2.903163e+00
3.579999999999968e+00	2.913054e+00
3.589999999999967e+00	2.922946e+00
3.599999999999967e+00	2.932837e+00
3.609999999999967e+00	2.942729e+00
3.619999999999967e+00	2.952622e+00
3.629999999999967e+00	2.962514e+00
3.639999999999966e+00	2.972407e+00
3.649999999999966e+00	2.982301e+00
3.659999999999966e+00	2.992194e+00
3.669999999999966e+00	3.002088e+00
3.679999999999966e+00	3.011981e+00
3.689999999999965e+00	3.021876e+00
3.699999999999965e+00	3.031770e+00
3.709999999999965e+00	3.041665e+00
3.719999999999965e+00	3.051560e+00
3.729999999999964e+00	3.061455e+00
3.739999999999964e+00	3.071351e+00
3.749999999999964e+00	3.081247e+00
3.759999999999964e+00	3.091143e+00
3.769999999999964e+00	3.101039e+00
3.779999999999963e+00	3.110936e+00
3.789999999999963e+00	3.120833e+00
3.799999999999963e+00	3.130730e+00
3.809999999999963e+00	3.140627e+00
3.819999999999963e+00	3.150525e+00
3.829999999999962e+00	3.160423e+00
3.839999999999962e+00	3.170321e+00
3.849999999999962e+00	3.180219e+00
3.859999999999962e+00	3.190118e+00
3.869999999999961e+00	3.200017e+00
3.879999999999961e+00	3.209916e+00
3.889999999999961e+00	3.219815e+00
3.899999999999961e+00	3.229715e+00
3.909999999999961e+00	3.239615e+00
3.919999999999960e+00	3.249515e+00
3.929999999999960e+00	3.259415e+00
3.939999999999960e+00	3.269315e+00
3.949999999999960e+00	3.279216e+00
3.959999999999960e+00	3.289117e+00
3.969999999999959e+00	3.299018e+00
3.979999999999959e+00	3.308920e+00
3.989999999999959e+00	3.318821e+00
3.999999999999959e+00	3.328723e+00
4.009999999999959e+00	3.338625e+00
4.019999999999959e+00	3.348528e+00
4.029999999999959e+00	3.358430e+00
4.039999999999958e+00	3.368333e+00
4.049999999999958e+00	3.378236e+00
4.059999999999958e+00	3.388139e+00
4.069999999999958e+00	3.398043e+00
4.079999999999957e+00	3.407946e+00
4.089999999999957e+00	3.417850e+00
4.099999999999957e+00	3.427754e+00
4.109999999999957e+00	3.437658e+00
4.119999999999957e+00	3.447563e+00
4.129999999999956e+00	3.457468e+00
4.139999999999956e+00	3.467372e+00
4.149999999999956e+00	3.477277e+00
4.159999999999956e+00	3.487183e+00
4.169999999999956e+00	3.497088e+00
4.179999999999955e+00	3.506994e+00
4.189999999999955e+00	3.516900e+00
4.199999999999955e+00	3.526806e+00
4.209999999999955e+00	3.536712e+00
4.219999999999954e+00	3.546618e+00
4.229999999999954e+00	3.556525e+00
4.239999999999954e+00	3.566432e+00
4.249999999999954e+00	3.576339e+00
4.259999999999954e+00	3.586246e+00
4.269999999999953e+00	3.596154e+00
4.279999999999953e+00	3.606061e+00
4.289999999999953e+00	3.615969e+00
4.299999999999953e+00	3.625877e+00
4.309999999999953e+00	3.635785e+00
4.319999999999952e+00	3.645694e+00
4.329999999999952e+00	3.655602e+00
4.339999999999952e+00	3.665511e+00
4.349999999999952e+00	3.675420e+00
4.359999999999951e+00	3.685329e+00
4.369999999999951e+00	3.695238e+00
4.379999999999951e+00	3.705148e+00
4.389999999999951e+00	3.715057e+00
4.399999999999951e+00	3.724967e+00
4.409999999999950e+00	3.734877e+00
4.419999999999950e+00	3.744787e+00
4.429999999999950e+00	3.754697e+00
4.439999999999950e+00	3.764608e+00
4.449999999999950e+00	3.774518e+00
4.459999999999949e+00	3.784429e+00
4.469999999999949e+00	3.794340e+00
4.479999999999949e+00	3.804252e+00
4.489999999999949e+00	3.814163e+00
4.499999999999948e+00	3.824075e+00
4.509999999999948e+00	3.833986e+00
4.519999999999948e+00	3.843898e+00
4.529999999999948e+00	3.853810e+00
4.539999999999948e+00	3.863722e+00
4.549999999999947e+00	3.873635e+00
4.559999999999947e+00	3.883547e+00
4.569999999999947e+00	3.893460e+00
4.579999999999947e+00	3.903373e+00
4.589999999999947e+00	3.913285e+00
4.599999999999946e+00	3.923198e+00
4.609999999999946e+00	3.933112e+00
4.619999999999946e+00	3.943025e+00
4.629999999999946e+00	3.952939e+00
4.639999999999946e+00	3.962853e+00
4.649999999999945e+00	3.972767e+00
4.659999999999945e+00	3.982681e+00
4.669999999999945e+00	3.992595e+00
4.679999999999945e+00	4.002509e+00
4.689999999999944e+00	4.012424e+00
4.699999999999944e+00	4.022338e+00
4.709999999999944e+00	4.032253e+00
4.719999999999944e+00	4.042168e+00
4.729999999999944e+00	4.052083e+00
4.739999999999943e+00	4.061998e+00
4.749999999999943e+00	4.071914e+00
4.759999999999943e+00	4.081830e+00
4.769999999999943e+00	4.091745e+00
4.779999999999943e+00	4.101661e+00
4.789999999999942e+00	4.111577e+00
4.799999999999942e+00	4.121493e+00
4.809999999999942e+00	4.131410e+00
4.819999999999942e+00	4.141326e+00
4.829999999999941e+00	4.151242e+00
4.839999999999941e+00	4.161159e+00
4.849999999999941e+00	4.171076e+00
4.859999999999941e+00	4.180993e+00
4.869999999999941e+00	4.190910e+00
4.879999999999940e+00	4.200827e+00
4.889999999999940e+00	4.210745e+00
4.899999999999940e+00	4.220662e+00
4.909999999999940e+00	4.230580e+00
4.919999999999940e+00	4.240498e+00
4.929999999999939e+00	4.250416e+00
4.939999999999939e+00	4.260334e+00
4.949999999999939e+00	4.270252e+00
4.959999999999939e+00	4.280170e+00
4.969999999999938e+00	4.290089e+00
4.979999999999938e+00	4.300007e+00
4.989999999999938e+00	4.309926e+00
4.999999999999938e+00	4.319845e+00
5.009999999999938e+00	4.329764e+00
5.019999999999937e+00	4.339683e+00
5.029999999999937e+00	4.349602e+00
5.039999999999937e+00	4.359521e+00
5.049999999999937e+00	4.369441e+00
5.059999999999937e+00	4.379360e+00
5.069999999999936e+00	4.389280e+00
5.079999999999936e+00	4.399200e+00
5.089999999999936e+00	4.409120e+00
5.099999999999936e+00	4.419040e+00
5.109999999999935e+00	4.428960e+00
5.119999999999935e+00	4.438880e+00
5.129999999999935e+00	4.448801e+00
5.139999999999935e+00	4.458721e+00
5.149999999999935e+00	4.468641e+00
5.159999999999934e+00	4.478562e+00
5.169999999999934e+00	4.488483e+00
5.179999999999934e+00	4.498404e+00
5.189999999999934e+00	4.508324e+00
5.199999999999934e+00	4.518245e+00
5.209999999999933e+00	4.528166e+00
5.219999999999933e+00	4.538087e+00
5.229999999999933e+00	4.548008e+00
5.239999999999933e+00	4.557929e+00
5.249999999999932e+00	4.567850e+00
5.259999999999932e+00	4.577770e+00
5.269999999999932e+00	4.587690e+00
5.279999999999932e+00	4.597611e+00
5.289999999999932e+00	4.607531e+00
5.299999999999931e+00	4.617450e+00
5.309999999999931e+00	4.627369e+00
5.319999999999931e+00	4.637288e+00
5.329999999999931e+00	4.647205e+00
5.339999999999931e+00	4.657122e+00
5.349999999999930e+00	4.667038e+00
5.359999999999930e+00	4.676952e+00
5.369999999999930e+00	4.686864e+00
5.379999999999930e+00	4.696775e+00
5.389999999999930e+00	4.706683e+00
5.399999999999929e+00	4.716587e+00
5.409999999999929e+00	4.726488e+00
5.419999999999929e+00	4.736384e+00
5.429999999999929e+00	4.746275e+00
5.439999999999928e+00	4.756159e+00
5.449999999999928e+00	4.766035e+00
5.459999999999928e+00	4.775900e+00
5.469999999999928e+00	4.785755e+00
5.479999999999928e+00	4.795595e+00
5.489999999999927e+00	4.805418e+00
5.499999999999927e+00	4.815222e+00
5.509999999999927e+00	4.825001e+00
5.519999999999927e+00	4.834752e+00
5.529999999999927e+00	4.844469e+00
5.539999999999926e+00	4.854145e+00
5.549999999999926e+00	4.863774e+00
5.559999999999926e+00	4.873347e+00
5.569999999999926e+00	4.882854e+00
5.579999999999925e+00	4.892284e+00
5.589999999999925e+00	4.901623e+00
5.599999999999925e+00	4.910854e+00
5.609999999999925e+00	4.919960e+00
5.619999999999925e+00	4.928917e+00
5.629999999999924e+00	4.937697e+00
5.639999999999924e+00	4.946267e+00
5.649999999999924e+00	4.954583e+00
5.659999999999924e+00	4.962594e+00
5.669999999999924e+00	4.970236e+00
5.679999999999923e+00	4.977433e+00
5.689999999999923e+00	4.984095e+00
5.699999999999923e+00	4.990129e+00
5.709999999999923e+00	4.995448e+00
5.719999999999922e+00	4.999991e+00
5.729999999999922e+00	5.003737e+00
5.739999999999922e+00	5.006720e+00
5.749999999999922e+00	5.009018e+00
5.759999999999922e+00	5.010739e+00
5.769999999999921e+00	5.012000e+00
5.779999999999921e+00	5.012908e+00
5.789999999999921e+00	5.013553e+00
5.799999999999921e+00	5.014010e+00
5.809999999999921e+00	5.014332e+00
5.819999999999920e+00	5.014560e+00
5.829999999999920e+00	5.014721e+00
5.839999999999920e+00	5.014838e+00
5.849999999999920e+00	5.014923e+00
5.859999999999919e+00	5.014987e+00
5.869999999999919e+00	5.015035e+00
5.879999999999919e+00	5.015074e+00
5.889999999999919e+00	5.015105e+00
5.899999999999919e+00	5.015132e+00
5.909999999999918e+00	5.015155e+00
5.919999999999918e+00	5.015177e+00
5.929999999999918e+00	5.015196e+00
5.939999999999918e+00	5.015215e+00
5.949999999999918e+00	5.015233e+00
5.959999999999917e+00	5.015250e+00
5.969999999999917e+00	5.015267e+00
5.979999999999917e+00	5.015284e+00
5.989999999999917e+00	5.015300e+00
5.999999999999917e+00	5.015317e+00
6.009999999999916e+00	5.015333e+00
6.019999999999916e+00	5.015349e+00
6.029999999999916e+00	5.015366e+00
6.039999999999916e+00	5.015382e+00
6.049999999999915e+00	5.015399e+00
6.059999999999915e+00	5.015415e+00
6.069999999999915e+00	5.015431e+00
6.079999999999915e+00	5.015447e+00
6.089999999999915e+00	5.015463e+00
6.099999999999914e+00	5.015480e+00
6.109999999999914e+00	5.015496e+00
6.119999999999914e+00	5.015512e+00
6.129999999999914e+00	5.015528e+00
6.139999999999914e+00	5.015544e+00
6.149999999999913e+00	5.015560e+00
6.159999999999913e+00	5.015576e+00
6.169999999999913e+00	5.015593e+00
6.179999999999913e+00	5.015609e+00
6.189999999999912e+00	5.015625e+00
6.199999999999912e+00	5.015641e+00
6.209999999999912e+00	5.015657e+00
6.219999999999912e+00	5.015673e+00
6.229999999999912e+00	5.015689e+00
6.239999999999911e+00	5.015706e+00
6.249999999999911e+00	5.015722e+00
6.259999999999911e+00	5.015738e+00
6.269999999999911e+00	5.015754e+00
6.279999999999911e+00	5.015770e+00
6.289999999999910e+00	5.015786e+00
6.299999999999910e+00	5.015802e+00
6.309999999999910e+00	5.015818e+00
6.319999999999910e+00	5.015834e+00
6.329999999999909e+00	5.015851e+00
6.339999999999909e+00	5.015866e+00
6.349999999999909e+00	5.015882e+00
6.359999999999909e+00	5.015899e+00
6.369999999999909e+00	5.015914e+00
6.379999999999908e+00	5.015931e+00
6.389999999999908e+00	5.015947e+00
6.399999999999908e+00	5.015963e+00
6.409999999999908e+00	5.015979e+00
6.419999999999908e+00	5.015995e+00
6.429999999999907e+00	5.016011e+00
6.439999999999907e+00	5.016027e+00
6.449999999999907e+00	5.016043e+00
6.459999999999907e+00	5.016059e+00
6.469999999999906e+00	5.016075e+00
6.479999999999906e+00	5.016091e+00
6.489999999999906e+00	5.016107e+00
6.499999999999906e+00	5.016123e+00
6.509999999999906e+00	5.016139e+00
6.519999999999905e+00	5.016155e+00
6.529999999999905e+00	5.016171e+00
6.539999999999905e+00	5.016187e+00
6.549999999999905e+00	5.016203e+00
6.559999999999905e+00	5.016219e+00
6.569999999999904e+00	5.016235e+00
6.579999999999904e+00	5.016251e+00
6.589999999999904e+00	5.016267e+00
6.599999999999904e+00	5.016283e+00
6.609999999999904e+00	5.016299e+00
6.619999999999903e+00	5.016315e+00
6.629999999999903e+00	5.016331e+00
6.639999999999903e+00	5.016346e+00
6.649999999999903e+00	5.016362e+00
6.659999999999902e+00	5.016378e+00
6.669999999999902e+00	5.016394e+00
6.679999999999902e+00	5.016410e+00
6.689999999999902e+00	5.016426e+00
6.699999999999902e+00	5.016442e+00
6.709999999999901e+00	5.016458e+00
6.719999999999901e+00	5.016474e+00
6.729999999999901e+00	5.016490e+00
6.739999999999901e+00	5.016506e+00
6.749999999999901e+00	5.016521e+00
6.759999999999900e+00	5.016537e+00
6.769999999999900e+00	5.016553e+00
6.779999999999900e+00	5.016569e+00
6.789999999999900e+00	5.016585e+00
6.799999999999899e+00	5.016601e+00
6.809999999999899e+00	5.016617e+00
6.819999999999899e+00	5.016633e+00
6.829999999999899e+00	5.016648e+00
6.839999999999899e+00	5.016664e+00
6.849999999999898e+00	5.016680e+00
6.859999999999898e+00	5.016696e+00
6.869999999999898e+00	5.016712e+00
6.879999999999898e+00	5.016727e+00
6.889999999999898e+00	5.016744e+00
6.899999999999897e+00	5.016759e+00
6.909999999999897e+00	5.016775e+00
6.919999999999897e+00	5.016791e+00
6.929999999999897e+00	5.016807e+00
6.939999999999896e+00	5.016822e+00
6.949999999999896e+00	5.016838e+00
6.959999999999896e+00	5.016854e+00
6.969999999999896e+00	5.016870e+00
6.979999999999896e+00	5.016886e+00
6.989999999999895e+00	5.016901e+00
6.999999999999895e+00	5.016917e+00
7.009999999999895e+00	5.016933e+00
7.019999999999895e+00	5.016949e+00
7.029999999999895e+00	5.016964e+00
7.039999999999894e+00	5.016980e+00
7.049999999999894e+00	5.016996e+00
7.059999999999894e+00	5.017012e+00
7.069999999999894e+00	5.017027e+00
7.079999999999893e+00	5.017043e+00
7.089999999999893e+00	5.017059e+00
7.099999999999893e+00	5.017075e+00
7.109999999999893e+00	5.017090e+00
7.119999999999893e+00	5.017106e+00
7.129999999999892e+00	5.017122e+00
7.139999999999892e+00	5.017138e+00
7.149999999999892e+00	5.017153e+00
7.159999999999892e+00	5.017169e+00
7.169999999999892e+00	5.017185e+00
7.179999999999891e+00	5.017200e+00
7.189999999999891e+00	5.017216e+00
7.199999999999891e+00	5.017232e+00
7.209999999999891e+00	5.017248e+00
7.219999999999891e+00	5.017263e+00
7.229999999999890e+00	5.017279e+00
7.239999999999890e+00	5.017294e+00
7.249999999999890e+00	5.017310e+00
7.259999999999890e+00	5.017326e+00
7.269999999999889e+00	5.017342e+00
7.279999999999889e+00	5.017357e+00
7.289999999999889e+00	5.017373e+00
7.299999999999889e+00	5.017388e+00
7.309999999999889e+00	5.017404e+00
7.319999999999888e+00	5.017420e+00
7.329999999999888e+00	5.017436e+00
7.339999999999888e+00	5.017451e+00
7.349999999999888e+00	5.017467e+00
7.359999999999888e+00	5.017482e+00
7.369999999999887e+00	5.017498e+00
7.379999999999887e+00	5.017513e+00
7.389999999999887e+00	5.017529e+00
7.399999999999887e+00	5.017545e+00
7.409999999999886e+00	5.017560e+00
7.419999999999886e+00	5.017576e+00
7.429999999999886e+00	5.017591e+00
7.439999999999886e+00	5.017607e+00
7.449999999999886e+00	5.017622e+00
7.459999999999885e+00	5.017638e+00
7.469999999999885e+00	5.017654e+00
7.479999999999885e+00	5.017669e+00
7.489999999999885e+00	5.017685e+00
7.499999999999885e+00	5.017701e+00
7.509999999999884e+00	5.017716e+00
7.519999999999884e+00	5.017732e+00
7.529999999999884e+00	5.017747e+00
7.539999999999884e+00	5.017763e+00
7.549999999999883e+00	5.017778e+00
7.559999999999883e+00	5.017794e+00
7.569999999999883e+00	5.017809e+00
7.579999999999883e+00	5.017825e+00
7.589999999999883e+00	5.017840e+00
7.599999999999882e+00	5.017856e+00
7.609999999999882e+00	5.017871e+00
7.619999999999882e+00	5.017887e+00
7.629999999999882e+00	5.017902e+00
7.639999999999882e+00	5.017918e+00
7.649999999999881e+00	5.017933e+00
7.659999999999881e+00	5.017949e+00
7.669999999999881e+00	5.017964e+00
7.679999999999881e+00	5.017980e+00
7.689999999999880e+00	5.017995e+00
7.699999999999880e+00	5.018011e+00
7.709999999999880e+00	5.018026e+00
7.719999999999880e+00	5.018042e+00
7.729999999999880e+00	5.018057e+00
7.739999999999879e+00	5.018073e+00
7.749999999999879e+00	5.018088e+00
7.759999999999879e+00	5.018104e+00
7.769999999999879e+00	5.018119e+00
7.779999999999879e+00	5.018135e+00
7.789999999999878e+00	5.018150e+00
7.799999999999878e+00	5.018165e+00
7.809999999999878e+00	5.018181e+00
7.819999999999878e+00	5.018196e+00
7.829999999999878e+00	5.018211e+00
7.839999999999877e+00	5.018227e+00
7.849999999999877e+00	5.018242e+00
7.859999999999877e+00	5.018258e+00
7.869999999999877e+00	5.018273e+00
7.879999999999876e+00	5.018289e+00
7.889999999999876e+00	5.018304e+00
7.899999999999876e+00	5.018320e+00
7.909999999999876e+00	5.018335e+00
7.919999999999876e+00	5.018350e+00
7.929999999999875e+00	5.018365e+00
7.939999999999875e+00	5.018381e+00
7.949999999999875e+00	5.018396e+00
7.959999999999875e+00	5.018412e+00
7.969999999999875e+00	5.018427e+00
7.979999999999874e+00	5.018443e+00
7.989999999999874e+00	5.018458e+00
7.999999999999874e+00	5.018473e+00
8.009999999999874e+00	5.018488e+00
8.019999999999873e+00	5.018504e+00
8.029999999999873e+00	5.018519e+00
8.039999999999873e+00	5.018535e+00
8.049999999999873e+00	5.018550e+00
8.059999999999873e+00	5.018565e+00
8.069999999999872e+00	5.018580e+00
8.079999999999872e+00	5.018596e+00
8.089999999999872e+00	5.018611e+00
8.099999999999872e+00	5.018626e+00
8.109999999999872e+00	5.018642e+00
8.119999999999871e+00	5.018657e+00
8.129999999999871e+00	5.018672e+00
8.139999999999871e+00	5.018688e+00
8.149999999999871e+00	5.018703e+00
8.159999999999870e+00	5.018718e+00
8.169999999999870e+00	5.018734e+00
8.179999999999870e+00	5.018749e+00
8.189999999999870e+00	5.018764e+00
8.199999999999870e+00	5.018779e+00
8.209999999999869e+00	5.018795e+00
8.219999999999869e+00	5.018810e+00
8.229999999999869e+00	5.018825e+00
8.239999999999869e+00	5.018840e+00
8.249999999999869e+00	5.018856e+00
8.259999999999868e+00	5.018871e+00
8.269999999999868e+00	5.018886e+00
8.279999999999868e+00	5.018901e+00
8.289999999999868e+00	5.018917e+00
8.299999999999867e+00	5.018932e+00
8.309999999999867e+00	5.018947e+00
8.319999999999867e+00	5.018962e+00
8.329999999999867e+00	5.018978e+00
8.339999999999867e+00	5.018992e+00
8.349999999999866e+00	5.019008e+00
8.359999999999866e+00	5.019023e+00
8.369999999999866e+00	5.019038e+00
8.379999999999866e+00	5.019053e+00
8.389999999999866e+00	5.019069e+00
8.399999999999865e+00	5.019084e+00
8.409999999999865e+00	5.019099e+00
8.419999999999865e+00	5.019114e+00
8.429999999999865e+00	5.019129e+00
8.439999999999864e+00	5.019145e+00
8.449999999999864e+00	5.019160e+00
8.459999999999864e+00	5.019175e+00
8.469999999999864e+00	5.019190e+00
8.479999999999864e+00	5.019205e+00
8.489999999999863e+00	5.019220e+00
8.499999999999863e+00	5.019236e+00
8.509999999999863e+00	5.019251e+00
8.519999999999863e+00	5.019266e+00
8.529999999999863e+00	5.019281e+00
8.539999999999862e+00	5.019296e+00
8.549999999999862e+00	5.019311e+00
8.559999999999862e+00	5.019326e+00
8.569999999999862e+00	5.019341e+00
8.579999999999862e+00	5.019357e+00
8.589999999999861e+00	5.019372e+00
8.599999999999861e+00	5.019387e+00
8.609999999999861e+00	5.019402e+00
8.619999999999861e+00	5.019417e+00
8.629999999999860e+00	5.019432e+00
8.639999999999860e+00	5.019447e+00
8.649999999999860e+00	5.019462e+00
8.659999999999860e+00	5.019477e+00
8.669999999999860e+00	5.019493e+00
8.679999999999859e+00	5.019507e+00
8.689999999999859e+00	5.019523e+00
8.699999999999859e+00	5.019537e+00
8.709999999999859e+00	5.019553e+00
8.719999999999859e+00	5.019568e+00
8.729999999999858e+00	5.019583e+00
8.739999999999858e+00	5.019598e+00
8.749999999999858e+00	5.019613e+00
8.759999999999858e+00	5.019628e+00
8.769999999999857e+00	5.019643e+00
8.779999999999857e+00	5.019658e+00
8.789999999999857e+00	5.019673e+00
8.799999999999857e+00	5.019688e+00
8.809999999999857e+00	5.019703e+00
8.819999999999856e+00	5.019718e+00
8.829999999999856e+00	5.019733e+00
8.839999999999856e+00	5.019748e+00
8.849999999999856e+00	5.019763e+00
8.859999999999856e+00	5.019778e+00
8.869999999999855e+00	5.019793e+00
8.879999999999855e+00	5.019808e+00
8.889999999999855e+00	5.019823e+00
8.899999999999855e+00	5.019838e+00
8.909999999999854e+00	5.019853e+00
8.919999999999854e+00	5.019868e+00
8.929999999999854e+00	5.019883e+00
8.939999999999854e+00	5.019898e+00
8.949999999999854e+00	5.019913e+00
8.959999999999853e+00	5.019928e+00
8.969999999999853e+00	5.019943e+00
8.979999999999853e+00	5.019958e+00
8.989999999999853e+00	5.019973e+00
8.999999999999853e+00	5.019988e+00
9.009999999999852e+00	5.020003e+00
9.019999999999852e+00	5.020018e+00
9.029999999999852e+00	5.020033e+00
9.039999999999852e+00	5.020048e+00
9.049999999999851e+00	5.020062e+00
9.059999999999851e+00	5.020078e+00
9.069999999999851e+00	5.020092e+00
9.079999999999851e+00	5.020107e+00
9.089999999999851e+00	5.020123e+00
9.099999999999850e+00	5.020137e+00
9.109999999999850e+00	5.020152e+00
9.119999999999850e+00	5.020167e+00
9.129999999999850e+00	5.020182e+00
9.139999999999850e+00	5.020197e+00
9.149999999999849e+00	5.020212e+00
9.159999999999849e+00	5.020226e+00
9.169999999999849e+00	5.020242e+00
9.179999999999849e+00	5.020257e+00
9.189999999999849e+00	5.020271e+00
9.199999999999848e+00	5.020286e+00
9.209999999999848e+00	5.020301e+00
9.219999999999848e+00	5.020316e+00
9.229999999999848e+00	5.020331e+00
9.239999999999847e+00	5.020346e+00
9.249999999999847e+00	5.020360e+00
9.259999999999847e+00	5.020375e+00
9.269999999999847e+00	5.020390e+00
9.279999999999847e+00	5.020405e+00
9.289999999999846e+00	5.020420e+00
9.299999999999846e+00	5.020435e+00
9.309999999999846e+00	5.020450e+00
9.319999999999846e+00	5.020464e+00
9.329999999999846e+00	5.020479e+00
9.339999999999845e+00	5.020494e+00
9.349999999999845e+00	5.020509e+00
9.359999999999845e+00	5.020524e+00
9.369999999999845e+00	5.020538e+00
9.379999999999844e+00	5.020553e+00
9.389999999999844e+00	5.020568e+00
9.399999999999844e+00	5.020583e+00
9.409999999999844e+00	5.020598e+00
9.419999999999844e+00	5.020613e+00
9.429999999999843e+00	5.020627e+00
9.439999999999843e+00	5.020642e+00
9.449999999999843e+00	5.020657e+00
9.459999999999843e+00	5.020672e+00
9.469999999999843e+00	5.020687e+00
9.479999999999842e+00	5.020701e+00
9.489999999999842e+00	5.020716e+00
9.499999999999842e+00	5.020730e+00
9.509999999999842e+00	5.020745e+00
9.519999999999841e+00	5.020760e+00
9.529999999999841e+00	5.020775e+00
9.539999999999841e+00	5.020790e+00
9.549999999999841e+00	5.020804e+00
9.559999999999841e+00	5.020819e+00
9.569999999999840e+00	5.020834e+00
9.579999999999840e+00	5.020849e+00
9.589999999999840e+00	5.020864e+00
9.599999999999840e+00	5.020878e+00
9.609999999999840e+00	5.020893e+00
9.619999999999839e+00	5.020907e+00
9.629999999999839e+00	5.020922e+00
9.639999999999839e+00	5.020937e+00
9.649999999999839e+00	5.020952e+00
9.659999999999838e+00	5.020967e+00
9.669999999999838e+00	5.020981e+00
9.679999999999838e+00	5.020996e+00
9.689999999999838e+00	5.021010e+00
9.699999999999838e+00	5.021025e+00
9.709999999999837e+00	5.021040e+00
9.719999999999837e+00	5.021055e+00
9.729999999999837e+00	5.021069e+00
9.739999999999837e+00	5.021084e+00
9.749999999999837e+00	5.021099e+00
9.759999999999836e+00	5.021113e+00
9.769999999999836e+00	5.021128e+00
9.779999999999836e+00	5.021142e+00
9.789999999999836e+00	5.021157e+00
9.799999999999836e+00	5.021172e+00
9.809999999999835e+00	5.021186e+00
9.819999999999835e+00	5.021201e+00
9.829999999999835e+00	5.021216e+00
9.839999999999835e+00	5.021230e+00
9.849999999999834e+00	5.021245e+00
9.859999999999834e+00	5.021260e+00
9.869999999999834e+00	5.021274e+00
9.879999999999834e+00	5.021289e+00
9.889999999999834e+00	5.021304e+00
9.899999999999833e+00	5.021318e+00
9.909999999999833e+00	5.021333e+00
9.919999999999833e+00	5.021348e+00
9.929999999999833e+00	5.021362e+00
9.939999999999833e+00	5.021377e+00
9.949999999999832e+00	5.021391e+00
9.959999999999832e+00	5.021406e+00
9.969999999999832e+00	5.021420e+00
9.979999999999832e+00	5.021435e+00
9.989999999999831e+00	5.021450e+00
9.999999999999831e+00	5.021464e+00
1.000999999999983e+01	5.021479e+00
1.001999999999983e+01	5.021493e+00
1.002999999999983e+01	5.021508e+00
1.003999999999983e+01	5.021523e+00
1.004999999999983e+01	5.021537e+00
1.005999999999983e+01	5.021552e+00
1.006999999999983e+01	5.021566e+00
1.007999999999983e+01	5.021581e+00
1.008999999999983e+01	5.021595e+00
1.009999999999983e+01	5.021610e+00
1.010999999999983e+01	5.021624e+00
1.011999999999983e+01	5.021639e+00
1.012999999999983e+01	5.021653e+00
1.013999999999983e+01	5.021668e+00
1.014999999999983e+01	5.021682e+00
1.015999999999983e+01	5.021697e+00
1.016999999999983e+01	5.021711e+00
1.017999999999983e+01	5.021726e+00
1.018999999999983e+01	5.021740e+00
1.019999999999983e+01	5.021755e+00
1.020999999999983e+01	5.021770e+00
1.021999999999983e+01	5.021784e+00
1.022999999999983e+01	5.021798e+00
1.023999999999983e+01	5.021813e+00
1.024999999999983e+01	5.021827e+00
1.025999999999983e+01	5.021842e+00
1.026999999999983e+01	5.021856e+00
1.027999999999983e+01	5.021871e+00
1.028999999999983e+01	5.021885e+00
1.029999999999982e+01	5.021900e+00
1.030999999999982e+01	5.021914e+00
1.031999999999982e+01	5.021929e+00
1.032999999999982e+01	5.021943e+00
1.033999999999982e+01	5.021957e+00
1.034999999999982e+01	5.021972e+00
1.035999999999982e+01	5.021986e+00
1.036999999999982e+01	5.022001e+00
1.037999999999982e+01	5.022016e+00
1.038999999999982e+01	5.022030e+00
1.039999999999982e+01	5.022044e+00
1.040999999999982e+01	5.022058e+00
1.041999999999982e+01	5.022073e+00
1.042999999999982e+01	5.022088e+00
1.043999999999982e+01	5.022102e+00
1.044999999999982e+01	5.022116e+00
1.045999999999982e+01	5.022131e+00
1.046999999999982e+01	5.022145e+00
1.047999999999982e+01	5.022160e+00
1.048999999999982e+01	5.022174e+00
1.049999999999982e+01	5.022188e+00
1.050999999999982e+01	5.022203e+00
1.051999999999982e+01	5.022217e+00
1.052999999999982e+01	5.022232e+00
1.053999999999982e+01	5.022246e+00
1.054999999999982e+01	5.022260e+00
1.055999999999982e+01	5.022274e+00
1.056999999999982e+01	5.022289e+00
1.057999999999982e+01	5.022304e+00
1.058999999999982e+01	5.022318e+00
1.059999999999982e+01	5.022332e+00
1.060999999999982e+01	5.022346e+00
1.061999999999982e+01	5.022361e+00
1.062999999999982e+01	5.022375e+00
1.063999999999982e+01	5.022389e+00
1.064999999999982e+01	5.022404e+00
1.065999999999982e+01	5.022418e+00
1.066999999999982e+01	5.022433e+00
1.067999999999982e+01	5.022447e+00
1.068999999999982e+01	5.022461e+00
1.069999999999982e+01	5.022476e+00
1.070999999999982e+01	5.022490e+00
1.071999999999982e+01	5.022504e+00
1.072999999999982e+01	5.022519e+00
1.073999999999982e+01	5.022533e+00
1.074999999999982e+01	5.022547e+00
1.075999999999982e+01	5.022562e+00
1.076999999999981e+01	5.022576e+00
1.077999999999981e+01	5.022590e+00
1.078999999999981e+01	5.022604e+00
1.079999999999981e+01	5.022619e+00
1.080999999999981e+01	5.022633e+00
1.081999999999981e+01	5.022647e+00
1.082999999999981e+01	5.022662e+00
1.083999999999981e+01	5.022676e+00
1.084999999999981e+01	5.022690e+00
1.085999999999981e+01	5.022704e+00
1.086999999999981e+01	5.022718e+00
1.087999999999981e+01	5.022733e+00
1.088999999999981e+01	5.022747e+00
1.089999999999981e+01	5.022761e+00
1.090999999999981e+01	5.022776e+00
1.091999999999981e+01	5.022790e+00
1.092999999999981e+01	5.022804e+00
1.093999999999981e+01	5.022819e+00
1.094999999999981e+01	5.022833e+00
1.095999999999981e+01	5.022847e+00
1.096999999999981e+01	5.022861e+00
1.097999999999981e+01	5.022875e+00
1.098999999999981e+01	5.022890e+00
1.099999999999981e+01	5.022904e+00
1.100999999999981e+01	5.022918e+00
1.101999999999981e+01	5.022932e+00
1.102999999999981e+01	5.022946e+00
1.103999999999981e+01	5.022961e+00
1.104999999999981e+01	5.022975e+00
1.105999999999981e+01	5.022989e+00
1.106999999999981e+01	5.023003e+00
1.107999999999981e+01	5.023017e+00
1.108999999999981e+01	5.023032e+00
1.109999999999981e+01	5.023046e+00
1.110999999999981e+01	5.023060e+00
1.111999999999981e+01	5.023074e+00
1.112999999999981e+01	5.023088e+00
1.113999999999981e+01	5.023103e+00
1.114999999999981e+01	5.023117e+00
1.115999999999981e+01	5.023131e+00
1.116999999999981e+01	5.023145e+00
1.117999999999981e+01	5.023159e+00
1.118999999999981e+01	5.023173e+00
1.119999999999981e+01	5.023188e+00
1.120999999999981e+01	5.023201e+00
1.121999999999981e+01	5.023216e+00
1.122999999999981e+01	5.023230e+00
1.123999999999980e+01	5.023244e+00
1.124999999999980e+01	5.023258e+00
1.125999999999980e+01	5.023273e+00
1.126999999999980e+01	5.023286e+00
1.127999999999980e+01	5.023301e+00
1.128999999999980e+01	5.023315e+00
1.129999999999980e+01	5.023329e+00
1.130999999999980e+01	5.023343e+00
1.131999999999980e+01	5.023357e+00
1.132999999999980e+01	5.023371e+00
1.133999999999980e+01	5.023386e+00
1.134999999999980e+01	5.023399e+00
1.135999999999980e+01	5.023414e+00
1.136999999999980e+01	5.023427e+00
1.137999999999980e+01	5.023442e+00
1.138999999999980e+01	5.023456e+00
1.139999999999980e+01	5.023470e+00
1.140999999999980e+01	5.023484e+00
1.141999999999980e+01	5.023498e+00
1.142999999999980e+01	5.023512e+00
1.143999999999980e+01	5.023526e+00
1.144999999999980e+01	5.023540e+00
1.145999999999980e+01	5.023554e+00
1.146999999999980e+01	5.023569e+00
1.147999999999980e+01	5.023582e+00
1.148999999999980e+01	5.023597e+00
1.149999999999980e+01	5.023611e+00
1.150999999999980e+01	5.023625e+00
1.151999999999980e+01	5.023639e+00
1.152999999999980e+01	5.023653e+00
1.153999999999980e+01	5.023667e+00
1.154999999999980e+01	5.023681e+00
1.155999999999980e+01	5.023695e+00
1.156999999999980e+01	5.023709e+00
1.157999999999980e+01	5.023723e+00
1.158999999999980e+01	5.023737e+00
1.159999999999980e+01	5.023751e+00
1.160999999999980e+01	5.023765e+00
1.161999999999980e+01	5.023779e+00
1.162999999999980e+01	5.023793e+00
1.163999999999980e+01	5.023807e+00
1.164999999999980e+01	5.023821e+00
1.165999999999980e+01	5.023835e+00
1.166999999999980e+01	5.023849e+00
1.167999999999980e+01	5.023863e+00
1.168999999999980e+01	5.023877e+00
1.169999999999980e+01	5.023891e+00
1.170999999999979e+01	5.023905e+00
1.171999999999979e+01	5.023919e+00
1.172999999999979e+01	5.023933e+00
1.173999999999979e+01	5.023947e+00
1.174999999999979e+01	5.023961e+00
1.175999999999979e+01	5.023975e+00
1.176999999999979e+01	5.023989e+00
1.177999999999979e+01	5.024003e+00
1.178999999999979e+01	5.024017e+00
1.179999999999979e+01	5.024031e+00
1.180999999999979e+01	5.024045e+00
1.181999999999979e+01	5.024059e+00
1.182999999999979e+01	5.024073e+00
1.183999999999979e+01	5.024086e+00
1.184999999999979e+01	5.024100e+00
1.185999999999979e+01	5.024114e+00
1.186999999999979e+01	5.024128e+00
1.187999999999979e+01	5.024142e+00
1.188999999999979e+01	5.024156e+00
1.189999999999979e+01	5.024170e+00
1.190999999999979e+01	5.024184e+00
1.191999999999979e+01	5.024198e+00
1.192999999999979e+01	5.024212e+00
1.193999999999979e+01	5.024226e+00
1.194999999999979e+01	5.024240e+00
1.195999999999979e+01	5.024253e+00
1.196999999999979e+01	5.024267e+00
1.197999999999979e+01	5.024282e+00
1.198999999999979e+01	5.024295e+00
1.199999999999979e+01	5.024309e+00
1.200999999999979e+01	5.024323e+00
1.201999999999979e+01	5.024337e+00
1.202999999999979e+01	5.024351e+00
1.203999999999979e+01	5.024364e+00
1.204999999999979e+01	5.024378e+00
1.205999999999979e+01	5.024393e+00
1.206999999999979e+01	5.024406e+00
1.207999999999979e+01	5.024420e+00
1.208999999999979e+01	5.024434e+00
1.209999999999979e+01	5.024448e+00
1.210999999999979e+01	5.024462e+00
1.211999999999979e+01	5.024476e+00
1.212999999999979e+01	5.024489e+00
1.213999999999979e+01	5.024503e+00
1.214999999999979e+01	5.024517e+00
1.215999999999979e+01	5.024531e+00
1.216999999999978e+01	5.024545e+00
1.217999999999978e+01	5.024559e+00
1.218999999999978e+01	5.024572e+00
1.219999999999978e+01	5.024586e+00
1.220999999999978e+01	5.024600e+00
1.221999999999978e+01	5.024614e+00
1.222999999999978e+01	5.024628e+00
1.223999999999978e+01	5.024642e+00
1.224999999999978e+01	5.024655e+00
1.225999999999978e+01	5.024669e+00
1.226999999999978e+01	5.024683e+00
1.227999999999978e+01	5.024697e+00
1.228999999999978e+01	5.024711e+00
1.229999999999978e+01	5.024724e+00
1.230999999999978e+01	5.024738e+00
1.231999999999978e+01	5.024752e+00
1.232999999999978e+01	5.024765e+00
1.233999999999978e+01	5.024779e+00
1.234999999999978e+01	5.024793e+00
1.235999999999978e+01	5.024807e+00
1.236999999999978e+01	5.024821e+00
1.237999999999978e+01	5.024835e+00
1.238999999999978e+01	5.024848e+00
1.239999999999978e+01	5.024862e+00
1.240999999999978e+01	5.024876e+00
1.241999999999978e+01	5.024889e+00
1.242999999999978e+01	5.024903e+00
1.243999999999978e+01	5.024917e+00
1.244999999999978e+01	5.024931e+00
1.245999999999978e+01	5.024944e+00
1.246999999999978e+01	5.024958e+00
1.247999999999978e+01	5.024972e+00
1.248999999999978e+01	5.024986e+00
1.249999999999978e+01	5.025000e+00
1.250999999999978e+01	5.025013e+00
1.251999999999978e+01	5.025027e+00
1.252999999999978e+01	5.025041e+00
1.253999999999978e+01	5.025054e+00
1.254999999999978e+01	5.025068e+00
1.255999999999978e+01	5.025082e+00
1.256999999999978e+01	5.025095e+00
1.257999999999978e+01	5.025109e+00
1.258999999999978e+01	5.025123e+00
1.259999999999978e+01	5.025136e+00
1.260999999999978e+01	5.025150e+00
1.261999999999978e+01	5.025164e+00
1.262999999999978e+01	5.025177e+00
1.263999999999977e+01	5.025191e+00
1.264999999999977e+01	5.025205e+00
1.265999999999977e+01	5.025218e+00
1.266999999999977e+01	5.025232e+00
1.267999999999977e+01	5.025246e+00
1.268999999999977e+01	5.025259e+00
1.269999999999977e+01	5.025273e+00
1.270999999999977e+01	5.025287e+00
1.271999999999977e+01	5.025301e+00
1.272999999999977e+01	5.025314e+00
1.273999999999977e+01	5.025328e+00
1.274999999999977e+01	5.025342e+00
1.275999999999977e+01	5.025355e+00
1.276999999999977e+01	5.025369e+00
1.277999999999977e+01	5.025383e+00
1.278999999999977e+01	5.025396e+00
1.279999999999977e+01	5.025410e+00
1.280999999999977e+01	5.025424e+00
1.281999999999977e+01	5.025437e+00
1.282999999999977e+01	5.025451e+00
1.283999999999977e+01	5.025465e+00
1.284999999999977e+01	5.025478e+00
1.285999999999977e+01	5.025492e+00
1.286999999999977e+01	5.025505e+00
1.287999999999977e+01	5.025519e+00
1.288999999999977e+01	5.025532e+00
1.289999999999977e+01	5.025546e+00
1.290999999999977e+01	5.025559e+00
1.291999999999977e+01	5.025573e+00
1.292999999999977e+01	5.025587e+00
1.293999999999977e+01	5.025600e+00
1.294999999999977e+01	5.025614e+00
1.295999999999977e+01	5.025628e+00
1.296999999999977e+01	5.025641e+00
1.297999999999977e+01	5.025655e+00
1.298999999999977e+01	5.025668e+00
1.299999999999977e+01	5.025682e+00
1.300999999999977e+01	5.025695e+00
1.301999999999977e+01	5.025709e+00
1.302999999999977e+01	5.025723e+00
1.303999999999977e+01	5.025736e+00
1.304999999999977e+01	5.025750e+00
1.305999999999977e+01	5.025763e+00
1.306999999999977e+01	5.025777e+00
1.307999999999977e+01	5.025790e+00
1.308999999999977e+01	5.025804e+00
1.309999999999977e+01	5.025817e+00
1.310999999999976e+01	5.025831e+00
1.311999999999976e+01	5.025845e+00
1.312999999999976e+01	5.025858e+00
1.313999999999976e+01	5.025872e+00
1.314999999999976e+01	5.025885e+00
1.315999999999976e+01	5.025898e+00
1.316999999999976e+01	5.025912e+00
1.317999999999976e+01	5.025926e+00
1.318999999999976e+01	5.025939e+00
1.319999999999976e+01	5.025953e+00
1.320999999999976e+01	5.025966e+00
1.321999999999976e+01	5.025980e+00
1.322999999999976e+01	5.025993e+00
1.323999999999976e+01	5.026007e+00
1.324999999999976e+01	5.026020e+00
1.325999999999976e+01	5.026034e+00
1.326999999999976e+01	5.026047e+00
1.327999999999976e+01	5.026061e+00
1.328999999999976e+01	5.026074e+00
1.329999999999976e+01	5.026088e+00
1.330999999999976e+01	5.026101e+00
1.331999999999976e+01	5.026114e+00
1.332999999999976e+01	5.026128e+00
1.333999999999976e+01	5.026142e+00
1.334999999999976e+01	5.026155e+00
1.335999999999976e+01	5.026168e+00
1.336999999999976e+01	5.026182e+00
1.337999999999976e+01	5.026196e+00
1.338999999999976e+01	5.026209e+00
1.339999999999976e+01	5.026222e+00
1.340999999999976e+01	5.026236e+00
1.341999999999976e+01	5.026249e+00
1.342999999999976e+01	5.026263e+00
1.343999999999976e+01	5.026276e+00
1.344999999999976e+01	5.026289e+00
1.345999999999976e+01	5.026303e+00
1.346999999999976e+01	5.026316e+00
1.347999999999976e+01	5.026330e+00
1.348999999999976e+01	5.026343e+00
1.349999999999976e+01	5.026357e+00
1.350999999999976e+01	5.026370e+00
1.351999999999976e+01	5.026383e+00
1.352999999999976e+01	5.026397e+00
1.353999999999976e+01	5.026410e+00
1.354999999999976e+01	5.026423e+00
1.355999999999976e+01	5.026437e+00
1.356999999999976e+01	5.026451e+00
1.357999999999975e+01	5.026464e+00
1.358999999999975e+01	5.026477e+00
1.359999999999975e+01	5.026491e+00
1.360999999999975e+01	5.026504e+00
1.361999999999975e+01	5.026517e+00
1.362999999999975e+01	5.026531e+00
1.363999999999975e+01	5.026544e+00
1.364999999999975e+01	5.026557e+00
1.365999999999975e+01	5.026571e+00
1.366999999999975e+01	5.026584e+00
1.367999999999975e+01	5.026597e+00
1.368999999999975e+01	5.026611e+00
1.369999999999975e+01	5.026624e+00
1.370999999999975e+01	5.026638e+00
1.371999999999975e+01	5.026651e+00
1.372999999999975e+01	5.026664e+00
1.373999999999975e+01	5.026678e+00
1.374999999999975e+01	5.026691e+00
1.375999999999975e+01	5.026704e+00
1.376999999999975e+01	5.026718e+00
1.377999999999975e+01	5.026731e+00
1.378999999999975e+01	5.026744e+00
1.379999999999975e+01	5.026758e+00
1.380999999999975e+01	5.026771e+00
1.381999999999975e+01	5.026784e+00
1.382999999999975e+01	5.026798e+00
1.383999999999975e+01	5.026811e+00
1.384999999999975e+01	5.026824e+00
1.385999999999975e+01	5.026838e+00
1.386999999999975e+01	5.026851e+00
1.387999999999975e+01	5.026864e+00
1.388999999999975e+01	5.026877e+00
1.389999999999975e+01	5.026891e+00
1.390999999999975e+01	5.026904e+00
1.391999999999975e+01	5.026917e+00
1.392999999999975e+01	5.026931e+00
1.393999999999975e+01	5.026944e+00
1.394999999999975e+01	5.026958e+00
1.395999999999975e+01	5.026970e+00
1.396999999999975e+01	5.026984e+00
1.397999999999975e+01	5.026997e+00
1.398999999999975e+01	5.027010e+00
1.399999999999975e+01	5.027024e+00
1.400999999999975e+01	5.027037e+00
1.401999999999975e+01	5.027050e+00
1.402999999999975e+01	5.027063e+00
1.403999999999975e+01	5.027077e+00
1.404999999999974e+01	5.027090e+00
1.405999999999974e+01	5.027103e+00
1.406999999999974e+01	5.027116e+00
1.407999999999974e+01	5.027130e+00
1.408999999999974e+01	5.027143e+00
1.409999999999974e+01	5.027156e+00
1.410999999999974e+01	5.027170e+00
1.411999999999974e+01	5.027183e+00
1.412999999999974e+01	5.027196e+00
1.413999999999974e+01	5.027209e+00
1.414999999999974e+01	5.027223e+00
1.415999999999974e+01	5.027236e+00
1.416999999999974e+01	5.027249e+00
1.417999999999974e+01	5.027262e+00
1.418999999999974e+01	5.027275e+00
1.419999999999974e+01	5.027288e+00
1.420999999999974e+01	5.027302e+00
1.421999999999974e+01	5.027315e+00
1.422999999999974e+01	5.027328e+00
1.423999999999974e+01	5.027341e+00
1.424999999999974e+01	5.027355e+00
1.425999999999974e+01	5.027368e+00
1.426999999999974e+01	5.027381e+00
1.427999999999974e+01	5.027394e+00
1.428999999999974e+01	5.027407e+00
1.429999999999974e+01	5.027421e+00
1.430999999999974e+01	5.027434e+00
1.431999999999974e+01	5.027447e+00
1.432999999999974e+01	5.027460e+00
1.433999999999974e+01	5.027473e+00
1.434999999999974e+01	5.027486e+00
1.435999999999974e+01	5.027500e+00
1.436999999999974e+01	5.027513e+00
1.437999999999974e+01	5.027526e+00
1.438999999999974e+01	5.027539e+00
1.439999999999974e+01	5.027552e+00
1.440999999999974e+01	5.027565e+00
1.441999999999974e+01	5.027578e+00
1.442999999999974e+01	5.027592e+00
1.443999999999974e+01	5.027605e+00
1.444999999999974e+01	5.027618e+00
1.445999999999974e+01	5.027631e+00
1.446999999999974e+01	5.027644e+00
1.447999999999974e+01	5.027658e+00
1.448999999999974e+01	5.027670e+00
1.449999999999974e+01	5.027684e+00
1.450999999999974e+01	5.027697e+00
1.451999999999973e+01	5.027710e+00
1.452999999999973e+01	5.027723e+00
1.453999999999973e+01	5.027736e+00
1.454999999999973e+01	5.027749e+00
1.455999999999973e+01	5.027762e+00
1.456999999999973e+01	5.027775e+00
1.457999999999973e+01	5.027789e+00
1.458999999999973e+01	5.027802e+00
1.459999999999973e+01	5.027815e+00
1.460999999999973e+01	5.027828e+00
1.461999999999973e+01	5.027841e+00
1.462999999999973e+01	5.027854e+00
1.463999999999973e+01	5.027867e+00
1.464999999999973e+01	5.027880e+00
1.465999999999973e+01	5.027893e+00
1.466999999999973e+01	5.027906e+00
1.467999999999973e+01	5.027919e+00
1.468999999999973e+01	5.027933e+00
1.469999999999973e+01	5.027946e+00
1.470999999999973e+01	5.027958e+00
1.471999999999973e+01	5.027972e+00
1.472999999999973e+01	5.027985e+00
1.473999999999973e+01	5.027997e+00
1.474999999999973e+01	5.028011e+00
1.475999999999973e+01	5.028024e+00
1.476999999999973e+01	5.028037e+00
1.477999999999973e+01	5.028050e+00
1.478999999999973e+01	5.028063e+00
1.479999999999973e+01	5.028076e+00
1.480999999999973e+01	5.028089e+00
1.481999999999973e+01	5.028102e+00
1.482999999999973e+01	5.028115e+00
1.483999999999973e+01	5.028128e+00
1.484999999999973e+01	5.028141e+00
1.485999999999973e+01	5.028154e+00
1.486999999999973e+01	5.028167e+00
1.487999999999973e+01	5.028180e+00
1.488999999999973e+01	5.028193e+00
1.489999999999973e+01	5.028206e+00
1.490999999999973e+01	5.028219e+00
1.491999999999973e+01	5.028232e+00
1.492999999999973e+01	5.028245e+00
1.493999999999973e+01	5.028258e+00
1.494999999999973e+01	5.028271e+00
1.495999999999973e+01	5.028284e+00
1.496999999999973e+01	5.028297e+00
1.497999999999973e+01	5.028310e+00
1.498999999999972e+01	5.028323e+00
1.499999999999972e+01	5.028336e+00
1.500999999999972e+01	5.028349e+00
1.501999999999972e+01	5.028362e+00
1.502999999999972e+01	5.028375e+00
1.503999999999972e+01	5.028388e+00
1.504999999999972e+01	5.028401e+00
1.505999999999972e+01	5.028414e+00
1.506999999999972e+01	5.028427e+00
1.507999999999972e+01	5.028440e+00
1.508999999999972e+01	5.028453e+00
1.509999999999972e+01	5.028466e+00
1.510999999999972e+01	5.028479e+00
1.511999999999972e+01	5.028492e+00
1.512999999999972e+01	5.028505e+00
1.513999999999972e+01	5.028518e+00
1.514999999999972e+01	5.028531e+00
1.515999999999972e+01	5.028543e+00
1.516999999999972e+01	5.028556e+00
1.517999999999972e+01	5.028570e+00
1.518999999999972e+01	5.028583e+00
1.519999999999972e+01	5.028595e+00
1.520999999999972e+01	5.028608e+00
1.521999999999972e+01	5.028621e+00
1.522999999999972e+01	5.028634e+00
1.523999999999972e+01	5.028647e+00
1.524999999999972e+01	5.028660e+00
1.525999999999972e+01	5.028673e+00
1.526999999999972e+01	5.028686e+00
1.527999999999972e+01	5.028699e+00
1.528999999999972e+01	5.028712e+00
1.529999999999972e+01	5.028725e+00
1.530999999999972e+01	5.028738e+00
1.531999999999972e+01	5.028750e+00
1.532999999999972e+01	5.028763e+00
1.533999999999972e+01	5.028776e+00
1.534999999999972e+01	5.028789e+00
1.535999999999972e+01	5.028802e+00
1.536999999999972e+01	5.028815e+00
1.537999999999972e+01	5.028828e+00
1.538999999999972e+01	5.028841e+00
1.539999999999972e+01	5.028853e+00
1.540999999999972e+01	5.028866e+00
1.541999999999972e+01	5.028879e+00
1.542999999999972e+01	5.028892e+00
1.543999999999972e+01	5.028905e+00
1.544999999999972e+01	5.028918e+00
1.545999999999971e+01	5.028931e+00
1.546999999999971e+01	5.028944e+00
1.547999999999971e+01	5.028956e+00
1.548999999999971e+01	5.028969e+00
1.549999999999971e+01	5.028982e+00
1.550999999999971e+01	5.028995e+00
1.551999999999971e+01	5.029007e+00
1.552999999999971e+01	5.029020e+00
1.553999999999971e+01	5.029033e+00
1.554999999999971e+01	5.029046e+00
1.555999999999971e+01	5.029059e+00
1.556999999999971e+01	5.029072e+00
1.557999999999971e+01	5.029085e+00
1.558999999999971e+01	5.029098e+00
1.559999999999971e+01	5.029110e+00
1.560999999999971e+01	5.029123e+00
1.561999999999971e+01	5.029136e+00
1.562999999999971e+01	5.029149e+00
1.563999999999971e+01	5.029161e+00
1.564999999999971e+01	5.029174e+00
1.565999999999971e+01	5.029187e+00
1.566999999999971e+01	5.029200e+00
1.567999999999971e+01	5.029213e+00
1.568999999999971e+01	5.029225e+00
1.569999999999971e+01	5.029238e+00
1.570999999999971e+01	5.029251e+00
1.571999999999971e+01	5.029264e+00
1.572999999999971e+01	5.029277e+00
1.573999999999971e+01	5.029289e+00
1.574999999999971e+01	5.029302e+00
1.575999999999971e+01	5.029315e+00
1.576999999999971e+01	5.029328e+00
1.577999999999971e+01	5.029341e+00
1.578999999999971e+01	5.029353e+00
1.579999999999971e+01	5.029366e+00
1.580999999999971e+01	5.029379e+00
1.581999999999971e+01	5.029392e+00
1.582999999999971e+01	5.029404e+00
1.583999999999971e+01	5.029417e+00
1.584999999999971e+01	5.029430e+00
1.585999999999971e+01	5.029443e+00
1.586999999999971e+01	5.029455e+00
1.587999999999971e+01	5.029468e+00
1.588999999999971e+01	5.029481e+00
1.589999999999971e+01	5.029494e+00
1.590999999999971e+01	5.029506e+00
1.591999999999971e+01	5.029519e+00
1.592999999999970e+01	5.029532e+00
1.593999999999970e+01	5.029544e+00
1.594999999999970e+01	5.029557e+00
1.595999999999970e+01	5.029570e+00
1.596999999999970e+01	5.029583e+00
1.597999999999970e+01	5.029595e+00
1.598999999999970e+01	5.029608e+00
1.599999999999970e+01	5.029621e+00
1.600999999999970e+01	5.029634e+00
1.601999999999970e+01	5.029646e+00
1.602999999999971e+01	5.029659e+00
1.603999999999971e+01	5.029672e+00
1.604999999999971e+01	5.029685e+00
1.605999999999971e+01	5.029697e+00
1.606999999999971e+01	5.029710e+00
1.607999999999971e+01	5.029722e+00
1.608999999999972e+01	5.029735e+00
1.609999999999972e+01	5.029748e+00
1.610999999999972e+01	5.029760e+00
1.611999999999972e+01	5.029773e+00
1.612999999999972e+01	5.029786e+00
1.613999999999972e+01	5.029799e+00
1.614999999999973e+01	5.029811e+00
1.615999999999973e+01	5.029824e+00
1.616999999999973e+01	5.029837e+00
1.617999999999973e+01	5.029849e+00
1.618999999999973e+01	5.029862e+00
1.619999999999973e+01	5.029874e+00
1.620999999999973e+01	5.029887e+00
1.621999999999974e+01	5.029900e+00
1.622999999999974e+01	5.029912e+00
1.623999999999974e+01	5.029925e+00
1.624999999999974e+01	5.029938e+00
1.625999999999974e+01	5.029951e+00
1.626999999999974e+01	5.029963e+00
1.627999999999975e+01	5.029976e+00
1.628999999999975e+01	5.029988e+00
1.629999999999975e+01	5.030001e+00
1.630999999999975e+01	5.030014e+00
1.631999999999975e+01	5.030026e+00
1.632999999999975e+01	5.030039e+00
1.633999999999975e+01	5.030052e+00
1.634999999999976e+01	5.030064e+00
1.635999999999976e+01	5.030077e+00
1.636999999999976e+01	5.030089e+00
1.637999999999976e+01	5.030102e+00
1.638999999999976e+01	5.030115e+00
1.639999999999976e+01	5.030127e+00
1.640999999999977e+01	5.030140e+00
1.641999999999977e+01	5.030152e+00
1.642999999999977e+01	5.030165e+00
1.643999999999977e+01	5.030178e+00
1.644999999999977e+01	5.030190e+00
1.645999999999977e+01	5.030203e+00
1.646999999999978e+01	5.030215e+00
1.647999999999978e+01	5.030228e+00
1.648999999999978e+01	5.030241e+00
1.649999999999978e+01	5.030253e+00
1.650999999999978e+01	5.030266e+00
1.651999999999978e+01	5.030278e+00
1.652999999999978e+01	5.030291e+00
1.653999999999979e+01	5.030303e+00
1.654999999999979e+01	5.030316e+00
1.655999999999979e+01	5.030328e+00
1.656999999999979e+01	5.030341e+00
1.657999999999979e+01	5.030354e+00
1.658999999999979e+01	5.030366e+00
1.659999999999980e+01	5.030379e+00
1.660999999999980e+01	5.030391e+00
1.661999999999980e+01	5.030404e+00
1.662999999999980e+01	5.030416e+00
1.663999999999980e+01	5.030429e+00
1.664999999999980e+01	5.030441e+00
1.665999999999980e+01	5.030454e+00
1.666999999999981e+01	5.030467e+00
1.667999999999981e+01	5.030479e+00
1.668999999999981e+01	5.030492e+00
1.669999999999981e+01	5.030504e+00
1.670999999999981e+01	5.030517e+00
1.671999999999981e+01	5.030529e+00
1.672999999999982e+01	5.030542e+00
1.673999999999982e+01	5.030554e+00
1.674999999999982e+01	5.030567e+00
1.675999999999982e+01	5.030579e+00
1.676999999999982e+01	5.030592e+00
1.677999999999982e+01	5.030604e+00
1.678999999999983e+01	5.030617e+00
1.679999999999983e+01	5.030629e+00
1.680999999999983e+01	5.030642e+00
1.681999999999983e+01	5.030654e+00
1.682999999999983e+01	5.030667e+00
1.683999999999983e+01	5.030679e+00
1.684999999999983e+01	5.030692e+00
1.685999999999984e+01	5.030704e+00
1.686999999999984e+01	5.030717e+00
1.687999999999984e+01	5.030729e+00
1.688999999999984e+01	5.030742e+00
1.689999999999984e+01	5.030754e+00
1.690999999999984e+01	5.030766e+00
1.691999999999985e+01	5.030779e+00
1.692999999999985e+01	5.030792e+00
1.693999999999985e+01	5.030804e+00
1.694999999999985e+01	5.030817e+00
1.695999999999985e+01	5.030829e+00
1.696999999999985e+01	5.030841e+00
1.697999999999985e+01	5.030854e+00
1.698999999999986e+01	5.030866e+00
1.699999999999986e+01	5.030879e+00
1.700999999999986e+01	5.030891e+00
1.701999999999986e+01	5.030904e+00
1.702999999999986e+01	5.030916e+00
1.703999999999986e+01	5.030929e+00
1.704999999999987e+01	5.030941e+00
1.705999999999987e+01	5.030953e+00
1.706999999999987e+01	5.030966e+00
1.707999999999987e+01	5.030978e+00
1.708999999999987e+01	5.030991e+00
1.709999999999987e+01	5.031003e+00
1.710999999999988e+01	5.031015e+00
1.711999999999988e+01	5.031028e+00
1.712999999999988e+01	5.031041e+00
1.713999999999988e+01	5.031053e+00
1.714999999999988e+01	5.031065e+00
1.715999999999988e+01	5.031078e+00
1.716999999999988e+01	5.031090e+00
1.717999999999989e+01	5.031103e+00
1.718999999999989e+01	5.031115e+00
1.719999999999989e+01	5.031127e+00
1.720999999999989e+01	5.031140e+00
1.721999999999989e+01	5.031152e+00
1.722999999999989e+01	5.031165e+00
1.723999999999990e+01	5.031177e+00
1.724999999999990e+01	5.031189e+00
1.725999999999990e+01	5.031202e+00
1.726999999999990e+01	5.031214e+00
1.727999999999990e+01	5.031227e+00
1.728999999999990e+01	5.031239e+00
1.729999999999990e+01	5.031251e+00
1.730999999999991e+01	5.031263e+00
1.731999999999991e+01	5.031276e+00
1.732999999999991e+01	5.031288e+00
1.733999999999991e+01	5.031301e+00
1.734999999999991e+01	5.031313e+00
1.735999999999991e+01	5.031325e+00
1.736999999999992e+01	5.031338e+00
1.737999999999992e+01	5.031350e+00
1.738999999999992e+01	5.031363e+00
1.739999999999992e+01	5.031375e+00
1.740999999999992e+01	5.031387e+00
1.741999999999992e+01	5.031400e+00
1.742999999999993e+01	5.031412e+00
1.743999999999993e+01	5.031424e+00
1.744999999999993e+01	5.031436e+00
1.745999999999993e+01	5.031449e+00
1.746999999999993e+01	5.031461e+00
1.747999999999993e+01	5.031474e+00
1.748999999999993e+01	5.031486e+00
1.749999999999994e+01	5.031498e+00
1.750999999999994e+01	5.031510e+00
1.751999999999994e+01	5.031523e+00
1.752999999999994e+01	5.031535e+00
1.753999999999994e+01	5.031548e+00
1.754999999999994e+01	5.031560e+00
1.755999999999995e+01	5.031572e+00
1.756999999999995e+01	5.031584e+00
1.757999999999995e+01	5.031597e+00
1.758999999999995e+01	5.031609e+00
1.759999999999995e+01	5.031621e+00
1.760999999999995e+01	5.031634e+00
1.761999999999995e+01	5.031646e+00
1.762999999999996e+01	5.031658e+00
1.763999999999996e+01	5.031671e+00
1.764999999999996e+01	5.031683e+00
1.765999999999996e+01	5.031695e+00
1.766999999999996e+01	5.031707e+00
1.767999999999996e+01	5.031720e+00
1.768999999999997e+01	5.031732e+00
1.769999999999997e+01	5.031744e+00
1.770999999999997e+01	5.031756e+00
1.771999999999997e+01	5.031769e+00
1.772999999999997e+01	5.031781e+00
1.773999999999997e+01	5.031793e+00
1.774999999999998e+01	5.031806e+00
1.775999999999998e+01	5.031818e+00
1.776999999999998e+01	5.031830e+00
1.777999999999998e+01	5.031842e+00
1.778999999999998e+01	5.031855e+00
1.779999999999998e+01	5.031867e+00
1.780999999999998e+01	5.031879e+00
1.781999999999999e+01	5.031891e+00
1.782999999999999e+01	5.031904e+00
1.783999999999999e+01	5.031916e+00
1.784999999999999e+01	5.031928e+00
1.785999999999999e+01	5.031940e+00
1.786999999999999e+01	5.031952e+00
1.788000000000000e+01	5.031965e+00
1.789000000000000e+01	5.031977e+00
1.790000000000000e+01	5.031989e+00
1.791000000000000e+01	5.032001e+00
1.792000000000000e+01	5.032014e+00
1.793000000000000e+01	5.032026e+00
1.794000000000000e+01	5.032038e+00
1.795000000000001e+01	5.032050e+00
1.796000000000001e+01	5.032063e+00
1.797000000000001e+01	5.032075e+00
1.798000000000001e+01	5.032087e+00
1.799000000000001e+01	5.032099e+00
1.800000000000001e+01	5.032111e+00
1.801000000000002e+01	5.032124e+00
1.802000000000002e+01	5.032136e+00
1.803000000000002e+01	5.032148e+00
1.804000000000002e+01	5.032160e+00
1.805000000000002e+01	5.032172e+00
1.806000000000002e+01	5.032185e+00
1.807000000000003e+01	5.032197e+00
1.808000000000003e+01	5.032209e+00
1.809000000000003e+01	5.032221e+00
1.810000000000003e+01	5.032233e+00
1.811000000000003e+01	5.032246e+00
1.812000000000003e+01	5.032258e+00
1.813000000000003e+01	5.032270e+00
1.814000000000004e+01	5.032282e+00
1.815000000000004e+01	5.032294e+00
1.816000000000004e+01	5.032306e+00
1.817000000000004e+01	5.032319e+00
1.818000000000004e+01	5.032331e+00
1.819000000000004e+01	5.032343e+00
1.820000000000005e+01	5.032355e+00
1.821000000000005e+01	5.032367e+00
1.822000000000005e+01	5.032379e+00
1.823000000000005e+01	5.032392e+00
1.824000000000005e+01	5.032403e+00
1.825000000000005e+01	5.032416e+00
1.826000000000005e+01	5.032428e+00
1.827000000000006e+01	5.032440e+00
1.828000000000006e+01	5.032452e+00
1.829000000000006e+01	5.032464e+00
1.830000000000006e+01	5.032476e+00
1.831000000000006e+01	5.032488e+00
1.832000000000006e+01	5.032501e+00
1.833000000000007e+01	5.032513e+00
1.834000000000007e+01	5.032525e+00
1.835000000000007e+01	5.032537e+00
1.836000000000007e+01	5.032549e+00
1.837000000000007e+01	5.032561e+00
1.838000000000007e+01	5.032573e+00
1.839000000000008e+01	5.032586e+00
1.840000000000008e+01	5.032598e+00
1.841000000000008e+01	5.032609e+00
1.842000000000008e+01	5.032622e+00
1.843000000000008e+01	5.032634e+00
1.844000000000008e+01	5.032646e+00
1.845000000000008e+01	5.032658e+00
1.846000000000009e+01	5.032670e+00
1.847000000000009e+01	5.032682e+00
1.848000000000009e+01	5.032694e+00
1.849000000000009e+01	5.032706e+00
1.850000000000009e+01	5.032719e+00
1.851000000000009e+01	5.032731e+00
1.852000000000010e+01	5.032743e+00
1.853000000000010e+01	5.032755e+00
1.854000000000010e+01	5.032767e+00
1.855000000000010e+01	5.032779e+00
1.856000000000010e+01	5.032791e+00
1.857000000000010e+01	5.032803e+00
1.858000000000010e+01	5.032815e+00
1.859000000000011e+01	5.032827e+00
1.860000000000011e+01	5.032839e+00
1.861000000000011e+01	5.032851e+00
1.862000000000011e+01	5.032863e+00
1.863000000000011e+01	5.032876e+00
1.864000000000011e+01	5.032887e+00
1.865000000000012e+01	5.032899e+00
1.866000000000012e+01	5.032911e+00
1.867000000000012e+01	5.032924e+00
1.868000000000012e+01	5.032936e+00
1.869000000000012e+01	5.032948e+00
1.870000000000012e+01	5.032959e+00
1.871000000000013e+01	5.032972e+00
1.872000000000013e+01	5.032984e+00
1.873000000000013e+01	5.032996e+00
1.874000000000013e+01	5.033008e+00
1.875000000000013e+01	5.033020e+00
1.876000000000013e+01	5.033032e+00
1.877000000000013e+01	5.033044e+00
1.878000000000014e+01	5.033056e+00
1.879000000000014e+01	5.033068e+00
1.880000000000014e+01	5.033080e+00
1.881000000000014e+01	5.033092e+00
1.882000000000014e+01	5.033104e+00
1.883000000000014e+01	5.033116e+00
1.884000000000015e+01	5.033128e+00
1.885000000000015e+01	5.033140e+00
1.886000000000015e+01	5.033152e+00
1.887000000000015e+01	5.033164e+00
1.888000000000015e+01	5.033176e+00
1.889000000000015e+01	5.033188e+00
1.890000000000015e+01	5.033200e+00
1.891000000000016e+01	5.033212e+00
1.892000000000016e+01	5.033224e+00
1.893000000000016e+01	5.033236e+00
1.894000000000016e+01	5.033248e+00
1.895000000000016e+01	5.033260e+00
1.896000000000016e+01	5.033272e+00
1.897000000000017e+01	5.033284e+00
1.898000000000017e+01	5.033296e+00
1.899000000000017e+01	5.033308e+00
1.900000000000017e+01	5.033319e+00
1.901000000000017e+01	5.033331e+00
1.902000000000017e+01	5.033344e+00
1.903000000000018e+01	5.033356e+00
1.904000000000018e+01	5.033368e+00
1.905000000000018e+01	5.033380e+00
1.906000000000018e+01	5.033391e+00
1.907000000000018e+01	5.033403e+00
1.908000000000018e+01	5.033415e+00
1.909000000000018e+01	5.033427e+00
1.910000000000019e+01	5.033439e+00
1.911000000000019e+01	5.033451e+00
1.912000000000019e+01	5.033463e+00
1.913000000000019e+01	5.033475e+00
1.914000000000019e+01	5.033487e+00
1.915000000000019e+01	5.033499e+00
1.916000000000020e+01	5.033511e+00
1.917000000000020e+01	5.033523e+00
1.918000000000020e+01	5.033535e+00
1.919000000000020e+01	5.033546e+00
1.920000000000020e+01	5.033558e+00
1.921000000000020e+01	5.033570e+00
1.922000000000020e+01	5.033582e+00
1.923000000000021e+01	5.033594e+00
1.924000000000021e+01	5.033606e+00
1.925000000000021e+01	5.033618e+00
1.926000000000021e+01	5.033630e+00
1.927000000000021e+01	5.033642e+00
1.928000000000021e+01	5.033654e+00
1.929000000000022e+01	5.033666e+00
1.930000000000022e+01	5.033678e+00
1.931000000000022e+01	5.033689e+00
1.932000000000022e+01	5.033701e+00
1.933000000000022e+01	5.033713e+00
1.934000000000022e+01	5.033725e+00
1.935000000000023e+01	5.033737e+00
1.936000000000023e+01	5.033749e+00
1.937000000000023e+01	5.033761e+00
1.938000000000023e+01	5.033772e+00
1.939000000000023e+01	5.033784e+00
1.940000000000023e+01	5.033796e+00
1.941000000000023e+01	5.033808e+00
1.942000000000024e+01	5.033820e+00
1.943000000000024e+01	5.033832e+00
1.944000000000024e+01	5.033844e+00
1.945000000000024e+01	5.033856e+00
1.946000000000024e+01	5.033867e+00
1.947000000000024e+01	5.033879e+00
1.948000000000025e+01	5.033891e+00
1.949000000000025e+01	5.033903e+00
1.950000000000025e+01	5.033915e+00
1.951000000000025e+01	5.033927e+00
1.952000000000025e+01	5.033939e+00
1.953000000000025e+01	5.033950e+00
1.954000000000025e+01	5.033962e+00
1.955000000000026e+01	5.033974e+00
1.956000000000026e+01	5.033986e+00
1.957000000000026e+01	5.033998e+00
1.958000000000026e+01	5.034010e+00
1.959000000000026e+01	5.034021e+00
1.960000000000026e+01	5.034033e+00
1.961000000000027e+01	5.034045e+00
1.962000000000027e+01	5.034057e+00
1.963000000000027e+01	5.034069e+00
1.964000000000027e+01	5.034081e+00
1.965000000000027e+01	5.034092e+00
1.966000000000027e+01	5.034104e+00
1.967000000000028e+01	5.034116e+00
1.968000000000028e+01	5.034128e+00
1.969000000000028e+01	5.034140e+00
1.970000000000028e+01	5.034152e+00
1.971000000000028e+01	5.034163e+00
1.972000000000028e+01	5.034175e+00
1.973000000000028e+01	5.034187e+00
1.974000000000029e+01	5.034199e+00
1.975000000000029e+01	5.034211e+00
1.976000000000029e+01	5.034222e+00
1.977000000000029e+01	5.034234e+00
1.978000000000029e+01	5.034246e+00
1.979000000000029e+01	5.034258e+00
1.980000000000030e+01	5.034269e+00
1.981000000000030e+01	5.034281e+00
1.982000000000030e+01	5.034293e+00
1.983000000000030e+01	5.034305e+00
1.984000000000030e+01	5.034317e+00
1.985000000000030e+01	5.034328e+00
1.986000000000030e+01	5.034340e+00
1.987000000000031e+01	5.034352e+00
1.988000000000031e+01	5.034364e+00
1.989000000000031e+01	5.034376e+00
1.990000000000031e+01	5.034387e+00
1.991000000000031e+01	5.034399e+00
1.992000000000031e+01	5.034411e+00
1.993000000000032e+01	5.034422e+00
1.994000000000032e+01	5.034434e+00
1.995000000000032e+01	5.034446e+00
1.996000000000032e+01	5.034458e+00
1.997000000000032e+01	5.034470e+00
1.998000000000032e+01	5.034481e+00
1.999000000000033e+01	5.034493e+00
2.000000000000033e+01	5.034505e+00
2.001000000000033e+01	5.034516e+00
2.002000000000033e+01	5.034528e+00
2.003000000000033e+01	5.034540e+00
2.004000000000033e+01	5.034552e+00
2.005000000000033e+01	5.034564e+00
2.006000000000034e+01	5.034575e+00
2.007000000000034e+01	5.034587e+00
2.008000000000034e+01	5.034598e+00
2.009000000000034e+01	5.034610e+00
2.010000000000034e+01	5.034622e+00
2.011000000000034e+01	5.034634e+00
2.012000000000035e+01	5.034646e+00
2.013000000000035e+01	5.034657e+00
2.014000000000035e+01	5.034669e+00
2.015000000000035e+01	5.034680e+00
2.016000000000035e+01	5.034692e+00
2.017000000000035e+01	5.034704e+00
2.018000000000035e+01	5.034716e+00
2.019000000000036e+01	5.034727e+00
2.020000000000036e+01	5.034739e+00
2.021000000000036e+01	5.034750e+00
2.022000000000036e+01	5.034762e+00
2.023000000000036e+01	5.034774e+00
2.024000000000036e+01	5.034786e+00
2.025000000000037e+01	5.034797e+00
2.026000000000037e+01	5.034809e+00
2.027000000000037e+01	5.034821e+00
2.028000000000037e+01	5.034832e+00
2.029000000000037e+01	5.034844e+00
2.030000000000037e+01	5.034856e+00
2.031000000000038e+01	5.034867e+00
2.032000000000038e+01	5.034879e+00
2.033000000000038e+01	5.034891e+00
2.034000000000038e+01	5.034903e+00
2.035000000000038e+01	5.034914e+00
2.036000000000038e+01	5.034926e+00
2.037000000000038e+01	5.034937e+00
2.038000000000039e+01	5.034949e+00
2.039000000000039e+01	5.034961e+00
2.040000000000039e+01	5.034972e+00
2.041000000000039e+01	5.034984e+00
2.042000000000039e+01	5.034996e+00
2.043000000000039e+01	5.035007e+00
2.044000000000040e+01	5.035019e+00
2.045000000000040e+01	5.035031e+00
2.046000000000040e+01	5.035042e+00
2.047000000000040e+01	5.035054e+00
2.048000000000040e+01	5.035066e+00
2.049000000000040e+01	5.035077e+00
2.050000000000041e+01	5.035089e+00
2.051000000000041e+01	5.035100e+00
2.052000000000041e+01	5.035112e+00
2.053000000000041e+01	5.035124e+00
2.054000000000041e+01	5.035135e+00
2.055000000000041e+01	5.035147e+00
2.056000000000041e+01	5.035159e+00
2.057000000000042e+01	5.035170e+00
2.058000000000042e+01	5.035182e+00
2.059000000000042e+01	5.035193e+00
2.060000000000042e+01	5.035205e+00
2.061000000000042e+01	5.035216e+00
2.062000000000042e+01	5.035228e+00
2.063000000000043e+01	5.035240e+00
2.064000000000043e+01	5.035251e+00
2.065000000000043e+01	5.035263e+00
2.066000000000043e+01	5.035275e+00
2.067000000000043e+01	5.035286e+00
2.068000000000043e+01	5.035298e+00
2.069000000000043e+01	5.035309e+00
2.070000000000044e+01	5.035321e+00
2.071000000000044e+01	5.035333e+00
2.072000000000044e+01	5.035344e+00
2.073000000000044e+01	5.035356e+00
2.074000000000044e+01	5.035367e+00
2.075000000000044e+01	5.035379e+00
2.076000000000045e+01	5.035390e+00
2.077000000000045e+01	5.035402e+00
2.078000000000045e+01	5.035413e+00
2.079000000000045e+01	5.035425e+00
2.080000000000045e+01	5.035437e+00
2.081000000000045e+01	5.035448e+00
2.082000000000046e+01	5.035460e+00
2.083000000000046e+01	5.035471e+00
2.084000000000046e+01	5.035483e+00
2.085000000000046e+01	5.035494e+00
2.086000000000046e+01	5.035506e+00
2.087000000000046e+01	5.035518e+00
2.088000000000046e+01	5.035529e+00
2.089000000000047e+01	5.035541e+00
2.090000000000047e+01	5.035552e+00
2.091000000000047e+01	5.035563e+00
2.092000000000047e+01	5.035575e+00
2.093000000000047e+01	5.035587e+00
2.094000000000047e+01	5.035598e+00
2.095000000000048e+01	5.035610e+00
2.096000000000048e+01	5.035621e+00
2.097000000000048e+01	5.035633e+00
2.098000000000048e+01	5.035645e+00
2.099000000000048e+01	5.035656e+00
2.100000000000048e+01	5.035667e+00
2.101000000000048e+01	5.035679e+00
2.102000000000049e+01	5.035690e+00
2.103000000000049e+01	5.035702e+00
2.104000000000049e+01	5.035714e+00
2.105000000000049e+01	5.035725e+00
2.106000000000049e+01	5.035737e+00
2.107000000000049e+01	5.035748e+00
2.108000000000050e+01	5.035759e+00
2.109000000000050e+01	5.035771e+00
2.110000000000050e+01	5.035782e+00
2.111000000000050e+01	5.035794e+00
2.112000000000050e+01	5.035806e+00
2.113000000000050e+01	5.035817e+00
2.114000000000051e+01	5.035829e+00
2.115000000000051e+01	5.035840e+00
2.116000000000051e+01	5.035851e+00
2.117000000000051e+01	5.035863e+00
2.118000000000051e+01	5.035874e+00
2.119000000000051e+01	5.035886e+00
2.120000000000051e+01	5.035897e+00
2.121000000000052e+01	5.035909e+00
2.122000000000052e+01	5.035920e+00
2.123000000000052e+01	5.035932e+00
2.124000000000052e+01	5.035944e+00
2.125000000000052e+01	5.035955e+00
2.126000000000052e+01	5.035966e+00
2.127000000000053e+01	5.035978e+00
2.128000000000053e+01	5.035989e+00
2.129000000000053e+01	5.036001e+00
2.130000000000053e+01	5.036012e+00
2.131000000000053e+01	5.036024e+00
2.132000000000053e+01	5.036035e+00
2.133000000000053e+01	5.036047e+00
2.134000000000054e+01	5.036058e+00
2.135000000000054e+01	5.036069e+00
2.136000000000054e+01	5.036081e+00
2.137000000000054e+01	5.036092e+00
2.138000000000054e+01	5.036104e+00
2.139000000000054e+01	5.036115e+00
2.140000000000055e+01	5.036127e+00
2.141000000000055e+01	5.036138e+00
2.142000000000055e+01	5.036150e+00
2.143000000000055e+01	5.036161e+00
2.144000000000055e+01	5.036172e+00
2.145000000000055e+01	5.036184e+00
2.146000000000056e+01	5.036195e+00
2.147000000000056e+01	5.036207e+00
2.148000000000056e+01	5.036218e+00
2.149000000000056e+01	5.036229e+00
2.150000000000056e+01	5.036241e+00
2.151000000000056e+01	5.036252e+00
2.152000000000056e+01	5.036263e+00
2.153000000000057e+01	5.036275e+00
2.154000000000057e+01	5.036286e+00
2.155000000000057e+01	5.036298e+00
2.156000000000057e+01	5.036309e+00
2.157000000000057e+01	5.036321e+00
2.158000000000057e+01	5.036332e+00
2.159000000000058e+01	5.036344e+00
2.160000000000058e+01	5.036355e+00
2.161000000000058e+01	5.036366e+00
2.162000000000058e+01	5.036377e+00
2.163000000000058e+01	5.036389e+00
2.164000000000058e+01	5.036400e+00
2.165000000000058e+01	5.036412e+00
2.166000000000059e+01	5.036423e+00
2.167000000000059e+01	5.036435e+00
2.168000000000059e+01	5.036446e+00
2.169000000000059e+01	5.036457e+00
2.170000000000059e+01	5.036469e+00
2.171000000000059e+01	5.036480e+00
2.172000000000060e+01	5.036491e+00
2.173000000000060e+01	5.036503e+00
2.174000000000060e+01	5.036514e+00
2.175000000000060e+01	5.036525e+00
2.176000000000060e+01	5.036537e+00
2.177000000000060e+01	5.036548e+00
2.178000000000061e+01	5.036560e+00
2.179000000000061e+01	5.036571e+00
2.180000000000061e+01	5.036582e+00
2.181000000000061e+01	5.036593e+00
2.182000000000061e+01	5.036605e+00
2.183000000000061e+01	5.036616e+00
2.184000000000061e+01	5.036628e+00
2.185000000000062e+01	5.036639e+00
2.186000000000062e+01	5.036650e+00
2.187000000000062e+01	5.036662e+00
2.188000000000062e+01	5.036673e+00
2.189000000000062e+01	5.036685e+00
2.190000000000062e+01	5.036695e+00
2.191000000000063e+01	5.036707e+00
2.192000000000063e+01	5.036718e+00
2.193000000000063e+01	5.036730e+00
2.194000000000063e+01	5.036741e+00
2.195000000000063e+01	5.036752e+00
2.196000000000063e+01	5.036764e+00
2.197000000000063e+01	5.036775e+00
2.198000000000064e+01	5.036786e+00
2.199000000000064e+01	5.036798e+00
2.200000000000064e+01	5.036809e+00
2.201000000000064e+01	5.036820e+00
2.202000000000064e+01	5.036831e+00
2.203000000000064e+01	5.036843e+00
2.204000000000065e+01	5.036854e+00
2.205000000000065e+01	5.036865e+00
2.206000000000065e+01	5.036877e+00
2.207000000000065e+01	5.036888e+00
2.208000000000065e+01	5.036899e+00
2.209000000000065e+01	5.036911e+00
2.210000000000066e+01	5.036922e+00
2.211000000000066e+01	5.036933e+00
2.212000000000066e+01	5.036944e+00
2.213000000000066e+01	5.036956e+00
2.214000000000066e+01	5.036967e+00
2.215000000000066e+01	5.036978e+00
2.216000000000066e+01	5.036990e+00
2.217000000000067e+01	5.037001e+00
2.218000000000067e+01	5.037012e+00
2.219000000000067e+01	5.037024e+00
2.220000000000067e+01	5.037035e+00
2.221000000000067e+01	5.037046e+00
2.222000000000067e+01	5.037057e+00
2.223000000000068e+01	5.037068e+00
2.224000000000068e+01	5.037080e+00
2.225000000000068e+01	5.037091e+00
2.226000000000068e+01	5.037102e+00
2.227000000000068e+01	5.037114e+00
2.228000000000068e+01	5.037125e+00
2.229000000000068e+01	5.037136e+00
2.230000000000069e+01	5.037147e+00
2.231000000000069e+01	5.037158e+00
2.232000000000069e+01	5.037169e+00
2.233000000000069e+01	5.037181e+00
2.234000000000069e+01	5.037192e+00
2.235000000000069e+01	5.037203e+00
2.236000000000070e+01	5.037215e+00
2.237000000000070e+01	5.037226e+00
2.238000000000070e+01	5.037237e+00
2.239000000000070e+01	5.037248e+00
2.240000000000070e+01	5.037260e+00
2.241000000000070e+01	5.037271e+00
2.242000000000071e+01	5.037282e+00
2.243000000000071e+01	5.037293e+00
2.244000000000071e+01	5.037304e+00
2.245000000000071e+01	5.037316e+00
2.246000000000071e+01	5.037327e+00
2.247000000000071e+01	5.037338e+00
2.248000000000071e+01	5.037349e+00
2.249000000000072e+01	5.037361e+00
2.250000000000072e+01	5.037372e+00
2.251000000000072e+01	5.037383e+00
2.252000000000072e+01	5.037394e+00
2.253000000000072e+01	5.037405e+00
2.254000000000072e+01	5.037416e+00
2.255000000000073e+01	5.037428e+00
2.256000000000073e+01	5.037439e+00
2.257000000000073e+01	5.037450e+00
2.258000000000073e+01	5.037461e+00
2.259000000000073e+01	5.037473e+00
2.260000000000073e+01	5.037484e+00
2.261000000000073e+01	5.037495e+00
2.262000000000074e+01	5.037506e+00
2.263000000000074e+01	5.037517e+00
2.264000000000074e+01	5.037529e+00
2.265000000000074e+01	5.037539e+00
2.266000000000074e+01	5.037551e+00
2.267000000000074e+01	5.037562e+00
2.268000000000075e+01	5.037573e+00
2.269000000000075e+01	5.037584e+00
2.270000000000075e+01	5.037596e+00
2.271000000000075e+01	5.037607e+00
2.272000000000075e+01	5.037618e+00
2.273000000000075e+01	5.037629e+00
2.274000000000076e+01	5.037640e+00
2.275000000000076e+01	5.037652e+00
2.276000000000076e+01	5.037663e+00
2.277000000000076e+01	5.037673e+00
2.278000000000076e+01	5.037685e+00
2.279000000000076e+01	5.037696e+00
2.280000000000076e+01	5.037707e+00
2.281000000000077e+01	5.037718e+00
2.282000000000077e+01	5.037729e+00
2.283000000000077e+01	5.037741e+00
2.284000000000077e+01	5.037752e+00
2.285000000000077e+01	5.037763e+00
2.286000000000077e+01	5.037774e+00
2.287000000000078e+01	5.037785e+00
2.288000000000078e+01	5.037796e+00
2.289000000000078e+01	5.037807e+00
2.290000000000078e+01	5.037818e+00
2.291000000000078e+01	5.037829e+00
2.292000000000078e+01	5.037841e+00
2.293000000000078e+01	5.037852e+00
2.294000000000079e+01	5.037863e+00
2.295000000000079e+01	5.037874e+00
2.296000000000079e+01	5.037885e+00
2.297000000000079e+01	5.037896e+00
2.298000000000079e+01	5.037908e+00
2.299000000000079e+01	5.037919e+00
2.300000000000080e+01	5.037930e+00
2.301000000000080e+01	5.037941e+00
2.302000000000080e+01	5.037952e+00
2.303000000000080e+01	5.037963e+00
2.304000000000080e+01	5.037974e+00
2.305000000000080e+01	5.037985e+00
2.306000000000081e+01	5.037996e+00
2.307000000000081e+01	5.038007e+00
2.308000000000081e+01	5.038019e+00
2.309000000000081e+01	5.038030e+00
2.310000000000081e+01	5.038041e+00
2.311000000000081e+01	5.038052e+00
2.312000000000081e+01	5.038063e+00
2.313000000000082e+01	5.038074e+00
2.314000000000082e+01	5.038085e+00
2.315000000000082e+01	5.038096e+00
2.316000000000082e+01	5.038107e+00
2.317000000000082e+01	5.038118e+00
2.318000000000082e+01	5.038129e+00
2.319000000000083e+01	5.038140e+00
2.320000000000083e+01	5.038151e+00
2.321000000000083e+01	5.038163e+00
2.322000000000083e+01	5.038174e+00
2.323000000000083e+01	5.038185e+00
2.324000000000083e+01	5.038196e+00
2.325000000000083e+01	5.038207e+00
2.326000000000084e+01	5.038218e+00
2.327000000000084e+01	5.038229e+00
2.328000000000084e+01	5.038240e+00
2.329000000000084e+01	5.038251e+00
2.330000000000084e+01	5.038262e+00
2.331000000000084e+01	5.038273e+00
2.332000000000085e+01	5.038284e+00
2.333000000000085e+01	5.038295e+00
2.334000000000085e+01	5.038306e+00
2.335000000000085e+01	5.038317e+00
2.336000000000085e+01	5.038328e+00
2.337000000000085e+01	5.038339e+00
2.338000000000086e+01	5.038351e+00
2.339000000000086e+01	5.038362e+00
2.340000000000086e+01	5.038373e+00
2.341000000000086e+01	5.038383e+00
2.342000000000086e+01	5.038394e+00
2.343000000000086e+01	5.038405e+00
2.344000000000086e+01	5.038416e+00
2.345000000000087e+01	5.038427e+00
2.346000000000087e+01	5.038439e+00
2.347000000000087e+01	5.038450e+00
2.348000000000087e+01	5.038461e+00
2.349000000000087e+01	5.038472e+00
2.350000000000087e+01	5.038483e+00
2.351000000000088e+01	5.038494e+00
2.352000000000088e+01	5.038505e+00
2.353000000000088e+01	5.038516e+00
2.354000000000088e+01	5.038527e+00
2.355000000000088e+01	5.038538e+00
2.356000000000088e+01	5.038548e+00
2.357000000000088e+01	5.038559e+00
2.358000000000089e+01	5.038571e+00
2.359000000000089e+01	5.038582e+00
2.360000000000089e+01	5.038593e+00
2.361000000000089e+01	5.038604e+00
2.362000000000089e+01	5.038615e+00
2.363000000000089e+01	5.038626e+00
2.364000000000090e+01	5.038637e+00
2.365000000000090e+01	5.038648e+00
2.366000000000090e+01	5.038659e+00
2.367000000000090e+01	5.038670e+00
2.368000000000090e+01	5.038681e+00
2.369000000000090e+01	5.038692e+00
2.370000000000091e+01	5.038702e+00
2.371000000000091e+01	5.038713e+00
2.372000000000091e+01	5.038724e+00
2.373000000000091e+01	5.038735e+00
2.374000000000091e+01	5.038746e+00
2.375000000000091e+01	5.038757e+00
2.376000000000091e+01	5.038768e+00
2.377000000000092e+01	5.038779e+00
2.378000000000092e+01	5.038790e+00
2.379000000000092e+01	5.038801e+00
2.380000000000092e+01	5.038812e+00
2.381000000000092e+01	5.038823e+00
2.382000000000092e+01	5.038834e+00
2.383000000000093e+01	5.038845e+00
2.384000000000093e+01	5.038856e+00
2.385000000000093e+01	5.038867e+00
2.386000000000093e+01	5.038878e+00
2.387000000000093e+01	5.038889e+00
2.388000000000093e+01	5.038899e+00
2.389000000000093e+01	5.038910e+00
2.390000000000094e+01	5.038921e+00
2.391000000000094e+01	5.038932e+00
2.392000000000094e+01	5.038943e+00
2.393000000000094e+01	5.038954e+00
2.394000000000094e+01	5.038965e+00
2.395000000000094e+01	5.038976e+00
2.396000000000095e+01	5.038987e+00
2.397000000000095e+01	5.038998e+00
2.398000000000095e+01	5.039009e+00
2.399000000000095e+01	5.039020e+00
2.400000000000000e+01	5.039031e+00
