vreg	V(vo)
0.000000000000000e+00	1.597594e-11
1.000000000000000e-02	1.409174e-09
2.000000000000000e-02	3.272483e-09
3.000000000000000e-02	5.747295e-09
4.000000000000000e-02	9.004091e-09
5.000000000000000e-02	1.323837e-08
6.000000000000000e-02	1.865810e-08
7.000000000000001e-02	2.545911e-08
8.000000000000000e-02	3.378697e-08
9.000000000000000e-02	4.368919e-08
9.999999999999999e-02	5.507012e-08
1.100000000000000e-01	6.766877e-08
1.200000000000000e-01	8.107915e-08
1.300000000000000e-01	9.481942e-08
1.400000000000000e-01	1.084326e-07
1.500000000000000e-01	1.215842e-07
1.600000000000000e-01	1.341227e-07
1.700000000000000e-01	1.460904e-07
1.800000000000000e-01	1.576876e-07
1.900000000000000e-01	1.692038e-07
2.000000000000000e-01	1.809613e-07
2.100000000000000e-01	1.932390e-07
2.200000000000001e-01	2.062344e-07
2.300000000000001e-01	2.200307e-07
2.400000000000001e-01	2.345873e-07
2.500000000000001e-01	2.497391e-07
2.600000000000001e-01	2.652092e-07
2.700000000000001e-01	2.806280e-07
2.800000000000001e-01	2.956048e-07
2.900000000000001e-01	3.097672e-07
3.000000000000001e-01	3.227901e-07
3.100000000000001e-01	3.344383e-07
3.200000000000001e-01	3.446374e-07
3.300000000000001e-01	3.534012e-07
3.400000000000001e-01	3.608315e-07
3.500000000000001e-01	3.671234e-07
3.600000000000002e-01	3.724058e-07
3.700000000000002e-01	3.769060e-07
3.800000000000002e-01	3.807791e-07
3.900000000000002e-01	3.841531e-07
4.000000000000002e-01	3.871505e-07
4.100000000000002e-01	3.898665e-07
4.200000000000002e-01	3.923695e-07
4.300000000000002e-01	3.947182e-07
4.400000000000002e-01	3.969686e-07
4.500000000000002e-01	3.991024e-07
4.600000000000002e-01	4.012008e-07
4.700000000000003e-01	4.032301e-07
4.800000000000003e-01	4.052495e-07
4.900000000000003e-01	4.072399e-07
5.000000000000002e-01	4.092065e-07
5.100000000000002e-01	4.111637e-07
5.200000000000002e-01	4.131315e-07
5.300000000000002e-01	4.150834e-07
5.400000000000003e-01	4.170340e-07
5.500000000000003e-01	4.189765e-07
5.600000000000003e-01	4.209430e-07
5.700000000000003e-01	4.228838e-07
5.800000000000003e-01	4.248340e-07
5.900000000000003e-01	4.267925e-07
6.000000000000003e-01	4.287512e-07
6.100000000000003e-01	4.307142e-07
6.200000000000003e-01	4.326692e-07
6.300000000000003e-01	4.346349e-07
6.400000000000003e-01	4.365955e-07
6.500000000000004e-01	4.385644e-07
6.600000000000004e-01	4.405528e-07
6.700000000000004e-01	4.425376e-07
6.800000000000004e-01	4.445120e-07
6.900000000000004e-01	4.464943e-07
7.000000000000004e-01	4.484850e-07
7.100000000000004e-01	4.504730e-07
7.200000000000004e-01	4.524586e-07
7.300000000000004e-01	4.544626e-07
7.400000000000004e-01	4.564699e-07
7.500000000000004e-01	4.584731e-07
7.600000000000005e-01	4.604810e-07
7.700000000000005e-01	4.624908e-07
7.800000000000005e-01	4.644908e-07
7.900000000000005e-01	4.665133e-07
8.000000000000005e-01	4.685273e-07
8.100000000000005e-01	4.705460e-07
8.200000000000005e-01	4.725922e-07
8.300000000000005e-01	4.746109e-07
8.400000000000005e-01	4.766542e-07
8.500000000000005e-01	4.786780e-07
8.600000000000005e-01	4.807293e-07
8.700000000000006e-01	4.827600e-07
8.800000000000006e-01	4.847959e-07
8.900000000000006e-01	4.868396e-07
9.000000000000006e-01	4.888865e-07
9.100000000000006e-01	4.909380e-07
9.200000000000006e-01	4.930000e-07
9.300000000000006e-01	4.950642e-07
9.400000000000006e-01	4.971138e-07
9.500000000000006e-01	4.991832e-07
9.600000000000006e-01	5.012449e-07
9.700000000000006e-01	5.033129e-07
9.800000000000006e-01	5.053888e-07
9.900000000000007e-01	5.074711e-07
1.000000000000001e+00	5.095524e-07
1.010000000000001e+00	5.116240e-07
1.020000000000001e+00	5.137060e-07
1.030000000000001e+00	5.157997e-07
1.040000000000001e+00	5.178780e-07
1.050000000000001e+00	5.199792e-07
1.060000000000001e+00	5.220700e-07
1.070000000000001e+00	5.241658e-07
1.080000000000001e+00	5.262543e-07
1.090000000000001e+00	5.283613e-07
1.100000000000001e+00	5.304724e-07
1.110000000000001e+00	5.325895e-07
1.120000000000001e+00	5.347040e-07
1.130000000000001e+00	5.368002e-07
1.140000000000001e+00	5.389302e-07
1.150000000000001e+00	5.410428e-07
1.160000000000001e+00	5.431625e-07
1.170000000000001e+00	5.452947e-07
1.180000000000001e+00	5.474103e-07
1.190000000000001e+00	5.495549e-07
1.200000000000001e+00	5.516723e-07
1.210000000000001e+00	5.538200e-07
1.220000000000001e+00	5.559676e-07
1.230000000000001e+00	5.580978e-07
1.240000000000001e+00	5.602257e-07
1.250000000000001e+00	5.623921e-07
1.260000000000001e+00	5.645343e-07
1.270000000000001e+00	5.666856e-07
1.280000000000001e+00	5.688524e-07
1.290000000000001e+00	5.710147e-07
1.300000000000001e+00	5.731587e-07
1.310000000000001e+00	5.753245e-07
1.320000000000001e+00	5.774747e-07
1.330000000000001e+00	5.796326e-07
1.340000000000001e+00	5.818166e-07
1.350000000000001e+00	5.839839e-07
1.360000000000001e+00	5.861633e-07
1.370000000000001e+00	5.883609e-07
1.380000000000001e+00	5.905261e-07
1.390000000000001e+00	5.927109e-07
1.400000000000001e+00	5.948796e-07
1.410000000000001e+00	5.970657e-07
1.420000000000001e+00	5.992536e-07
1.430000000000001e+00	6.014538e-07
1.440000000000001e+00	6.036367e-07
1.450000000000001e+00	6.058320e-07
1.460000000000001e+00	6.080476e-07
1.470000000000001e+00	6.102272e-07
1.480000000000001e+00	6.124299e-07
1.490000000000001e+00	6.146524e-07
1.500000000000001e+00	6.168548e-07
1.510000000000001e+00	6.190618e-07
1.520000000000001e+00	6.212872e-07
1.530000000000001e+00	6.234931e-07
1.540000000000001e+00	6.257051e-07
1.550000000000001e+00	6.279286e-07
1.560000000000001e+00	6.301732e-07
1.570000000000001e+00	6.323789e-07
1.580000000000001e+00	6.346124e-07
1.590000000000001e+00	6.368504e-07
1.600000000000001e+00	6.390866e-07
1.610000000000001e+00	6.413176e-07
1.620000000000001e+00	6.435581e-07
1.630000000000001e+00	6.458073e-07
1.640000000000001e+00	6.480502e-07
1.650000000000001e+00	6.503013e-07
1.660000000000001e+00	6.525792e-07
1.670000000000001e+00	6.548520e-07
1.680000000000001e+00	6.571540e-07
1.690000000000001e+00	6.594668e-07
1.700000000000001e+00	6.618126e-07
1.710000000000001e+00	6.641920e-07
1.720000000000001e+00	6.666532e-07
1.730000000000001e+00	6.692071e-07
1.740000000000001e+00	6.718910e-07
1.750000000000001e+00	6.747673e-07
1.760000000000001e+00	6.779347e-07
1.770000000000001e+00	6.814862e-07
1.780000000000001e+00	6.856611e-07
1.790000000000001e+00	6.907808e-07
1.800000000000001e+00	6.971752e-07
1.810000000000001e+00	7.055057e-07
1.820000000000001e+00	7.166811e-07
1.830000000000001e+00	7.320491e-07
1.840000000000001e+00	7.535785e-07
1.850000000000001e+00	7.842195e-07
1.860000000000001e+00	8.284320e-07
1.870000000000001e+00	8.928280e-07
1.880000000000001e+00	9.873803e-07
1.890000000000001e+00	1.127336e-06
1.900000000000001e+00	1.335623e-06
1.910000000000001e+00	1.647173e-06
1.920000000000001e+00	2.114777e-06
1.930000000000001e+00	2.817875e-06
1.940000000000002e+00	3.875699e-06
1.950000000000002e+00	5.466354e-06
1.960000000000002e+00	7.855220e-06
1.970000000000002e+00	1.143661e-05
1.980000000000002e+00	1.679555e-05
1.990000000000002e+00	2.479819e-05
2.000000000000001e+00	3.672563e-05
2.010000000000001e+00	5.446999e-05
2.020000000000001e+00	8.082335e-05
2.030000000000001e+00	1.199011e-04
2.040000000000000e+00	1.777644e-04
2.050000000000000e+00	2.633331e-04
2.060000000000000e+00	3.897244e-04
2.070000000000000e+00	5.762153e-04
2.080000000000000e+00	8.511175e-04
2.089999999999999e+00	1.255987e-03
2.099999999999999e+00	1.851785e-03
2.109999999999999e+00	2.727878e-03
2.119999999999999e+00	4.015192e-03
2.129999999999999e+00	5.905376e-03
2.139999999999998e+00	8.678682e-03
2.149999999999998e+00	1.274439e-02
2.159999999999998e+00	1.869912e-02
2.169999999999998e+00	2.741045e-02
2.179999999999997e+00	4.013548e-02
2.189999999999997e+00	5.868657e-02
2.199999999999997e+00	8.565785e-02
2.209999999999997e+00	1.247242e-01
2.219999999999997e+00	1.810152e-01
2.229999999999996e+00	2.615432e-01
2.239999999999996e+00	3.756178e-01
2.249999999999996e+00	5.351077e-01
2.259999999999996e+00	7.543340e-01
2.269999999999996e+00	1.049341e+00
2.279999999999995e+00	1.424775e+00
2.289999999999995e+00	1.530817e+00
2.299999999999995e+00	1.564827e+00
2.309999999999995e+00	1.590015e+00
2.319999999999995e+00	1.611181e+00
2.329999999999994e+00	1.629992e+00
2.339999999999994e+00	1.646849e+00
2.349999999999994e+00	1.662199e+00
2.359999999999994e+00	1.676287e+00
2.369999999999993e+00	1.689312e+00
2.379999999999993e+00	1.701466e+00
2.389999999999993e+00	1.712929e+00
2.399999999999993e+00	1.723852e+00
2.409999999999993e+00	1.734356e+00
2.419999999999992e+00	1.744531e+00
2.429999999999992e+00	1.754437e+00
2.439999999999992e+00	1.764117e+00
2.449999999999992e+00	1.773594e+00
2.459999999999992e+00	1.782885e+00
2.469999999999991e+00	1.791999e+00
2.479999999999991e+00	1.800945e+00
2.489999999999991e+00	1.809733e+00
2.499999999999991e+00	1.818378e+00
2.509999999999990e+00	1.826899e+00
2.519999999999990e+00	1.835322e+00
2.529999999999990e+00	1.843681e+00
2.539999999999990e+00	1.852015e+00
2.549999999999990e+00	1.860367e+00
2.559999999999989e+00	1.868782e+00
2.569999999999989e+00	1.877302e+00
2.579999999999989e+00	1.885960e+00
2.589999999999989e+00	1.894776e+00
2.599999999999989e+00	1.903760e+00
2.609999999999988e+00	1.912905e+00
2.619999999999988e+00	1.922194e+00
2.629999999999988e+00	1.931604e+00
2.639999999999988e+00	1.941112e+00
2.649999999999987e+00	1.950697e+00
2.659999999999987e+00	1.960338e+00
2.669999999999987e+00	1.970021e+00
2.679999999999987e+00	1.979734e+00
2.689999999999987e+00	1.989469e+00
2.699999999999986e+00	1.999220e+00
2.709999999999986e+00	2.008981e+00
2.719999999999986e+00	2.018750e+00
2.729999999999986e+00	2.028525e+00
2.739999999999986e+00	2.038304e+00
2.749999999999985e+00	2.048086e+00
2.759999999999985e+00	2.057870e+00
2.769999999999985e+00	2.067656e+00
2.779999999999985e+00	2.077442e+00
2.789999999999984e+00	2.087230e+00
2.799999999999984e+00	2.097019e+00
2.809999999999984e+00	2.106809e+00
2.819999999999984e+00	2.116599e+00
2.829999999999984e+00	2.126389e+00
2.839999999999983e+00	2.136180e+00
2.849999999999983e+00	2.145972e+00
2.859999999999983e+00	2.155764e+00
2.869999999999983e+00	2.165557e+00
2.879999999999983e+00	2.175349e+00
2.889999999999982e+00	2.185143e+00
2.899999999999982e+00	2.194937e+00
2.909999999999982e+00	2.204731e+00
2.919999999999982e+00	2.214525e+00
2.929999999999982e+00	2.224320e+00
2.939999999999981e+00	2.234115e+00
2.949999999999981e+00	2.243911e+00
2.959999999999981e+00	2.253707e+00
2.969999999999981e+00	2.263503e+00
2.979999999999980e+00	2.273300e+00
2.989999999999980e+00	2.283097e+00
2.999999999999980e+00	2.292894e+00
3.009999999999980e+00	2.302692e+00
3.019999999999980e+00	2.312490e+00
3.029999999999979e+00	2.322288e+00
3.039999999999979e+00	2.332087e+00
3.049999999999979e+00	2.341886e+00
3.059999999999979e+00	2.351685e+00
3.069999999999979e+00	2.361485e+00
3.079999999999978e+00	2.371284e+00
3.089999999999978e+00	2.381085e+00
3.099999999999978e+00	2.390885e+00
3.109999999999978e+00	2.400686e+00
3.119999999999977e+00	2.410487e+00
3.129999999999977e+00	2.420288e+00
3.139999999999977e+00	2.430090e+00
3.149999999999977e+00	2.439892e+00
3.159999999999977e+00	2.449694e+00
3.169999999999976e+00	2.459497e+00
3.179999999999976e+00	2.469300e+00
3.189999999999976e+00	2.479103e+00
3.199999999999976e+00	2.488906e+00
3.209999999999976e+00	2.498710e+00
3.219999999999975e+00	2.508513e+00
3.229999999999975e+00	2.518318e+00
3.239999999999975e+00	2.528122e+00
3.249999999999975e+00	2.537927e+00
3.259999999999974e+00	2.547732e+00
3.269999999999974e+00	2.557537e+00
3.279999999999974e+00	2.567342e+00
3.289999999999974e+00	2.577148e+00
3.299999999999974e+00	2.586954e+00
3.309999999999973e+00	2.596760e+00
3.319999999999973e+00	2.606566e+00
3.329999999999973e+00	2.616373e+00
3.339999999999973e+00	2.626179e+00
3.349999999999973e+00	2.635986e+00
3.359999999999972e+00	2.645794e+00
3.369999999999972e+00	2.655601e+00
3.379999999999972e+00	2.665409e+00
3.389999999999972e+00	2.675217e+00
3.399999999999971e+00	2.685025e+00
3.409999999999971e+00	2.694833e+00
3.419999999999971e+00	2.704642e+00
3.429999999999971e+00	2.714450e+00
3.439999999999971e+00	2.724259e+00
3.449999999999970e+00	2.734068e+00
3.459999999999970e+00	2.743878e+00
3.469999999999970e+00	2.753687e+00
3.479999999999970e+00	2.763497e+00
3.489999999999970e+00	2.773307e+00
3.499999999999969e+00	2.783117e+00
3.509999999999969e+00	2.792927e+00
3.519999999999969e+00	2.802737e+00
3.529999999999969e+00	2.812548e+00
3.539999999999969e+00	2.822359e+00
3.549999999999968e+00	2.832170e+00
3.559999999999968e+00	2.841981e+00
3.569999999999968e+00	2.851793e+00
3.579999999999968e+00	2.861604e+00
3.589999999999967e+00	2.871416e+00
3.599999999999967e+00	2.881228e+00
3.609999999999967e+00	2.891040e+00
3.619999999999967e+00	2.900852e+00
3.629999999999967e+00	2.910664e+00
3.639999999999966e+00	2.920477e+00
3.649999999999966e+00	2.930289e+00
3.659999999999966e+00	2.940102e+00
3.669999999999966e+00	2.949915e+00
3.679999999999966e+00	2.959728e+00
3.689999999999965e+00	2.969542e+00
3.699999999999965e+00	2.979355e+00
3.709999999999965e+00	2.989169e+00
3.719999999999965e+00	2.998982e+00
3.729999999999964e+00	3.008796e+00
3.739999999999964e+00	3.018610e+00
3.749999999999964e+00	3.028424e+00
3.759999999999964e+00	3.038239e+00
3.769999999999964e+00	3.048053e+00
3.779999999999963e+00	3.057868e+00
3.789999999999963e+00	3.067682e+00
3.799999999999963e+00	3.077497e+00
3.809999999999963e+00	3.087312e+00
3.819999999999963e+00	3.097127e+00
3.829999999999962e+00	3.106942e+00
3.839999999999962e+00	3.116758e+00
3.849999999999962e+00	3.126573e+00
3.859999999999962e+00	3.136389e+00
3.869999999999961e+00	3.146204e+00
3.879999999999961e+00	3.156020e+00
3.889999999999961e+00	3.165836e+00
3.899999999999961e+00	3.175652e+00
3.909999999999961e+00	3.185468e+00
3.919999999999960e+00	3.195285e+00
3.929999999999960e+00	3.205101e+00
3.939999999999960e+00	3.214918e+00
3.949999999999960e+00	3.224734e+00
3.959999999999960e+00	3.234551e+00
3.969999999999959e+00	3.244368e+00
3.979999999999959e+00	3.254185e+00
3.989999999999959e+00	3.264002e+00
3.999999999999959e+00	3.273819e+00
4.009999999999959e+00	3.283636e+00
4.019999999999959e+00	3.293453e+00
4.029999999999959e+00	3.303271e+00
4.039999999999958e+00	3.313088e+00
4.049999999999958e+00	3.322906e+00
4.059999999999958e+00	3.332724e+00
4.069999999999958e+00	3.342542e+00
4.079999999999957e+00	3.352360e+00
4.089999999999957e+00	3.362178e+00
4.099999999999957e+00	3.371996e+00
4.109999999999957e+00	3.381814e+00
4.119999999999957e+00	3.391632e+00
4.129999999999956e+00	3.401451e+00
4.139999999999956e+00	3.411269e+00
4.149999999999956e+00	3.421088e+00
4.159999999999956e+00	3.430906e+00
4.169999999999956e+00	3.440725e+00
4.179999999999955e+00	3.450544e+00
4.189999999999955e+00	3.460363e+00
4.199999999999955e+00	3.470181e+00
4.209999999999955e+00	3.480000e+00
4.219999999999954e+00	3.489820e+00
4.229999999999954e+00	3.499639e+00
4.239999999999954e+00	3.509458e+00
4.249999999999954e+00	3.519277e+00
4.259999999999954e+00	3.529097e+00
4.269999999999953e+00	3.538916e+00
4.279999999999953e+00	3.548736e+00
4.289999999999953e+00	3.558556e+00
4.299999999999953e+00	3.568375e+00
4.309999999999953e+00	3.578195e+00
4.319999999999952e+00	3.588015e+00
4.329999999999952e+00	3.597835e+00
4.339999999999952e+00	3.607655e+00
4.349999999999952e+00	3.617475e+00
4.359999999999951e+00	3.627295e+00
4.369999999999951e+00	3.637115e+00
4.379999999999951e+00	3.646935e+00
4.389999999999951e+00	3.656755e+00
4.399999999999951e+00	3.666576e+00
4.409999999999950e+00	3.676396e+00
4.419999999999950e+00	3.686217e+00
4.429999999999950e+00	3.696037e+00
4.439999999999950e+00	3.705858e+00
4.449999999999950e+00	3.715678e+00
4.459999999999949e+00	3.725499e+00
4.469999999999949e+00	3.735320e+00
4.479999999999949e+00	3.745141e+00
4.489999999999949e+00	3.754961e+00
4.499999999999948e+00	3.764782e+00
4.509999999999948e+00	3.774603e+00
4.519999999999948e+00	3.784424e+00
4.529999999999948e+00	3.794245e+00
4.539999999999948e+00	3.804066e+00
4.549999999999947e+00	3.813888e+00
4.559999999999947e+00	3.823709e+00
4.569999999999947e+00	3.833530e+00
4.579999999999947e+00	3.843351e+00
4.589999999999947e+00	3.853173e+00
4.599999999999946e+00	3.862994e+00
4.609999999999946e+00	3.872815e+00
4.619999999999946e+00	3.882637e+00
4.629999999999946e+00	3.892458e+00
4.639999999999946e+00	3.902280e+00
4.649999999999945e+00	3.912102e+00
4.659999999999945e+00	3.921923e+00
4.669999999999945e+00	3.931745e+00
4.679999999999945e+00	3.941566e+00
4.689999999999944e+00	3.951388e+00
4.699999999999944e+00	3.961210e+00
4.709999999999944e+00	3.971032e+00
4.719999999999944e+00	3.980854e+00
4.729999999999944e+00	3.990676e+00
4.739999999999943e+00	4.000498e+00
4.749999999999943e+00	4.010320e+00
4.759999999999943e+00	4.020142e+00
4.769999999999943e+00	4.029963e+00
4.779999999999943e+00	4.039786e+00
4.789999999999942e+00	4.049608e+00
4.799999999999942e+00	4.059430e+00
4.809999999999942e+00	4.069252e+00
4.819999999999942e+00	4.079074e+00
4.829999999999941e+00	4.088897e+00
4.839999999999941e+00	4.098719e+00
4.849999999999941e+00	4.108541e+00
4.859999999999941e+00	4.118363e+00
4.869999999999941e+00	4.128186e+00
4.879999999999940e+00	4.138008e+00
4.889999999999940e+00	4.147830e+00
4.899999999999940e+00	4.157653e+00
4.909999999999940e+00	4.167475e+00
4.919999999999940e+00	4.177298e+00
4.929999999999939e+00	4.187120e+00
4.939999999999939e+00	4.196943e+00
4.949999999999939e+00	4.206766e+00
4.959999999999939e+00	4.216588e+00
4.969999999999938e+00	4.226411e+00
4.979999999999938e+00	4.236233e+00
4.989999999999938e+00	4.246056e+00
4.999999999999938e+00	4.255878e+00
5.009999999999938e+00	4.265701e+00
5.019999999999937e+00	4.275524e+00
5.029999999999937e+00	4.285347e+00
5.039999999999937e+00	4.295169e+00
5.049999999999937e+00	4.304992e+00
5.059999999999937e+00	4.314815e+00
5.069999999999936e+00	4.324638e+00
5.079999999999936e+00	4.334461e+00
5.089999999999936e+00	4.344284e+00
5.099999999999936e+00	4.354106e+00
5.109999999999935e+00	4.363929e+00
5.119999999999935e+00	4.373752e+00
5.129999999999935e+00	4.383575e+00
5.139999999999935e+00	4.393398e+00
5.149999999999935e+00	4.403221e+00
5.159999999999934e+00	4.413043e+00
5.169999999999934e+00	4.422866e+00
5.179999999999934e+00	4.432689e+00
5.189999999999934e+00	4.442513e+00
5.199999999999934e+00	4.452335e+00
5.209999999999933e+00	4.462158e+00
5.219999999999933e+00	4.471981e+00
5.229999999999933e+00	4.481804e+00
5.239999999999933e+00	4.491627e+00
5.249999999999932e+00	4.501450e+00
5.259999999999932e+00	4.511272e+00
5.269999999999932e+00	4.521095e+00
5.279999999999932e+00	4.530918e+00
5.289999999999932e+00	4.540741e+00
5.299999999999931e+00	4.550564e+00
5.309999999999931e+00	4.560386e+00
5.319999999999931e+00	4.570209e+00
5.329999999999931e+00	4.580031e+00
5.339999999999931e+00	4.589853e+00
5.349999999999930e+00	4.599675e+00
5.359999999999930e+00	4.609497e+00
5.369999999999930e+00	4.619318e+00
5.379999999999930e+00	4.629140e+00
5.389999999999930e+00	4.638960e+00
5.399999999999929e+00	4.648781e+00
5.409999999999929e+00	4.658600e+00
5.419999999999929e+00	4.668419e+00
5.429999999999929e+00	4.678237e+00
5.439999999999928e+00	4.688055e+00
5.449999999999928e+00	4.697871e+00
5.459999999999928e+00	4.707685e+00
5.469999999999928e+00	4.717497e+00
5.479999999999928e+00	4.727308e+00
5.489999999999927e+00	4.737115e+00
5.499999999999927e+00	4.746920e+00
5.509999999999927e+00	4.756721e+00
5.519999999999927e+00	4.766517e+00
5.529999999999927e+00	4.776308e+00
5.539999999999926e+00	4.786092e+00
5.549999999999926e+00	4.795869e+00
5.559999999999926e+00	4.805635e+00
5.569999999999926e+00	4.815391e+00
5.579999999999925e+00	4.825133e+00
5.589999999999925e+00	4.834858e+00
5.599999999999925e+00	4.844564e+00
5.609999999999925e+00	4.854247e+00
5.619999999999925e+00	4.863902e+00
5.629999999999924e+00	4.873523e+00
5.639999999999924e+00	4.883103e+00
5.649999999999924e+00	4.892634e+00
5.659999999999924e+00	4.902107e+00
5.669999999999924e+00	4.911506e+00
5.679999999999923e+00	4.920817e+00
5.689999999999923e+00	4.930018e+00
5.699999999999923e+00	4.939081e+00
5.709999999999923e+00	4.947967e+00
5.719999999999922e+00	4.956627e+00
5.729999999999922e+00	4.964990e+00
5.739999999999922e+00	4.972965e+00
5.749999999999922e+00	4.980430e+00
5.759999999999922e+00	4.987240e+00
5.769999999999921e+00	4.993241e+00
5.779999999999921e+00	4.998309e+00
5.789999999999921e+00	5.002394e+00
5.799999999999921e+00	5.005546e+00
5.809999999999921e+00	5.007891e+00
5.819999999999920e+00	5.009589e+00
5.829999999999920e+00	5.010798e+00
5.839999999999920e+00	5.011652e+00
5.849999999999920e+00	5.012251e+00
5.859999999999919e+00	5.012671e+00
5.869999999999919e+00	5.012968e+00
5.879999999999919e+00	5.013178e+00
5.889999999999919e+00	5.013329e+00
5.899999999999919e+00	5.013438e+00
5.909999999999918e+00	5.013518e+00
5.919999999999918e+00	5.013579e+00
5.929999999999918e+00	5.013627e+00
5.939999999999918e+00	5.013665e+00
5.949999999999918e+00	5.013696e+00
5.959999999999917e+00	5.013723e+00
5.969999999999917e+00	5.013747e+00
5.979999999999917e+00	5.013768e+00
5.989999999999917e+00	5.013788e+00
5.999999999999917e+00	5.013807e+00
6.009999999999916e+00	5.013825e+00
6.019999999999916e+00	5.013844e+00
6.029999999999916e+00	5.013861e+00
6.039999999999916e+00	5.013878e+00
6.049999999999915e+00	5.013895e+00
6.059999999999915e+00	5.013912e+00
6.069999999999915e+00	5.013929e+00
6.079999999999915e+00	5.013946e+00
6.089999999999915e+00	5.013962e+00
6.099999999999914e+00	5.013979e+00
6.109999999999914e+00	5.013995e+00
6.119999999999914e+00	5.014012e+00
6.129999999999914e+00	5.014029e+00
6.139999999999914e+00	5.014045e+00
6.149999999999913e+00	5.014062e+00
6.159999999999913e+00	5.014078e+00
6.169999999999913e+00	5.014095e+00
6.179999999999913e+00	5.014112e+00
6.189999999999912e+00	5.014128e+00
6.199999999999912e+00	5.014144e+00
6.209999999999912e+00	5.014161e+00
6.219999999999912e+00	5.014177e+00
6.229999999999912e+00	5.014194e+00
6.239999999999911e+00	5.014211e+00
6.249999999999911e+00	5.014227e+00
6.259999999999911e+00	5.014244e+00
6.269999999999911e+00	5.014260e+00
6.279999999999911e+00	5.014277e+00
6.289999999999910e+00	5.014293e+00
6.299999999999910e+00	5.014309e+00
6.309999999999910e+00	5.014326e+00
6.319999999999910e+00	5.014342e+00
6.329999999999909e+00	5.014359e+00
6.339999999999909e+00	5.014375e+00
6.349999999999909e+00	5.014392e+00
6.359999999999909e+00	5.014409e+00
6.369999999999909e+00	5.014425e+00
6.379999999999908e+00	5.014441e+00
6.389999999999908e+00	5.014458e+00
6.399999999999908e+00	5.014474e+00
6.409999999999908e+00	5.014491e+00
6.419999999999908e+00	5.014507e+00
6.429999999999907e+00	5.014524e+00
6.439999999999907e+00	5.014540e+00
6.449999999999907e+00	5.014556e+00
6.459999999999907e+00	5.014573e+00
6.469999999999906e+00	5.014589e+00
6.479999999999906e+00	5.014606e+00
6.489999999999906e+00	5.014622e+00
6.499999999999906e+00	5.014638e+00
6.509999999999906e+00	5.014655e+00
6.519999999999905e+00	5.014671e+00
6.529999999999905e+00	5.014688e+00
6.539999999999905e+00	5.014704e+00
6.549999999999905e+00	5.014720e+00
6.559999999999905e+00	5.014737e+00
6.569999999999904e+00	5.014753e+00
6.579999999999904e+00	5.014769e+00
6.589999999999904e+00	5.014786e+00
6.599999999999904e+00	5.014802e+00
6.609999999999904e+00	5.014818e+00
6.619999999999903e+00	5.014834e+00
6.629999999999903e+00	5.014851e+00
6.639999999999903e+00	5.014867e+00
6.649999999999903e+00	5.014884e+00
6.659999999999902e+00	5.014900e+00
6.669999999999902e+00	5.014916e+00
6.679999999999902e+00	5.014933e+00
6.689999999999902e+00	5.014949e+00
6.699999999999902e+00	5.014965e+00
6.709999999999901e+00	5.014981e+00
6.719999999999901e+00	5.014997e+00
6.729999999999901e+00	5.015014e+00
6.739999999999901e+00	5.015030e+00
6.749999999999901e+00	5.015047e+00
6.759999999999900e+00	5.015063e+00
6.769999999999900e+00	5.015079e+00
6.779999999999900e+00	5.015095e+00
6.789999999999900e+00	5.015111e+00
6.799999999999899e+00	5.015128e+00
6.809999999999899e+00	5.015144e+00
6.819999999999899e+00	5.015161e+00
6.829999999999899e+00	5.015177e+00
6.839999999999899e+00	5.015193e+00
6.849999999999898e+00	5.015209e+00
6.859999999999898e+00	5.015225e+00
6.869999999999898e+00	5.015242e+00
6.879999999999898e+00	5.015258e+00
6.889999999999898e+00	5.015274e+00
6.899999999999897e+00	5.015290e+00
6.909999999999897e+00	5.015306e+00
6.919999999999897e+00	5.015323e+00
6.929999999999897e+00	5.015339e+00
6.939999999999896e+00	5.015355e+00
6.949999999999896e+00	5.015371e+00
6.959999999999896e+00	5.015387e+00
6.969999999999896e+00	5.015403e+00
6.979999999999896e+00	5.015419e+00
6.989999999999895e+00	5.015436e+00
6.999999999999895e+00	5.015452e+00
7.009999999999895e+00	5.015468e+00
7.019999999999895e+00	5.015484e+00
7.029999999999895e+00	5.015501e+00
7.039999999999894e+00	5.015516e+00
7.049999999999894e+00	5.015532e+00
7.059999999999894e+00	5.015549e+00
7.069999999999894e+00	5.015565e+00
7.079999999999893e+00	5.015581e+00
7.089999999999893e+00	5.015597e+00
7.099999999999893e+00	5.015613e+00
7.109999999999893e+00	5.015629e+00
7.119999999999893e+00	5.015646e+00
7.129999999999892e+00	5.015662e+00
7.139999999999892e+00	5.015677e+00
7.149999999999892e+00	5.015694e+00
7.159999999999892e+00	5.015710e+00
7.169999999999892e+00	5.015726e+00
7.179999999999891e+00	5.015742e+00
7.189999999999891e+00	5.015758e+00
7.199999999999891e+00	5.015774e+00
7.209999999999891e+00	5.015790e+00
7.219999999999891e+00	5.015806e+00
7.229999999999890e+00	5.015822e+00
7.239999999999890e+00	5.015839e+00
7.249999999999890e+00	5.015854e+00
7.259999999999890e+00	5.015871e+00
7.269999999999889e+00	5.015886e+00
7.279999999999889e+00	5.015903e+00
7.289999999999889e+00	5.015919e+00
7.299999999999889e+00	5.015934e+00
7.309999999999889e+00	5.015951e+00
7.319999999999888e+00	5.015966e+00
7.329999999999888e+00	5.015983e+00
7.339999999999888e+00	5.015999e+00
7.349999999999888e+00	5.016015e+00
7.359999999999888e+00	5.016031e+00
7.369999999999887e+00	5.016047e+00
7.379999999999887e+00	5.016063e+00
7.389999999999887e+00	5.016078e+00
7.399999999999887e+00	5.016095e+00
7.409999999999886e+00	5.016110e+00
7.419999999999886e+00	5.016127e+00
7.429999999999886e+00	5.016142e+00
7.439999999999886e+00	5.016159e+00
7.449999999999886e+00	5.016174e+00
7.459999999999885e+00	5.016191e+00
7.469999999999885e+00	5.016206e+00
7.479999999999885e+00	5.016222e+00
7.489999999999885e+00	5.016238e+00
7.499999999999885e+00	5.016254e+00
7.509999999999884e+00	5.016270e+00
7.519999999999884e+00	5.016286e+00
7.529999999999884e+00	5.016302e+00
7.539999999999884e+00	5.016318e+00
7.549999999999883e+00	5.016334e+00
7.559999999999883e+00	5.016350e+00
7.569999999999883e+00	5.016366e+00
7.579999999999883e+00	5.016382e+00
7.589999999999883e+00	5.016397e+00
7.599999999999882e+00	5.016413e+00
7.609999999999882e+00	5.016429e+00
7.619999999999882e+00	5.016445e+00
7.629999999999882e+00	5.016461e+00
7.639999999999882e+00	5.016477e+00
7.649999999999881e+00	5.016493e+00
7.659999999999881e+00	5.016509e+00
7.669999999999881e+00	5.016524e+00
7.679999999999881e+00	5.016540e+00
7.689999999999880e+00	5.016556e+00
7.699999999999880e+00	5.016572e+00
7.709999999999880e+00	5.016588e+00
7.719999999999880e+00	5.016603e+00
7.729999999999880e+00	5.016620e+00
7.739999999999879e+00	5.016635e+00
7.749999999999879e+00	5.016651e+00
7.759999999999879e+00	5.016667e+00
7.769999999999879e+00	5.016683e+00
7.779999999999879e+00	5.016699e+00
7.789999999999878e+00	5.016715e+00
7.799999999999878e+00	5.016730e+00
7.809999999999878e+00	5.016746e+00
7.819999999999878e+00	5.016762e+00
7.829999999999878e+00	5.016778e+00
7.839999999999877e+00	5.016793e+00
7.849999999999877e+00	5.016809e+00
7.859999999999877e+00	5.016825e+00
7.869999999999877e+00	5.016841e+00
7.879999999999876e+00	5.016857e+00
7.889999999999876e+00	5.016872e+00
7.899999999999876e+00	5.016888e+00
7.909999999999876e+00	5.016904e+00
7.919999999999876e+00	5.016920e+00
7.929999999999875e+00	5.016935e+00
7.939999999999875e+00	5.016951e+00
7.949999999999875e+00	5.016967e+00
7.959999999999875e+00	5.016983e+00
7.969999999999875e+00	5.016998e+00
7.979999999999874e+00	5.017014e+00
7.989999999999874e+00	5.017030e+00
7.999999999999874e+00	5.017045e+00
8.009999999999874e+00	5.017061e+00
8.019999999999873e+00	5.017077e+00
8.029999999999873e+00	5.017093e+00
8.039999999999873e+00	5.017108e+00
8.049999999999873e+00	5.017124e+00
8.059999999999873e+00	5.017139e+00
8.069999999999872e+00	5.017155e+00
8.079999999999872e+00	5.017171e+00
8.089999999999872e+00	5.017187e+00
8.099999999999872e+00	5.017202e+00
8.109999999999872e+00	5.017218e+00
8.119999999999871e+00	5.017234e+00
8.129999999999871e+00	5.017250e+00
8.139999999999871e+00	5.017265e+00
8.149999999999871e+00	5.017281e+00
8.159999999999870e+00	5.017296e+00
8.169999999999870e+00	5.017312e+00
8.179999999999870e+00	5.017328e+00
8.189999999999870e+00	5.017343e+00
8.199999999999870e+00	5.017359e+00
8.209999999999869e+00	5.017375e+00
8.219999999999869e+00	5.017390e+00
8.229999999999869e+00	5.017406e+00
8.239999999999869e+00	5.017421e+00
8.249999999999869e+00	5.017437e+00
8.259999999999868e+00	5.017453e+00
8.269999999999868e+00	5.017468e+00
8.279999999999868e+00	5.017484e+00
8.289999999999868e+00	5.017499e+00
8.299999999999867e+00	5.017515e+00
8.309999999999867e+00	5.017530e+00
8.319999999999867e+00	5.017546e+00
8.329999999999867e+00	5.017562e+00
8.339999999999867e+00	5.017577e+00
8.349999999999866e+00	5.017593e+00
8.359999999999866e+00	5.017609e+00
8.369999999999866e+00	5.017624e+00
8.379999999999866e+00	5.017640e+00
8.389999999999866e+00	5.017655e+00
8.399999999999865e+00	5.017671e+00
8.409999999999865e+00	5.017686e+00
8.419999999999865e+00	5.017702e+00
8.429999999999865e+00	5.017717e+00
8.439999999999864e+00	5.017733e+00
8.449999999999864e+00	5.017748e+00
8.459999999999864e+00	5.017764e+00
8.469999999999864e+00	5.017779e+00
8.479999999999864e+00	5.017795e+00
8.489999999999863e+00	5.017810e+00
8.499999999999863e+00	5.017826e+00
8.509999999999863e+00	5.017841e+00
8.519999999999863e+00	5.017857e+00
8.529999999999863e+00	5.017872e+00
8.539999999999862e+00	5.017888e+00
8.549999999999862e+00	5.017903e+00
8.559999999999862e+00	5.017919e+00
8.569999999999862e+00	5.017934e+00
8.579999999999862e+00	5.017950e+00
8.589999999999861e+00	5.017965e+00
8.599999999999861e+00	5.017981e+00
8.609999999999861e+00	5.017996e+00
8.619999999999861e+00	5.018012e+00
8.629999999999860e+00	5.018027e+00
8.639999999999860e+00	5.018043e+00
8.649999999999860e+00	5.018058e+00
8.659999999999860e+00	5.018074e+00
8.669999999999860e+00	5.018089e+00
8.679999999999859e+00	5.018105e+00
8.689999999999859e+00	5.018120e+00
8.699999999999859e+00	5.018135e+00
8.709999999999859e+00	5.018151e+00
8.719999999999859e+00	5.018166e+00
8.729999999999858e+00	5.018182e+00
8.739999999999858e+00	5.018197e+00
8.749999999999858e+00	5.018212e+00
8.759999999999858e+00	5.018228e+00
8.769999999999857e+00	5.018243e+00
8.779999999999857e+00	5.018259e+00
8.789999999999857e+00	5.018274e+00
8.799999999999857e+00	5.018290e+00
8.809999999999857e+00	5.018305e+00
8.819999999999856e+00	5.018320e+00
8.829999999999856e+00	5.018335e+00
8.839999999999856e+00	5.018351e+00
8.849999999999856e+00	5.018366e+00
8.859999999999856e+00	5.018382e+00
8.869999999999855e+00	5.018397e+00
8.879999999999855e+00	5.018412e+00
8.889999999999855e+00	5.018428e+00
8.899999999999855e+00	5.018443e+00
8.909999999999854e+00	5.018458e+00
8.919999999999854e+00	5.018474e+00
8.929999999999854e+00	5.018489e+00
8.939999999999854e+00	5.018504e+00
8.949999999999854e+00	5.018520e+00
8.959999999999853e+00	5.018535e+00
8.969999999999853e+00	5.018550e+00
8.979999999999853e+00	5.018566e+00
8.989999999999853e+00	5.018581e+00
8.999999999999853e+00	5.018596e+00
9.009999999999852e+00	5.018611e+00
9.019999999999852e+00	5.018627e+00
9.029999999999852e+00	5.018642e+00
9.039999999999852e+00	5.018657e+00
9.049999999999851e+00	5.018672e+00
9.059999999999851e+00	5.018688e+00
9.069999999999851e+00	5.018703e+00
9.079999999999851e+00	5.018719e+00
9.089999999999851e+00	5.018734e+00
9.099999999999850e+00	5.018749e+00
9.109999999999850e+00	5.018764e+00
9.119999999999850e+00	5.018780e+00
9.129999999999850e+00	5.018795e+00
9.139999999999850e+00	5.018810e+00
9.149999999999849e+00	5.018826e+00
9.159999999999849e+00	5.018841e+00
9.169999999999849e+00	5.018856e+00
9.179999999999849e+00	5.018871e+00
9.189999999999849e+00	5.018886e+00
9.199999999999848e+00	5.018901e+00
9.209999999999848e+00	5.018917e+00
9.219999999999848e+00	5.018932e+00
9.229999999999848e+00	5.018947e+00
9.239999999999847e+00	5.018962e+00
9.249999999999847e+00	5.018978e+00
9.259999999999847e+00	5.018993e+00
9.269999999999847e+00	5.019008e+00
9.279999999999847e+00	5.019023e+00
9.289999999999846e+00	5.019038e+00
9.299999999999846e+00	5.019053e+00
9.309999999999846e+00	5.019069e+00
9.319999999999846e+00	5.019084e+00
9.329999999999846e+00	5.019099e+00
9.339999999999845e+00	5.019114e+00
9.349999999999845e+00	5.019129e+00
9.359999999999845e+00	5.019145e+00
9.369999999999845e+00	5.019160e+00
9.379999999999844e+00	5.019175e+00
9.389999999999844e+00	5.019190e+00
9.399999999999844e+00	5.019205e+00
9.409999999999844e+00	5.019220e+00
9.419999999999844e+00	5.019236e+00
9.429999999999843e+00	5.019250e+00
9.439999999999843e+00	5.019266e+00
9.449999999999843e+00	5.019281e+00
9.459999999999843e+00	5.019296e+00
9.469999999999843e+00	5.019311e+00
9.479999999999842e+00	5.019326e+00
9.489999999999842e+00	5.019341e+00
9.499999999999842e+00	5.019356e+00
9.509999999999842e+00	5.019372e+00
9.519999999999841e+00	5.019387e+00
9.529999999999841e+00	5.019402e+00
9.539999999999841e+00	5.019417e+00
9.549999999999841e+00	5.019432e+00
9.559999999999841e+00	5.019447e+00
9.569999999999840e+00	5.019462e+00
9.579999999999840e+00	5.019477e+00
9.589999999999840e+00	5.019492e+00
9.599999999999840e+00	5.019507e+00
9.609999999999840e+00	5.019522e+00
9.619999999999839e+00	5.019537e+00
9.629999999999839e+00	5.019553e+00
9.639999999999839e+00	5.019567e+00
9.649999999999839e+00	5.019583e+00
9.659999999999838e+00	5.019598e+00
9.669999999999838e+00	5.019613e+00
9.679999999999838e+00	5.019628e+00
9.689999999999838e+00	5.019643e+00
9.699999999999838e+00	5.019658e+00
9.709999999999837e+00	5.019673e+00
9.719999999999837e+00	5.019688e+00
9.729999999999837e+00	5.019703e+00
9.739999999999837e+00	5.019718e+00
9.749999999999837e+00	5.019733e+00
9.759999999999836e+00	5.019748e+00
9.769999999999836e+00	5.019763e+00
9.779999999999836e+00	5.019778e+00
9.789999999999836e+00	5.019793e+00
9.799999999999836e+00	5.019808e+00
9.809999999999835e+00	5.019823e+00
9.819999999999835e+00	5.019838e+00
9.829999999999835e+00	5.019853e+00
9.839999999999835e+00	5.019868e+00
9.849999999999834e+00	5.019883e+00
9.859999999999834e+00	5.019898e+00
9.869999999999834e+00	5.019913e+00
9.879999999999834e+00	5.019928e+00
9.889999999999834e+00	5.019943e+00
9.899999999999833e+00	5.019958e+00
9.909999999999833e+00	5.019972e+00
9.919999999999833e+00	5.019988e+00
9.929999999999833e+00	5.020002e+00
9.939999999999833e+00	5.020017e+00
9.949999999999832e+00	5.020032e+00
9.959999999999832e+00	5.020047e+00
9.969999999999832e+00	5.020062e+00
9.979999999999832e+00	5.020077e+00
9.989999999999831e+00	5.020092e+00
9.999999999999831e+00	5.020107e+00
1.000999999999983e+01	5.020122e+00
1.001999999999983e+01	5.020137e+00
1.002999999999983e+01	5.020152e+00
1.003999999999983e+01	5.020166e+00
1.004999999999983e+01	5.020182e+00
1.005999999999983e+01	5.020196e+00
1.006999999999983e+01	5.020211e+00
1.007999999999983e+01	5.020226e+00
1.008999999999983e+01	5.020241e+00
1.009999999999983e+01	5.020256e+00
1.010999999999983e+01	5.020271e+00
1.011999999999983e+01	5.020286e+00
1.012999999999983e+01	5.020300e+00
1.013999999999983e+01	5.020315e+00
1.014999999999983e+01	5.020330e+00
1.015999999999983e+01	5.020345e+00
1.016999999999983e+01	5.020360e+00
1.017999999999983e+01	5.020375e+00
1.018999999999983e+01	5.020390e+00
1.019999999999983e+01	5.020404e+00
1.020999999999983e+01	5.020419e+00
1.021999999999983e+01	5.020434e+00
1.022999999999983e+01	5.020449e+00
1.023999999999983e+01	5.020464e+00
1.024999999999983e+01	5.020479e+00
1.025999999999983e+01	5.020494e+00
1.026999999999983e+01	5.020508e+00
1.027999999999983e+01	5.020523e+00
1.028999999999983e+01	5.020538e+00
1.029999999999982e+01	5.020553e+00
1.030999999999982e+01	5.020567e+00
1.031999999999982e+01	5.020582e+00
1.032999999999982e+01	5.020597e+00
1.033999999999982e+01	5.020612e+00
1.034999999999982e+01	5.020627e+00
1.035999999999982e+01	5.020641e+00
1.036999999999982e+01	5.020656e+00
1.037999999999982e+01	5.020671e+00
1.038999999999982e+01	5.020686e+00
1.039999999999982e+01	5.020700e+00
1.040999999999982e+01	5.020715e+00
1.041999999999982e+01	5.020730e+00
1.042999999999982e+01	5.020745e+00
1.043999999999982e+01	5.020760e+00
1.044999999999982e+01	5.020774e+00
1.045999999999982e+01	5.020789e+00
1.046999999999982e+01	5.020804e+00
1.047999999999982e+01	5.020818e+00
1.048999999999982e+01	5.020833e+00
1.049999999999982e+01	5.020848e+00
1.050999999999982e+01	5.020863e+00
1.051999999999982e+01	5.020877e+00
1.052999999999982e+01	5.020892e+00
1.053999999999982e+01	5.020907e+00
1.054999999999982e+01	5.020922e+00
1.055999999999982e+01	5.020936e+00
1.056999999999982e+01	5.020951e+00
1.057999999999982e+01	5.020966e+00
1.058999999999982e+01	5.020980e+00
1.059999999999982e+01	5.020995e+00
1.060999999999982e+01	5.021010e+00
1.061999999999982e+01	5.021024e+00
1.062999999999982e+01	5.021039e+00
1.063999999999982e+01	5.021054e+00
1.064999999999982e+01	5.021069e+00
1.065999999999982e+01	5.021083e+00
1.066999999999982e+01	5.021098e+00
1.067999999999982e+01	5.021112e+00
1.068999999999982e+01	5.021127e+00
1.069999999999982e+01	5.021142e+00
1.070999999999982e+01	5.021156e+00
1.071999999999982e+01	5.021171e+00
1.072999999999982e+01	5.021186e+00
1.073999999999982e+01	5.021200e+00
1.074999999999982e+01	5.021215e+00
1.075999999999982e+01	5.021230e+00
1.076999999999981e+01	5.021244e+00
1.077999999999981e+01	5.021259e+00
1.078999999999981e+01	5.021274e+00
1.079999999999981e+01	5.021288e+00
1.080999999999981e+01	5.021303e+00
1.081999999999981e+01	5.021317e+00
1.082999999999981e+01	5.021332e+00
1.083999999999981e+01	5.021347e+00
1.084999999999981e+01	5.021361e+00
1.085999999999981e+01	5.021376e+00
1.086999999999981e+01	5.021390e+00
1.087999999999981e+01	5.021405e+00
1.088999999999981e+01	5.021420e+00
1.089999999999981e+01	5.021434e+00
1.090999999999981e+01	5.021449e+00
1.091999999999981e+01	5.021463e+00
1.092999999999981e+01	5.021478e+00
1.093999999999981e+01	5.021492e+00
1.094999999999981e+01	5.021507e+00
1.095999999999981e+01	5.021522e+00
1.096999999999981e+01	5.021536e+00
1.097999999999981e+01	5.021551e+00
1.098999999999981e+01	5.021565e+00
1.099999999999981e+01	5.021580e+00
1.100999999999981e+01	5.021595e+00
1.101999999999981e+01	5.021609e+00
1.102999999999981e+01	5.021624e+00
1.103999999999981e+01	5.021638e+00
1.104999999999981e+01	5.021653e+00
1.105999999999981e+01	5.021667e+00
1.106999999999981e+01	5.021681e+00
1.107999999999981e+01	5.021696e+00
1.108999999999981e+01	5.021710e+00
1.109999999999981e+01	5.021725e+00
1.110999999999981e+01	5.021739e+00
1.111999999999981e+01	5.021754e+00
1.112999999999981e+01	5.021769e+00
1.113999999999981e+01	5.021783e+00
1.114999999999981e+01	5.021798e+00
1.115999999999981e+01	5.021812e+00
1.116999999999981e+01	5.021827e+00
1.117999999999981e+01	5.021841e+00
1.118999999999981e+01	5.021855e+00
1.119999999999981e+01	5.021870e+00
1.120999999999981e+01	5.021884e+00
1.121999999999981e+01	5.021899e+00
1.122999999999981e+01	5.021914e+00
1.123999999999980e+01	5.021928e+00
1.124999999999980e+01	5.021942e+00
1.125999999999980e+01	5.021957e+00
1.126999999999980e+01	5.021971e+00
1.127999999999980e+01	5.021986e+00
1.128999999999980e+01	5.022000e+00
1.129999999999980e+01	5.022015e+00
1.130999999999980e+01	5.022029e+00
1.131999999999980e+01	5.022043e+00
1.132999999999980e+01	5.022058e+00
1.133999999999980e+01	5.022072e+00
1.134999999999980e+01	5.022087e+00
1.135999999999980e+01	5.022101e+00
1.136999999999980e+01	5.022116e+00
1.137999999999980e+01	5.022130e+00
1.138999999999980e+01	5.022144e+00
1.139999999999980e+01	5.022159e+00
1.140999999999980e+01	5.022173e+00
1.141999999999980e+01	5.022188e+00
1.142999999999980e+01	5.022202e+00
1.143999999999980e+01	5.022216e+00
1.144999999999980e+01	5.022231e+00
1.145999999999980e+01	5.022245e+00
1.146999999999980e+01	5.022260e+00
1.147999999999980e+01	5.022274e+00
1.148999999999980e+01	5.022288e+00
1.149999999999980e+01	5.022303e+00
1.150999999999980e+01	5.022317e+00
1.151999999999980e+01	5.022331e+00
1.152999999999980e+01	5.022346e+00
1.153999999999980e+01	5.022360e+00
1.154999999999980e+01	5.022375e+00
1.155999999999980e+01	5.022389e+00
1.156999999999980e+01	5.022403e+00
1.157999999999980e+01	5.022418e+00
1.158999999999980e+01	5.022432e+00
1.159999999999980e+01	5.022446e+00
1.160999999999980e+01	5.022460e+00
1.161999999999980e+01	5.022475e+00
1.162999999999980e+01	5.022489e+00
1.163999999999980e+01	5.022503e+00
1.164999999999980e+01	5.022518e+00
1.165999999999980e+01	5.022532e+00
1.166999999999980e+01	5.022546e+00
1.167999999999980e+01	5.022561e+00
1.168999999999980e+01	5.022575e+00
1.169999999999980e+01	5.022589e+00
1.170999999999979e+01	5.022604e+00
1.171999999999979e+01	5.022618e+00
1.172999999999979e+01	5.022632e+00
1.173999999999979e+01	5.022646e+00
1.174999999999979e+01	5.022661e+00
1.175999999999979e+01	5.022675e+00
1.176999999999979e+01	5.022689e+00
1.177999999999979e+01	5.022704e+00
1.178999999999979e+01	5.022718e+00
1.179999999999979e+01	5.022732e+00
1.180999999999979e+01	5.022747e+00
1.181999999999979e+01	5.022761e+00
1.182999999999979e+01	5.022775e+00
1.183999999999979e+01	5.022789e+00
1.184999999999979e+01	5.022804e+00
1.185999999999979e+01	5.022818e+00
1.186999999999979e+01	5.022832e+00
1.187999999999979e+01	5.022846e+00
1.188999999999979e+01	5.022861e+00
1.189999999999979e+01	5.022875e+00
1.190999999999979e+01	5.022889e+00
1.191999999999979e+01	5.022903e+00
1.192999999999979e+01	5.022917e+00
1.193999999999979e+01	5.022932e+00
1.194999999999979e+01	5.022946e+00
1.195999999999979e+01	5.022960e+00
1.196999999999979e+01	5.022974e+00
1.197999999999979e+01	5.022988e+00
1.198999999999979e+01	5.023003e+00
1.199999999999979e+01	5.023017e+00
1.200999999999979e+01	5.023031e+00
1.201999999999979e+01	5.023046e+00
1.202999999999979e+01	5.023059e+00
1.203999999999979e+01	5.023074e+00
1.204999999999979e+01	5.023088e+00
1.205999999999979e+01	5.023102e+00
1.206999999999979e+01	5.023116e+00
1.207999999999979e+01	5.023130e+00
1.208999999999979e+01	5.023145e+00
1.209999999999979e+01	5.023159e+00
1.210999999999979e+01	5.023173e+00
1.211999999999979e+01	5.023187e+00
1.212999999999979e+01	5.023201e+00
1.213999999999979e+01	5.023215e+00
1.214999999999979e+01	5.023230e+00
1.215999999999979e+01	5.023244e+00
1.216999999999978e+01	5.023258e+00
1.217999999999978e+01	5.023272e+00
1.218999999999978e+01	5.023286e+00
1.219999999999978e+01	5.023300e+00
1.220999999999978e+01	5.023314e+00
1.221999999999978e+01	5.023328e+00
1.222999999999978e+01	5.023343e+00
1.223999999999978e+01	5.023357e+00
1.224999999999978e+01	5.023371e+00
1.225999999999978e+01	5.023385e+00
1.226999999999978e+01	5.023399e+00
1.227999999999978e+01	5.023413e+00
1.228999999999978e+01	5.023427e+00
1.229999999999978e+01	5.023441e+00
1.230999999999978e+01	5.023456e+00
1.231999999999978e+01	5.023469e+00
1.232999999999978e+01	5.023484e+00
1.233999999999978e+01	5.023498e+00
1.234999999999978e+01	5.023512e+00
1.235999999999978e+01	5.023526e+00
1.236999999999978e+01	5.023540e+00
1.237999999999978e+01	5.023554e+00
1.238999999999978e+01	5.023568e+00
1.239999999999978e+01	5.023582e+00
1.240999999999978e+01	5.023596e+00
1.241999999999978e+01	5.023611e+00
1.242999999999978e+01	5.023624e+00
1.243999999999978e+01	5.023638e+00
1.244999999999978e+01	5.023653e+00
1.245999999999978e+01	5.023666e+00
1.246999999999978e+01	5.023681e+00
1.247999999999978e+01	5.023695e+00
1.248999999999978e+01	5.023709e+00
1.249999999999978e+01	5.023723e+00
1.250999999999978e+01	5.023737e+00
1.251999999999978e+01	5.023751e+00
1.252999999999978e+01	5.023765e+00
1.253999999999978e+01	5.023779e+00
1.254999999999978e+01	5.023793e+00
1.255999999999978e+01	5.023807e+00
1.256999999999978e+01	5.023821e+00
1.257999999999978e+01	5.023835e+00
1.258999999999978e+01	5.023849e+00
1.259999999999978e+01	5.023863e+00
1.260999999999978e+01	5.023877e+00
1.261999999999978e+01	5.023891e+00
1.262999999999978e+01	5.023905e+00
1.263999999999977e+01	5.023919e+00
1.264999999999977e+01	5.023933e+00
1.265999999999977e+01	5.023947e+00
1.266999999999977e+01	5.023961e+00
1.267999999999977e+01	5.023975e+00
1.268999999999977e+01	5.023989e+00
1.269999999999977e+01	5.024003e+00
1.270999999999977e+01	5.024017e+00
1.271999999999977e+01	5.024031e+00
1.272999999999977e+01	5.024045e+00
1.273999999999977e+01	5.024059e+00
1.274999999999977e+01	5.024073e+00
1.275999999999977e+01	5.024086e+00
1.276999999999977e+01	5.024100e+00
1.277999999999977e+01	5.024115e+00
1.278999999999977e+01	5.024128e+00
1.279999999999977e+01	5.024142e+00
1.280999999999977e+01	5.024156e+00
1.281999999999977e+01	5.024170e+00
1.282999999999977e+01	5.024184e+00
1.283999999999977e+01	5.024198e+00
1.284999999999977e+01	5.024212e+00
1.285999999999977e+01	5.024226e+00
1.286999999999977e+01	5.024240e+00
1.287999999999977e+01	5.024254e+00
1.288999999999977e+01	5.024268e+00
1.289999999999977e+01	5.024282e+00
1.290999999999977e+01	5.024295e+00
1.291999999999977e+01	5.024309e+00
1.292999999999977e+01	5.024323e+00
1.293999999999977e+01	5.024337e+00
1.294999999999977e+01	5.024351e+00
1.295999999999977e+01	5.024365e+00
1.296999999999977e+01	5.024379e+00
1.297999999999977e+01	5.024393e+00
1.298999999999977e+01	5.024406e+00
1.299999999999977e+01	5.024420e+00
1.300999999999977e+01	5.024434e+00
1.301999999999977e+01	5.024448e+00
1.302999999999977e+01	5.024462e+00
1.303999999999977e+01	5.024476e+00
1.304999999999977e+01	5.024489e+00
1.305999999999977e+01	5.024504e+00
1.306999999999977e+01	5.024518e+00
1.307999999999977e+01	5.024531e+00
1.308999999999977e+01	5.024545e+00
1.309999999999977e+01	5.024559e+00
1.310999999999976e+01	5.024573e+00
1.311999999999976e+01	5.024587e+00
1.312999999999976e+01	5.024601e+00
1.313999999999976e+01	5.024614e+00
1.314999999999976e+01	5.024628e+00
1.315999999999976e+01	5.024642e+00
1.316999999999976e+01	5.024656e+00
1.317999999999976e+01	5.024670e+00
1.318999999999976e+01	5.024683e+00
1.319999999999976e+01	5.024697e+00
1.320999999999976e+01	5.024711e+00
1.321999999999976e+01	5.024724e+00
1.322999999999976e+01	5.024738e+00
1.323999999999976e+01	5.024752e+00
1.324999999999976e+01	5.024766e+00
1.325999999999976e+01	5.024780e+00
1.326999999999976e+01	5.024794e+00
1.327999999999976e+01	5.024807e+00
1.328999999999976e+01	5.024821e+00
1.329999999999976e+01	5.024835e+00
1.330999999999976e+01	5.024849e+00
1.331999999999976e+01	5.024863e+00
1.332999999999976e+01	5.024876e+00
1.333999999999976e+01	5.024890e+00
1.334999999999976e+01	5.024904e+00
1.335999999999976e+01	5.024918e+00
1.336999999999976e+01	5.024931e+00
1.337999999999976e+01	5.024945e+00
1.338999999999976e+01	5.024959e+00
1.339999999999976e+01	5.024972e+00
1.340999999999976e+01	5.024986e+00
1.341999999999976e+01	5.025000e+00
1.342999999999976e+01	5.025014e+00
1.343999999999976e+01	5.025028e+00
1.344999999999976e+01	5.025041e+00
1.345999999999976e+01	5.025055e+00
1.346999999999976e+01	5.025069e+00
1.347999999999976e+01	5.025083e+00
1.348999999999976e+01	5.025096e+00
1.349999999999976e+01	5.025110e+00
1.350999999999976e+01	5.025124e+00
1.351999999999976e+01	5.025137e+00
1.352999999999976e+01	5.025151e+00
1.353999999999976e+01	5.025165e+00
1.354999999999976e+01	5.025178e+00
1.355999999999976e+01	5.025192e+00
1.356999999999976e+01	5.025206e+00
1.357999999999975e+01	5.025219e+00
1.358999999999975e+01	5.025233e+00
1.359999999999975e+01	5.025247e+00
1.360999999999975e+01	5.025260e+00
1.361999999999975e+01	5.025274e+00
1.362999999999975e+01	5.025288e+00
1.363999999999975e+01	5.025301e+00
1.364999999999975e+01	5.025315e+00
1.365999999999975e+01	5.025329e+00
1.366999999999975e+01	5.025342e+00
1.367999999999975e+01	5.025356e+00
1.368999999999975e+01	5.025370e+00
1.369999999999975e+01	5.025383e+00
1.370999999999975e+01	5.025397e+00
1.371999999999975e+01	5.025411e+00
1.372999999999975e+01	5.025424e+00
1.373999999999975e+01	5.025438e+00
1.374999999999975e+01	5.025452e+00
1.375999999999975e+01	5.025465e+00
1.376999999999975e+01	5.025479e+00
1.377999999999975e+01	5.025493e+00
1.378999999999975e+01	5.025506e+00
1.379999999999975e+01	5.025520e+00
1.380999999999975e+01	5.025534e+00
1.381999999999975e+01	5.025547e+00
1.382999999999975e+01	5.025561e+00
1.383999999999975e+01	5.025574e+00
1.384999999999975e+01	5.025588e+00
1.385999999999975e+01	5.025601e+00
1.386999999999975e+01	5.025615e+00
1.387999999999975e+01	5.025629e+00
1.388999999999975e+01	5.025642e+00
1.389999999999975e+01	5.025656e+00
1.390999999999975e+01	5.025670e+00
1.391999999999975e+01	5.025683e+00
1.392999999999975e+01	5.025697e+00
1.393999999999975e+01	5.025710e+00
1.394999999999975e+01	5.025724e+00
1.395999999999975e+01	5.025737e+00
1.396999999999975e+01	5.025751e+00
1.397999999999975e+01	5.025764e+00
1.398999999999975e+01	5.025778e+00
1.399999999999975e+01	5.025792e+00
1.400999999999975e+01	5.025805e+00
1.401999999999975e+01	5.025819e+00
1.402999999999975e+01	5.025832e+00
1.403999999999975e+01	5.025846e+00
1.404999999999974e+01	5.025859e+00
1.405999999999974e+01	5.025873e+00
1.406999999999974e+01	5.025887e+00
1.407999999999974e+01	5.025900e+00
1.408999999999974e+01	5.025914e+00
1.409999999999974e+01	5.025927e+00
1.410999999999974e+01	5.025940e+00
1.411999999999974e+01	5.025954e+00
1.412999999999974e+01	5.025968e+00
1.413999999999974e+01	5.025981e+00
1.414999999999974e+01	5.025995e+00
1.415999999999974e+01	5.026008e+00
1.416999999999974e+01	5.026021e+00
1.417999999999974e+01	5.026035e+00
1.418999999999974e+01	5.026049e+00
1.419999999999974e+01	5.026062e+00
1.420999999999974e+01	5.026076e+00
1.421999999999974e+01	5.026089e+00
1.422999999999974e+01	5.026103e+00
1.423999999999974e+01	5.026116e+00
1.424999999999974e+01	5.026130e+00
1.425999999999974e+01	5.026143e+00
1.426999999999974e+01	5.026156e+00
1.427999999999974e+01	5.026170e+00
1.428999999999974e+01	5.026184e+00
1.429999999999974e+01	5.026197e+00
1.430999999999974e+01	5.026210e+00
1.431999999999974e+01	5.026224e+00
1.432999999999974e+01	5.026237e+00
1.433999999999974e+01	5.026251e+00
1.434999999999974e+01	5.026264e+00
1.435999999999974e+01	5.026278e+00
1.436999999999974e+01	5.026291e+00
1.437999999999974e+01	5.026305e+00
1.438999999999974e+01	5.026318e+00
1.439999999999974e+01	5.026331e+00
1.440999999999974e+01	5.026345e+00
1.441999999999974e+01	5.026359e+00
1.442999999999974e+01	5.026372e+00
1.443999999999974e+01	5.026385e+00
1.444999999999974e+01	5.026399e+00
1.445999999999974e+01	5.026412e+00
1.446999999999974e+01	5.026425e+00
1.447999999999974e+01	5.026439e+00
1.448999999999974e+01	5.026453e+00
1.449999999999974e+01	5.026466e+00
1.450999999999974e+01	5.026479e+00
1.451999999999973e+01	5.026493e+00
1.452999999999973e+01	5.026506e+00
1.453999999999973e+01	5.026519e+00
1.454999999999973e+01	5.026533e+00
1.455999999999973e+01	5.026546e+00
1.456999999999973e+01	5.026559e+00
1.457999999999973e+01	5.026573e+00
1.458999999999973e+01	5.026587e+00
1.459999999999973e+01	5.026600e+00
1.460999999999973e+01	5.026613e+00
1.461999999999973e+01	5.026627e+00
1.462999999999973e+01	5.026640e+00
1.463999999999973e+01	5.026653e+00
1.464999999999973e+01	5.026667e+00
1.465999999999973e+01	5.026680e+00
1.466999999999973e+01	5.026693e+00
1.467999999999973e+01	5.026707e+00
1.468999999999973e+01	5.026720e+00
1.469999999999973e+01	5.026733e+00
1.470999999999973e+01	5.026747e+00
1.471999999999973e+01	5.026760e+00
1.472999999999973e+01	5.026773e+00
1.473999999999973e+01	5.026787e+00
1.474999999999973e+01	5.026800e+00
1.475999999999973e+01	5.026814e+00
1.476999999999973e+01	5.026827e+00
1.477999999999973e+01	5.026840e+00
1.478999999999973e+01	5.026854e+00
1.479999999999973e+01	5.026867e+00
1.480999999999973e+01	5.026880e+00
1.481999999999973e+01	5.026893e+00
1.482999999999973e+01	5.026906e+00
1.483999999999973e+01	5.026920e+00
1.484999999999973e+01	5.026933e+00
1.485999999999973e+01	5.026947e+00
1.486999999999973e+01	5.026960e+00
1.487999999999973e+01	5.026973e+00
1.488999999999973e+01	5.026987e+00
1.489999999999973e+01	5.027000e+00
1.490999999999973e+01	5.027013e+00
1.491999999999973e+01	5.027026e+00
1.492999999999973e+01	5.027040e+00
1.493999999999973e+01	5.027053e+00
1.494999999999973e+01	5.027066e+00
1.495999999999973e+01	5.027080e+00
1.496999999999973e+01	5.027093e+00
1.497999999999973e+01	5.027106e+00
1.498999999999972e+01	5.027119e+00
1.499999999999972e+01	5.027133e+00
1.500999999999972e+01	5.027146e+00
1.501999999999972e+01	5.027159e+00
1.502999999999972e+01	5.027172e+00
1.503999999999972e+01	5.027185e+00
1.504999999999972e+01	5.027199e+00
1.505999999999972e+01	5.027212e+00
1.506999999999972e+01	5.027225e+00
1.507999999999972e+01	5.027238e+00
1.508999999999972e+01	5.027252e+00
1.509999999999972e+01	5.027265e+00
1.510999999999972e+01	5.027278e+00
1.511999999999972e+01	5.027291e+00
1.512999999999972e+01	5.027305e+00
1.513999999999972e+01	5.027318e+00
1.514999999999972e+01	5.027331e+00
1.515999999999972e+01	5.027344e+00
1.516999999999972e+01	5.027358e+00
1.517999999999972e+01	5.027371e+00
1.518999999999972e+01	5.027384e+00
1.519999999999972e+01	5.027397e+00
1.520999999999972e+01	5.027411e+00
1.521999999999972e+01	5.027423e+00
1.522999999999972e+01	5.027437e+00
1.523999999999972e+01	5.027450e+00
1.524999999999972e+01	5.027463e+00
1.525999999999972e+01	5.027476e+00
1.526999999999972e+01	5.027490e+00
1.527999999999972e+01	5.027503e+00
1.528999999999972e+01	5.027516e+00
1.529999999999972e+01	5.027529e+00
1.530999999999972e+01	5.027542e+00
1.531999999999972e+01	5.027555e+00
1.532999999999972e+01	5.027569e+00
1.533999999999972e+01	5.027582e+00
1.534999999999972e+01	5.027595e+00
1.535999999999972e+01	5.027608e+00
1.536999999999972e+01	5.027621e+00
1.537999999999972e+01	5.027635e+00
1.538999999999972e+01	5.027647e+00
1.539999999999972e+01	5.027661e+00
1.540999999999972e+01	5.027674e+00
1.541999999999972e+01	5.027687e+00
1.542999999999972e+01	5.027700e+00
1.543999999999972e+01	5.027713e+00
1.544999999999972e+01	5.027726e+00
1.545999999999971e+01	5.027740e+00
1.546999999999971e+01	5.027753e+00
1.547999999999971e+01	5.027766e+00
1.548999999999971e+01	5.027779e+00
1.549999999999971e+01	5.027792e+00
1.550999999999971e+01	5.027805e+00
1.551999999999971e+01	5.027818e+00
1.552999999999971e+01	5.027832e+00
1.553999999999971e+01	5.027844e+00
1.554999999999971e+01	5.027858e+00
1.555999999999971e+01	5.027871e+00
1.556999999999971e+01	5.027884e+00
1.557999999999971e+01	5.027897e+00
1.558999999999971e+01	5.027910e+00
1.559999999999971e+01	5.027923e+00
1.560999999999971e+01	5.027936e+00
1.561999999999971e+01	5.027949e+00
1.562999999999971e+01	5.027962e+00
1.563999999999971e+01	5.027976e+00
1.564999999999971e+01	5.027988e+00
1.565999999999971e+01	5.028002e+00
1.566999999999971e+01	5.028015e+00
1.567999999999971e+01	5.028028e+00
1.568999999999971e+01	5.028041e+00
1.569999999999971e+01	5.028054e+00
1.570999999999971e+01	5.028067e+00
1.571999999999971e+01	5.028080e+00
1.572999999999971e+01	5.028093e+00
1.573999999999971e+01	5.028106e+00
1.574999999999971e+01	5.028119e+00
1.575999999999971e+01	5.028132e+00
1.576999999999971e+01	5.028145e+00
1.577999999999971e+01	5.028158e+00
1.578999999999971e+01	5.028171e+00
1.579999999999971e+01	5.028184e+00
1.580999999999971e+01	5.028197e+00
1.581999999999971e+01	5.028210e+00
1.582999999999971e+01	5.028224e+00
1.583999999999971e+01	5.028236e+00
1.584999999999971e+01	5.028249e+00
1.585999999999971e+01	5.028263e+00
1.586999999999971e+01	5.028275e+00
1.587999999999971e+01	5.028288e+00
1.588999999999971e+01	5.028302e+00
1.589999999999971e+01	5.028315e+00
1.590999999999971e+01	5.028327e+00
1.591999999999971e+01	5.028340e+00
1.592999999999970e+01	5.028354e+00
1.593999999999970e+01	5.028367e+00
1.594999999999970e+01	5.028379e+00
1.595999999999970e+01	5.028392e+00
1.596999999999970e+01	5.028406e+00
1.597999999999970e+01	5.028419e+00
1.598999999999970e+01	5.028431e+00
1.599999999999970e+01	5.028444e+00
1.600999999999970e+01	5.028458e+00
1.601999999999970e+01	5.028471e+00
1.602999999999971e+01	5.028483e+00
1.603999999999971e+01	5.028496e+00
1.604999999999971e+01	5.028509e+00
1.605999999999971e+01	5.028522e+00
1.606999999999971e+01	5.028535e+00
1.607999999999971e+01	5.028548e+00
1.608999999999972e+01	5.028561e+00
1.609999999999972e+01	5.028574e+00
1.610999999999972e+01	5.028587e+00
1.611999999999972e+01	5.028600e+00
1.612999999999972e+01	5.028613e+00
1.613999999999972e+01	5.028626e+00
1.614999999999973e+01	5.028639e+00
1.615999999999973e+01	5.028652e+00
1.616999999999973e+01	5.028665e+00
1.617999999999973e+01	5.028677e+00
1.618999999999973e+01	5.028690e+00
1.619999999999973e+01	5.028704e+00
1.620999999999973e+01	5.028717e+00
1.621999999999974e+01	5.028729e+00
1.622999999999974e+01	5.028742e+00
1.623999999999974e+01	5.028755e+00
1.624999999999974e+01	5.028768e+00
1.625999999999974e+01	5.028781e+00
1.626999999999974e+01	5.028794e+00
1.627999999999975e+01	5.028807e+00
1.628999999999975e+01	5.028820e+00
1.629999999999975e+01	5.028832e+00
1.630999999999975e+01	5.028845e+00
1.631999999999975e+01	5.028858e+00
1.632999999999975e+01	5.028871e+00
1.633999999999975e+01	5.028884e+00
1.634999999999976e+01	5.028897e+00
1.635999999999976e+01	5.028910e+00
1.636999999999976e+01	5.028923e+00
1.637999999999976e+01	5.028936e+00
1.638999999999976e+01	5.028948e+00
1.639999999999976e+01	5.028961e+00
1.640999999999977e+01	5.028974e+00
1.641999999999977e+01	5.028987e+00
1.642999999999977e+01	5.029000e+00
1.643999999999977e+01	5.029013e+00
1.644999999999977e+01	5.029026e+00
1.645999999999977e+01	5.029038e+00
1.646999999999978e+01	5.029051e+00
1.647999999999978e+01	5.029064e+00
1.648999999999978e+01	5.029077e+00
1.649999999999978e+01	5.029090e+00
1.650999999999978e+01	5.029103e+00
1.651999999999978e+01	5.029116e+00
1.652999999999978e+01	5.029129e+00
1.653999999999979e+01	5.029141e+00
1.654999999999979e+01	5.029154e+00
1.655999999999979e+01	5.029167e+00
1.656999999999979e+01	5.029180e+00
1.657999999999979e+01	5.029192e+00
1.658999999999979e+01	5.029205e+00
1.659999999999980e+01	5.029218e+00
1.660999999999980e+01	5.029231e+00
1.661999999999980e+01	5.029244e+00
1.662999999999980e+01	5.029257e+00
1.663999999999980e+01	5.029270e+00
1.664999999999980e+01	5.029282e+00
1.665999999999980e+01	5.029295e+00
1.666999999999981e+01	5.029308e+00
1.667999999999981e+01	5.029321e+00
1.668999999999981e+01	5.029334e+00
1.669999999999981e+01	5.029346e+00
1.670999999999981e+01	5.029359e+00
1.671999999999981e+01	5.029372e+00
1.672999999999982e+01	5.029385e+00
1.673999999999982e+01	5.029397e+00
1.674999999999982e+01	5.029410e+00
1.675999999999982e+01	5.029423e+00
1.676999999999982e+01	5.029436e+00
1.677999999999982e+01	5.029449e+00
1.678999999999983e+01	5.029461e+00
1.679999999999983e+01	5.029474e+00
1.680999999999983e+01	5.029487e+00
1.681999999999983e+01	5.029500e+00
1.682999999999983e+01	5.029512e+00
1.683999999999983e+01	5.029525e+00
1.684999999999983e+01	5.029538e+00
1.685999999999984e+01	5.029551e+00
1.686999999999984e+01	5.029563e+00
1.687999999999984e+01	5.029576e+00
1.688999999999984e+01	5.029589e+00
1.689999999999984e+01	5.029602e+00
1.690999999999984e+01	5.029614e+00
1.691999999999985e+01	5.029627e+00
1.692999999999985e+01	5.029640e+00
1.693999999999985e+01	5.029653e+00
1.694999999999985e+01	5.029665e+00
1.695999999999985e+01	5.029678e+00
1.696999999999985e+01	5.029691e+00
1.697999999999985e+01	5.029703e+00
1.698999999999986e+01	5.029716e+00
1.699999999999986e+01	5.029729e+00
1.700999999999986e+01	5.029741e+00
1.701999999999986e+01	5.029754e+00
1.702999999999986e+01	5.029767e+00
1.703999999999986e+01	5.029779e+00
1.704999999999987e+01	5.029792e+00
1.705999999999987e+01	5.029805e+00
1.706999999999987e+01	5.029818e+00
1.707999999999987e+01	5.029830e+00
1.708999999999987e+01	5.029843e+00
1.709999999999987e+01	5.029856e+00
1.710999999999988e+01	5.029869e+00
1.711999999999988e+01	5.029881e+00
1.712999999999988e+01	5.029894e+00
1.713999999999988e+01	5.029906e+00
1.714999999999988e+01	5.029919e+00
1.715999999999988e+01	5.029932e+00
1.716999999999988e+01	5.029944e+00
1.717999999999989e+01	5.029957e+00
1.718999999999989e+01	5.029970e+00
1.719999999999989e+01	5.029983e+00
1.720999999999989e+01	5.029995e+00
1.721999999999989e+01	5.030008e+00
1.722999999999989e+01	5.030020e+00
1.723999999999990e+01	5.030033e+00
1.724999999999990e+01	5.030046e+00
1.725999999999990e+01	5.030058e+00
1.726999999999990e+01	5.030071e+00
1.727999999999990e+01	5.030084e+00
1.728999999999990e+01	5.030096e+00
1.729999999999990e+01	5.030109e+00
1.730999999999991e+01	5.030121e+00
1.731999999999991e+01	5.030134e+00
1.732999999999991e+01	5.030147e+00
1.733999999999991e+01	5.030159e+00
1.734999999999991e+01	5.030172e+00
1.735999999999991e+01	5.030185e+00
1.736999999999992e+01	5.030197e+00
1.737999999999992e+01	5.030210e+00
1.738999999999992e+01	5.030222e+00
1.739999999999992e+01	5.030235e+00
1.740999999999992e+01	5.030248e+00
1.741999999999992e+01	5.030260e+00
1.742999999999993e+01	5.030273e+00
1.743999999999993e+01	5.030285e+00
1.744999999999993e+01	5.030298e+00
1.745999999999993e+01	5.030311e+00
1.746999999999993e+01	5.030323e+00
1.747999999999993e+01	5.030336e+00
1.748999999999993e+01	5.030348e+00
1.749999999999994e+01	5.030361e+00
1.750999999999994e+01	5.030374e+00
1.751999999999994e+01	5.030386e+00
1.752999999999994e+01	5.030399e+00
1.753999999999994e+01	5.030411e+00
1.754999999999994e+01	5.030424e+00
1.755999999999995e+01	5.030437e+00
1.756999999999995e+01	5.030449e+00
1.757999999999995e+01	5.030461e+00
1.758999999999995e+01	5.030474e+00
1.759999999999995e+01	5.030487e+00
1.760999999999995e+01	5.030499e+00
1.761999999999995e+01	5.030512e+00
1.762999999999996e+01	5.030524e+00
1.763999999999996e+01	5.030537e+00
1.764999999999996e+01	5.030550e+00
1.765999999999996e+01	5.030562e+00
1.766999999999996e+01	5.030574e+00
1.767999999999996e+01	5.030587e+00
1.768999999999997e+01	5.030600e+00
1.769999999999997e+01	5.030612e+00
1.770999999999997e+01	5.030624e+00
1.771999999999997e+01	5.030637e+00
1.772999999999997e+01	5.030650e+00
1.773999999999997e+01	5.030662e+00
1.774999999999998e+01	5.030674e+00
1.775999999999998e+01	5.030687e+00
1.776999999999998e+01	5.030700e+00
1.777999999999998e+01	5.030712e+00
1.778999999999998e+01	5.030725e+00
1.779999999999998e+01	5.030737e+00
1.780999999999998e+01	5.030750e+00
1.781999999999999e+01	5.030762e+00
1.782999999999999e+01	5.030775e+00
1.783999999999999e+01	5.030787e+00
1.784999999999999e+01	5.030800e+00
1.785999999999999e+01	5.030812e+00
1.786999999999999e+01	5.030825e+00
1.788000000000000e+01	5.030837e+00
1.789000000000000e+01	5.030849e+00
1.790000000000000e+01	5.030862e+00
1.791000000000000e+01	5.030875e+00
1.792000000000000e+01	5.030887e+00
1.793000000000000e+01	5.030900e+00
1.794000000000000e+01	5.030912e+00
1.795000000000001e+01	5.030924e+00
1.796000000000001e+01	5.030937e+00
1.797000000000001e+01	5.030950e+00
1.798000000000001e+01	5.030962e+00
1.799000000000001e+01	5.030974e+00
1.800000000000001e+01	5.030987e+00
1.801000000000002e+01	5.030999e+00
1.802000000000002e+01	5.031012e+00
1.803000000000002e+01	5.031024e+00
1.804000000000002e+01	5.031036e+00
1.805000000000002e+01	5.031049e+00
1.806000000000002e+01	5.031061e+00
1.807000000000003e+01	5.031074e+00
1.808000000000003e+01	5.031086e+00
1.809000000000003e+01	5.031099e+00
1.810000000000003e+01	5.031111e+00
1.811000000000003e+01	5.031124e+00
1.812000000000003e+01	5.031136e+00
1.813000000000003e+01	5.031148e+00
1.814000000000004e+01	5.031161e+00
1.815000000000004e+01	5.031173e+00
1.816000000000004e+01	5.031186e+00
1.817000000000004e+01	5.031198e+00
1.818000000000004e+01	5.031210e+00
1.819000000000004e+01	5.031223e+00
1.820000000000005e+01	5.031235e+00
1.821000000000005e+01	5.031248e+00
1.822000000000005e+01	5.031260e+00
1.823000000000005e+01	5.031272e+00
1.824000000000005e+01	5.031285e+00
1.825000000000005e+01	5.031297e+00
1.826000000000005e+01	5.031310e+00
1.827000000000006e+01	5.031322e+00
1.828000000000006e+01	5.031334e+00
1.829000000000006e+01	5.031347e+00
1.830000000000006e+01	5.031359e+00
1.831000000000006e+01	5.031372e+00
1.832000000000006e+01	5.031384e+00
1.833000000000007e+01	5.031396e+00
1.834000000000007e+01	5.031409e+00
1.835000000000007e+01	5.031421e+00
1.836000000000007e+01	5.031434e+00
1.837000000000007e+01	5.031446e+00
1.838000000000007e+01	5.031458e+00
1.839000000000008e+01	5.031470e+00
1.840000000000008e+01	5.031483e+00
1.841000000000008e+01	5.031495e+00
1.842000000000008e+01	5.031507e+00
1.843000000000008e+01	5.031520e+00
1.844000000000008e+01	5.031532e+00
1.845000000000008e+01	5.031545e+00
1.846000000000009e+01	5.031557e+00
1.847000000000009e+01	5.031569e+00
1.848000000000009e+01	5.031581e+00
1.849000000000009e+01	5.031594e+00
1.850000000000009e+01	5.031606e+00
1.851000000000009e+01	5.031619e+00
1.852000000000010e+01	5.031631e+00
1.853000000000010e+01	5.031643e+00
1.854000000000010e+01	5.031655e+00
1.855000000000010e+01	5.031668e+00
1.856000000000010e+01	5.031680e+00
1.857000000000010e+01	5.031693e+00
1.858000000000010e+01	5.031705e+00
1.859000000000011e+01	5.031717e+00
1.860000000000011e+01	5.031729e+00
1.861000000000011e+01	5.031742e+00
1.862000000000011e+01	5.031754e+00
1.863000000000011e+01	5.031766e+00
1.864000000000011e+01	5.031778e+00
1.865000000000012e+01	5.031791e+00
1.866000000000012e+01	5.031803e+00
1.867000000000012e+01	5.031816e+00
1.868000000000012e+01	5.031828e+00
1.869000000000012e+01	5.031840e+00
1.870000000000012e+01	5.031852e+00
1.871000000000013e+01	5.031865e+00
1.872000000000013e+01	5.031877e+00
1.873000000000013e+01	5.031889e+00
1.874000000000013e+01	5.031901e+00
1.875000000000013e+01	5.031914e+00
1.876000000000013e+01	5.031926e+00
1.877000000000013e+01	5.031938e+00
1.878000000000014e+01	5.031950e+00
1.879000000000014e+01	5.031963e+00
1.880000000000014e+01	5.031975e+00
1.881000000000014e+01	5.031987e+00
1.882000000000014e+01	5.032000e+00
1.883000000000014e+01	5.032012e+00
1.884000000000015e+01	5.032024e+00
1.885000000000015e+01	5.032036e+00
1.886000000000015e+01	5.032048e+00
1.887000000000015e+01	5.032061e+00
1.888000000000015e+01	5.032073e+00
1.889000000000015e+01	5.032085e+00
1.890000000000015e+01	5.032097e+00
1.891000000000016e+01	5.032110e+00
1.892000000000016e+01	5.032122e+00
1.893000000000016e+01	5.032134e+00
1.894000000000016e+01	5.032146e+00
1.895000000000016e+01	5.032158e+00
1.896000000000016e+01	5.032171e+00
1.897000000000017e+01	5.032183e+00
1.898000000000017e+01	5.032195e+00
1.899000000000017e+01	5.032207e+00
1.900000000000017e+01	5.032219e+00
1.901000000000017e+01	5.032232e+00
1.902000000000017e+01	5.032244e+00
1.903000000000018e+01	5.032256e+00
1.904000000000018e+01	5.032269e+00
1.905000000000018e+01	5.032280e+00
1.906000000000018e+01	5.032293e+00
1.907000000000018e+01	5.032305e+00
1.908000000000018e+01	5.032317e+00
1.909000000000018e+01	5.032329e+00
1.910000000000019e+01	5.032341e+00
1.911000000000019e+01	5.032353e+00
1.912000000000019e+01	5.032366e+00
1.913000000000019e+01	5.032378e+00
1.914000000000019e+01	5.032390e+00
1.915000000000019e+01	5.032403e+00
1.916000000000020e+01	5.032414e+00
1.917000000000020e+01	5.032427e+00
1.918000000000020e+01	5.032439e+00
1.919000000000020e+01	5.032451e+00
1.920000000000020e+01	5.032463e+00
1.921000000000020e+01	5.032475e+00
1.922000000000020e+01	5.032487e+00
1.923000000000021e+01	5.032500e+00
1.924000000000021e+01	5.032512e+00
1.925000000000021e+01	5.032524e+00
1.926000000000021e+01	5.032536e+00
1.927000000000021e+01	5.032548e+00
1.928000000000021e+01	5.032560e+00
1.929000000000022e+01	5.032572e+00
1.930000000000022e+01	5.032585e+00
1.931000000000022e+01	5.032597e+00
1.932000000000022e+01	5.032609e+00
1.933000000000022e+01	5.032621e+00
1.934000000000022e+01	5.032633e+00
1.935000000000023e+01	5.032645e+00
1.936000000000023e+01	5.032657e+00
1.937000000000023e+01	5.032670e+00
1.938000000000023e+01	5.032681e+00
1.939000000000023e+01	5.032694e+00
1.940000000000023e+01	5.032706e+00
1.941000000000023e+01	5.032718e+00
1.942000000000024e+01	5.032730e+00
1.943000000000024e+01	5.032742e+00
1.944000000000024e+01	5.032754e+00
1.945000000000024e+01	5.032766e+00
1.946000000000024e+01	5.032778e+00
1.947000000000024e+01	5.032791e+00
1.948000000000025e+01	5.032803e+00
1.949000000000025e+01	5.032815e+00
1.950000000000025e+01	5.032827e+00
1.951000000000025e+01	5.032839e+00
1.952000000000025e+01	5.032851e+00
1.953000000000025e+01	5.032863e+00
1.954000000000025e+01	5.032875e+00
1.955000000000026e+01	5.032887e+00
1.956000000000026e+01	5.032899e+00
1.957000000000026e+01	5.032911e+00
1.958000000000026e+01	5.032923e+00
1.959000000000026e+01	5.032936e+00
1.960000000000026e+01	5.032948e+00
1.961000000000027e+01	5.032959e+00
1.962000000000027e+01	5.032972e+00
1.963000000000027e+01	5.032984e+00
1.964000000000027e+01	5.032996e+00
1.965000000000027e+01	5.033008e+00
1.966000000000027e+01	5.033020e+00
1.967000000000028e+01	5.033032e+00
1.968000000000028e+01	5.033044e+00
1.969000000000028e+01	5.033056e+00
1.970000000000028e+01	5.033068e+00
1.971000000000028e+01	5.033080e+00
1.972000000000028e+01	5.033092e+00
1.973000000000028e+01	5.033104e+00
1.974000000000029e+01	5.033116e+00
1.975000000000029e+01	5.033128e+00
1.976000000000029e+01	5.033140e+00
1.977000000000029e+01	5.033152e+00
1.978000000000029e+01	5.033165e+00
1.979000000000029e+01	5.033176e+00
1.980000000000030e+01	5.033188e+00
1.981000000000030e+01	5.033200e+00
1.982000000000030e+01	5.033212e+00
1.983000000000030e+01	5.033225e+00
1.984000000000030e+01	5.033237e+00
1.985000000000030e+01	5.033248e+00
1.986000000000030e+01	5.033260e+00
1.987000000000031e+01	5.033272e+00
1.988000000000031e+01	5.033284e+00
1.989000000000031e+01	5.033297e+00
1.990000000000031e+01	5.033309e+00
1.991000000000031e+01	5.033320e+00
1.992000000000031e+01	5.033332e+00
1.993000000000032e+01	5.033344e+00
1.994000000000032e+01	5.033356e+00
1.995000000000032e+01	5.033368e+00
1.996000000000032e+01	5.033381e+00
1.997000000000032e+01	5.033392e+00
1.998000000000032e+01	5.033404e+00
1.999000000000033e+01	5.033416e+00
2.000000000000033e+01	5.033428e+00
2.001000000000033e+01	5.033440e+00
2.002000000000033e+01	5.033452e+00
2.003000000000033e+01	5.033464e+00
2.004000000000033e+01	5.033476e+00
2.005000000000033e+01	5.033488e+00
2.006000000000034e+01	5.033500e+00
2.007000000000034e+01	5.033512e+00
2.008000000000034e+01	5.033524e+00
2.009000000000034e+01	5.033536e+00
2.010000000000034e+01	5.033548e+00
2.011000000000034e+01	5.033560e+00
2.012000000000035e+01	5.033572e+00
2.013000000000035e+01	5.033584e+00
2.014000000000035e+01	5.033596e+00
2.015000000000035e+01	5.033607e+00
2.016000000000035e+01	5.033619e+00
2.017000000000035e+01	5.033631e+00
2.018000000000035e+01	5.033643e+00
2.019000000000036e+01	5.033655e+00
2.020000000000036e+01	5.033667e+00
2.021000000000036e+01	5.033679e+00
2.022000000000036e+01	5.033691e+00
2.023000000000036e+01	5.033703e+00
2.024000000000036e+01	5.033715e+00
2.025000000000037e+01	5.033727e+00
2.026000000000037e+01	5.033739e+00
2.027000000000037e+01	5.033751e+00
2.028000000000037e+01	5.033762e+00
2.029000000000037e+01	5.033774e+00
2.030000000000037e+01	5.033786e+00
2.031000000000038e+01	5.033798e+00
2.032000000000038e+01	5.033810e+00
2.033000000000038e+01	5.033822e+00
2.034000000000038e+01	5.033834e+00
2.035000000000038e+01	5.033846e+00
2.036000000000038e+01	5.033858e+00
2.037000000000038e+01	5.033870e+00
2.038000000000039e+01	5.033881e+00
2.039000000000039e+01	5.033893e+00
2.040000000000039e+01	5.033905e+00
2.041000000000039e+01	5.033917e+00
2.042000000000039e+01	5.033929e+00
2.043000000000039e+01	5.033941e+00
2.044000000000040e+01	5.033953e+00
2.045000000000040e+01	5.033965e+00
2.046000000000040e+01	5.033977e+00
2.047000000000040e+01	5.033988e+00
2.048000000000040e+01	5.034000e+00
2.049000000000040e+01	5.034012e+00
2.050000000000041e+01	5.034024e+00
2.051000000000041e+01	5.034036e+00
2.052000000000041e+01	5.034048e+00
2.053000000000041e+01	5.034060e+00
2.054000000000041e+01	5.034071e+00
2.055000000000041e+01	5.034083e+00
2.056000000000041e+01	5.034095e+00
2.057000000000042e+01	5.034107e+00
2.058000000000042e+01	5.034119e+00
2.059000000000042e+01	5.034131e+00
2.060000000000042e+01	5.034142e+00
2.061000000000042e+01	5.034154e+00
2.062000000000042e+01	5.034166e+00
2.063000000000043e+01	5.034178e+00
2.064000000000043e+01	5.034190e+00
2.065000000000043e+01	5.034202e+00
2.066000000000043e+01	5.034213e+00
2.067000000000043e+01	5.034225e+00
2.068000000000043e+01	5.034237e+00
2.069000000000043e+01	5.034249e+00
2.070000000000044e+01	5.034260e+00
2.071000000000044e+01	5.034272e+00
2.072000000000044e+01	5.034284e+00
2.073000000000044e+01	5.034296e+00
2.074000000000044e+01	5.034308e+00
2.075000000000044e+01	5.034319e+00
2.076000000000045e+01	5.034331e+00
2.077000000000045e+01	5.034343e+00
2.078000000000045e+01	5.034355e+00
2.079000000000045e+01	5.034367e+00
2.080000000000045e+01	5.034379e+00
2.081000000000045e+01	5.034390e+00
2.082000000000046e+01	5.034402e+00
2.083000000000046e+01	5.034414e+00
2.084000000000046e+01	5.034426e+00
2.085000000000046e+01	5.034437e+00
2.086000000000046e+01	5.034449e+00
2.087000000000046e+01	5.034461e+00
2.088000000000046e+01	5.034473e+00
2.089000000000047e+01	5.034484e+00
2.090000000000047e+01	5.034496e+00
2.091000000000047e+01	5.034508e+00
2.092000000000047e+01	5.034520e+00
2.093000000000047e+01	5.034532e+00
2.094000000000047e+01	5.034544e+00
2.095000000000048e+01	5.034555e+00
2.096000000000048e+01	5.034567e+00
2.097000000000048e+01	5.034579e+00
2.098000000000048e+01	5.034590e+00
2.099000000000048e+01	5.034602e+00
2.100000000000048e+01	5.034614e+00
2.101000000000048e+01	5.034626e+00
2.102000000000049e+01	5.034637e+00
2.103000000000049e+01	5.034649e+00
2.104000000000049e+01	5.034661e+00
2.105000000000049e+01	5.034673e+00
2.106000000000049e+01	5.034684e+00
2.107000000000049e+01	5.034696e+00
2.108000000000050e+01	5.034708e+00
2.109000000000050e+01	5.034719e+00
2.110000000000050e+01	5.034731e+00
2.111000000000050e+01	5.034743e+00
2.112000000000050e+01	5.034755e+00
2.113000000000050e+01	5.034766e+00
2.114000000000051e+01	5.034778e+00
2.115000000000051e+01	5.034790e+00
2.116000000000051e+01	5.034801e+00
2.117000000000051e+01	5.034813e+00
2.118000000000051e+01	5.034825e+00
2.119000000000051e+01	5.034837e+00
2.120000000000051e+01	5.034848e+00
2.121000000000052e+01	5.034860e+00
2.122000000000052e+01	5.034872e+00
2.123000000000052e+01	5.034883e+00
2.124000000000052e+01	5.034895e+00
2.125000000000052e+01	5.034907e+00
2.126000000000052e+01	5.034918e+00
2.127000000000053e+01	5.034930e+00
2.128000000000053e+01	5.034942e+00
2.129000000000053e+01	5.034954e+00
2.130000000000053e+01	5.034965e+00
2.131000000000053e+01	5.034977e+00
2.132000000000053e+01	5.034988e+00
2.133000000000053e+01	5.035000e+00
2.134000000000054e+01	5.035012e+00
2.135000000000054e+01	5.035024e+00
2.136000000000054e+01	5.035035e+00
2.137000000000054e+01	5.035047e+00
2.138000000000054e+01	5.035058e+00
2.139000000000054e+01	5.035070e+00
2.140000000000055e+01	5.035082e+00
2.141000000000055e+01	5.035093e+00
2.142000000000055e+01	5.035105e+00
2.143000000000055e+01	5.035117e+00
2.144000000000055e+01	5.035129e+00
2.145000000000055e+01	5.035140e+00
2.146000000000056e+01	5.035151e+00
2.147000000000056e+01	5.035163e+00
2.148000000000056e+01	5.035175e+00
2.149000000000056e+01	5.035187e+00
2.150000000000056e+01	5.035198e+00
2.151000000000056e+01	5.035210e+00
2.152000000000056e+01	5.035222e+00
2.153000000000057e+01	5.035233e+00
2.154000000000057e+01	5.035245e+00
2.155000000000057e+01	5.035256e+00
2.156000000000057e+01	5.035268e+00
2.157000000000057e+01	5.035280e+00
2.158000000000057e+01	5.035291e+00
2.159000000000058e+01	5.035303e+00
2.160000000000058e+01	5.035315e+00
2.161000000000058e+01	5.035326e+00
2.162000000000058e+01	5.035338e+00
2.163000000000058e+01	5.035349e+00
2.164000000000058e+01	5.035361e+00
2.165000000000058e+01	5.035373e+00
2.166000000000059e+01	5.035384e+00
2.167000000000059e+01	5.035396e+00
2.168000000000059e+01	5.035408e+00
2.169000000000059e+01	5.035419e+00
2.170000000000059e+01	5.035430e+00
2.171000000000059e+01	5.035442e+00
2.172000000000060e+01	5.035454e+00
2.173000000000060e+01	5.035465e+00
2.174000000000060e+01	5.035477e+00
2.175000000000060e+01	5.035489e+00
2.176000000000060e+01	5.035500e+00
2.177000000000060e+01	5.035511e+00
2.178000000000061e+01	5.035523e+00
2.179000000000061e+01	5.035535e+00
2.180000000000061e+01	5.035546e+00
2.181000000000061e+01	5.035558e+00
2.182000000000061e+01	5.035570e+00
2.183000000000061e+01	5.035581e+00
2.184000000000061e+01	5.035593e+00
2.185000000000062e+01	5.035604e+00
2.186000000000062e+01	5.035616e+00
2.187000000000062e+01	5.035627e+00
2.188000000000062e+01	5.035639e+00
2.189000000000062e+01	5.035650e+00
2.190000000000062e+01	5.035662e+00
2.191000000000063e+01	5.035674e+00
2.192000000000063e+01	5.035685e+00
2.193000000000063e+01	5.035697e+00
2.194000000000063e+01	5.035708e+00
2.195000000000063e+01	5.035719e+00
2.196000000000063e+01	5.035731e+00
2.197000000000063e+01	5.035743e+00
2.198000000000064e+01	5.035754e+00
2.199000000000064e+01	5.035766e+00
2.200000000000064e+01	5.035777e+00
2.201000000000064e+01	5.035789e+00
2.202000000000064e+01	5.035800e+00
2.203000000000064e+01	5.035812e+00
2.204000000000065e+01	5.035823e+00
2.205000000000065e+01	5.035835e+00
2.206000000000065e+01	5.035846e+00
2.207000000000065e+01	5.035858e+00
2.208000000000065e+01	5.035870e+00
2.209000000000065e+01	5.035881e+00
2.210000000000066e+01	5.035892e+00
2.211000000000066e+01	5.035904e+00
2.212000000000066e+01	5.035915e+00
2.213000000000066e+01	5.035927e+00
2.214000000000066e+01	5.035938e+00
2.215000000000066e+01	5.035950e+00
2.216000000000066e+01	5.035962e+00
2.217000000000067e+01	5.035973e+00
2.218000000000067e+01	5.035985e+00
2.219000000000067e+01	5.035996e+00
2.220000000000067e+01	5.036007e+00
2.221000000000067e+01	5.036019e+00
2.222000000000067e+01	5.036030e+00
2.223000000000068e+01	5.036042e+00
2.224000000000068e+01	5.036053e+00
2.225000000000068e+01	5.036065e+00
2.226000000000068e+01	5.036076e+00
2.227000000000068e+01	5.036088e+00
2.228000000000068e+01	5.036099e+00
2.229000000000068e+01	5.036111e+00
2.230000000000069e+01	5.036122e+00
2.231000000000069e+01	5.036134e+00
2.232000000000069e+01	5.036145e+00
2.233000000000069e+01	5.036157e+00
2.234000000000069e+01	5.036168e+00
2.235000000000069e+01	5.036180e+00
2.236000000000070e+01	5.036191e+00
2.237000000000070e+01	5.036202e+00
2.238000000000070e+01	5.036214e+00
2.239000000000070e+01	5.036225e+00
2.240000000000070e+01	5.036237e+00
2.241000000000070e+01	5.036248e+00
2.242000000000071e+01	5.036260e+00
2.243000000000071e+01	5.036271e+00
2.244000000000071e+01	5.036283e+00
2.245000000000071e+01	5.036294e+00
2.246000000000071e+01	5.036305e+00
2.247000000000071e+01	5.036317e+00
2.248000000000071e+01	5.036328e+00
2.249000000000072e+01	5.036340e+00
2.250000000000072e+01	5.036351e+00
2.251000000000072e+01	5.036363e+00
2.252000000000072e+01	5.036374e+00
2.253000000000072e+01	5.036385e+00
2.254000000000072e+01	5.036397e+00
2.255000000000073e+01	5.036408e+00
2.256000000000073e+01	5.036419e+00
2.257000000000073e+01	5.036431e+00
2.258000000000073e+01	5.036442e+00
2.259000000000073e+01	5.036454e+00
2.260000000000073e+01	5.036465e+00
2.261000000000073e+01	5.036477e+00
2.262000000000074e+01	5.036488e+00
2.263000000000074e+01	5.036500e+00
2.264000000000074e+01	5.036510e+00
2.265000000000074e+01	5.036522e+00
2.266000000000074e+01	5.036533e+00
2.267000000000074e+01	5.036545e+00
2.268000000000075e+01	5.036556e+00
2.269000000000075e+01	5.036568e+00
2.270000000000075e+01	5.036579e+00
2.271000000000075e+01	5.036591e+00
2.272000000000075e+01	5.036602e+00
2.273000000000075e+01	5.036613e+00
2.274000000000076e+01	5.036624e+00
2.275000000000076e+01	5.036636e+00
2.276000000000076e+01	5.036647e+00
2.277000000000076e+01	5.036659e+00
2.278000000000076e+01	5.036670e+00
2.279000000000076e+01	5.036681e+00
2.280000000000076e+01	5.036693e+00
2.281000000000077e+01	5.036704e+00
2.282000000000077e+01	5.036716e+00
2.283000000000077e+01	5.036727e+00
2.284000000000077e+01	5.036738e+00
2.285000000000077e+01	5.036749e+00
2.286000000000077e+01	5.036761e+00
2.287000000000078e+01	5.036772e+00
2.288000000000078e+01	5.036784e+00
2.289000000000078e+01	5.036795e+00
2.290000000000078e+01	5.036806e+00
2.291000000000078e+01	5.036818e+00
2.292000000000078e+01	5.036829e+00
2.293000000000078e+01	5.036840e+00
2.294000000000079e+01	5.036851e+00
2.295000000000079e+01	5.036863e+00
2.296000000000079e+01	5.036874e+00
2.297000000000079e+01	5.036886e+00
2.298000000000079e+01	5.036897e+00
2.299000000000079e+01	5.036908e+00
2.300000000000080e+01	5.036920e+00
2.301000000000080e+01	5.036931e+00
2.302000000000080e+01	5.036942e+00
2.303000000000080e+01	5.036953e+00
2.304000000000080e+01	5.036965e+00
2.305000000000080e+01	5.036976e+00
2.306000000000081e+01	5.036987e+00
2.307000000000081e+01	5.036999e+00
2.308000000000081e+01	5.037010e+00
2.309000000000081e+01	5.037021e+00
2.310000000000081e+01	5.037033e+00
2.311000000000081e+01	5.037044e+00
2.312000000000081e+01	5.037055e+00
2.313000000000082e+01	5.037066e+00
2.314000000000082e+01	5.037078e+00
2.315000000000082e+01	5.037089e+00
2.316000000000082e+01	5.037100e+00
2.317000000000082e+01	5.037112e+00
2.318000000000082e+01	5.037123e+00
2.319000000000083e+01	5.037134e+00
2.320000000000083e+01	5.037146e+00
2.321000000000083e+01	5.037157e+00
2.322000000000083e+01	5.037168e+00
2.323000000000083e+01	5.037179e+00
2.324000000000083e+01	5.037190e+00
2.325000000000083e+01	5.037202e+00
2.326000000000084e+01	5.037213e+00
2.327000000000084e+01	5.037224e+00
2.328000000000084e+01	5.037236e+00
2.329000000000084e+01	5.037247e+00
2.330000000000084e+01	5.037258e+00
2.331000000000084e+01	5.037270e+00
2.332000000000085e+01	5.037281e+00
2.333000000000085e+01	5.037292e+00
2.334000000000085e+01	5.037303e+00
2.335000000000085e+01	5.037314e+00
2.336000000000085e+01	5.037326e+00
2.337000000000085e+01	5.037337e+00
2.338000000000086e+01	5.037348e+00
2.339000000000086e+01	5.037359e+00
2.340000000000086e+01	5.037371e+00
2.341000000000086e+01	5.037382e+00
2.342000000000086e+01	5.037393e+00
2.343000000000086e+01	5.037405e+00
2.344000000000086e+01	5.037416e+00
2.345000000000087e+01	5.037427e+00
2.346000000000087e+01	5.037438e+00
2.347000000000087e+01	5.037449e+00
2.348000000000087e+01	5.037460e+00
2.349000000000087e+01	5.037472e+00
2.350000000000087e+01	5.037483e+00
2.351000000000088e+01	5.037494e+00
2.352000000000088e+01	5.037505e+00
2.353000000000088e+01	5.037517e+00
2.354000000000088e+01	5.037528e+00
2.355000000000088e+01	5.037539e+00
2.356000000000088e+01	5.037550e+00
2.357000000000088e+01	5.037561e+00
2.358000000000089e+01	5.037572e+00
2.359000000000089e+01	5.037584e+00
2.360000000000089e+01	5.037595e+00
2.361000000000089e+01	5.037606e+00
2.362000000000089e+01	5.037617e+00
2.363000000000089e+01	5.037629e+00
2.364000000000090e+01	5.037640e+00
2.365000000000090e+01	5.037651e+00
2.366000000000090e+01	5.037662e+00
2.367000000000090e+01	5.037673e+00
2.368000000000090e+01	5.037684e+00
2.369000000000090e+01	5.037695e+00
2.370000000000091e+01	5.037707e+00
2.371000000000091e+01	5.037718e+00
2.372000000000091e+01	5.037729e+00
2.373000000000091e+01	5.037740e+00
2.374000000000091e+01	5.037752e+00
2.375000000000091e+01	5.037763e+00
2.376000000000091e+01	5.037774e+00
2.377000000000092e+01	5.037785e+00
2.378000000000092e+01	5.037796e+00
2.379000000000092e+01	5.037807e+00
2.380000000000092e+01	5.037818e+00
2.381000000000092e+01	5.037830e+00
2.382000000000092e+01	5.037841e+00
2.383000000000093e+01	5.037852e+00
2.384000000000093e+01	5.037863e+00
2.385000000000093e+01	5.037874e+00
2.386000000000093e+01	5.037885e+00
2.387000000000093e+01	5.037897e+00
2.388000000000093e+01	5.037908e+00
2.389000000000093e+01	5.037919e+00
2.390000000000094e+01	5.037930e+00
2.391000000000094e+01	5.037941e+00
2.392000000000094e+01	5.037952e+00
2.393000000000094e+01	5.037963e+00
2.394000000000094e+01	5.037974e+00
2.395000000000094e+01	5.037986e+00
2.396000000000095e+01	5.037997e+00
2.397000000000095e+01	5.038008e+00
2.398000000000095e+01	5.038019e+00
2.399000000000095e+01	5.038030e+00
2.400000000000000e+01	5.038041e+00
