vreg	V(vo)
0.000000000000000e+00	1.583953e-11
1.000000000000000e-01	5.485725e-08
2.000000000000000e-01	1.756952e-07
3.000000000000000e-01	2.898046e-07
4.000000000000000e-01	3.381133e-07
5.000000000000000e-01	3.577852e-07
6.000000000000000e-01	3.758998e-07
7.000000000000000e-01	3.942846e-07
7.999999999999999e-01	4.130539e-07
8.999999999999999e-01	4.322109e-07
9.999999999999999e-01	4.516616e-07
1.100000000000000e+00	4.715083e-07
1.200000000000000e+00	4.916259e-07
1.300000000000000e+00	5.120529e-07
1.400000000000000e+00	5.327457e-07
1.500000000000000e+00	5.537350e-07
1.600000000000000e+00	5.750105e-07
1.700000000000000e+00	5.968159e-07
1.800000000000000e+00	6.308096e-07
1.900000000000001e+00	1.254340e-06
2.000000000000000e+00	3.647557e-05
2.100000000000001e+00	1.845211e-03
2.200000000000001e+00	8.518562e-02
2.300000000000001e+00	1.141634e+00
2.400000000000001e+00	1.245553e+00
2.500000000000001e+00	1.311819e+00
2.600000000000001e+00	1.371954e+00
2.700000000000001e+00	1.440412e+00
2.800000000000001e+00	1.510571e+00
2.900000000000001e+00	1.580833e+00
3.000000000000001e+00	1.651169e+00
3.100000000000001e+00	1.721534e+00
3.200000000000002e+00	1.791924e+00
3.300000000000002e+00	1.862339e+00
3.400000000000002e+00	1.932775e+00
3.500000000000002e+00	2.003230e+00
3.600000000000002e+00	2.073704e+00
3.700000000000002e+00	2.144193e+00
3.800000000000002e+00	2.214698e+00
3.900000000000002e+00	2.285217e+00
4.000000000000002e+00	2.355748e+00
4.100000000000001e+00	2.426291e+00
4.200000000000001e+00	2.496845e+00
4.300000000000001e+00	2.567408e+00
4.400000000000000e+00	2.637980e+00
4.500000000000000e+00	2.708561e+00
4.600000000000000e+00	2.779149e+00
4.699999999999999e+00	2.849744e+00
4.799999999999999e+00	2.920346e+00
4.899999999999999e+00	2.990953e+00
4.999999999999998e+00	3.061565e+00
5.099999999999998e+00	3.132183e+00
5.199999999999998e+00	3.202805e+00
5.299999999999997e+00	3.273431e+00
5.399999999999997e+00	3.344061e+00
5.499999999999996e+00	3.414695e+00
5.599999999999996e+00	3.485331e+00
5.699999999999996e+00	3.555970e+00
5.799999999999995e+00	3.626612e+00
5.899999999999995e+00	3.697257e+00
5.999999999999995e+00	3.767903e+00
6.099999999999994e+00	3.838551e+00
6.199999999999994e+00	3.909201e+00
6.299999999999994e+00	3.979853e+00
6.399999999999993e+00	4.050506e+00
6.499999999999993e+00	4.121160e+00
6.599999999999993e+00	4.191814e+00
6.699999999999992e+00	4.262470e+00
6.799999999999992e+00	4.333127e+00
6.899999999999991e+00	4.403784e+00
6.999999999999991e+00	4.474442e+00
7.099999999999991e+00	4.545098e+00
7.199999999999990e+00	4.615752e+00
7.299999999999990e+00	4.686393e+00
7.399999999999990e+00	4.756983e+00
7.499999999999989e+00	4.827387e+00
7.599999999999989e+00	4.897137e+00
7.699999999999989e+00	4.963488e+00
7.799999999999988e+00	5.007621e+00
7.899999999999988e+00	5.012446e+00
7.999999999999988e+00	5.013269e+00
8.099999999999987e+00	5.013431e+00
8.199999999999987e+00	5.013599e+00
8.299999999999986e+00	5.013760e+00
8.399999999999986e+00	5.013921e+00
8.499999999999986e+00	5.014081e+00
8.599999999999985e+00	5.014241e+00
8.699999999999985e+00	5.014401e+00
8.799999999999985e+00	5.014560e+00
8.899999999999984e+00	5.014719e+00
8.999999999999984e+00	5.014877e+00
9.099999999999984e+00	5.015034e+00
9.199999999999983e+00	5.015192e+00
9.299999999999983e+00	5.015348e+00
9.399999999999983e+00	5.015505e+00
9.499999999999982e+00	5.015661e+00
9.599999999999982e+00	5.015816e+00
9.699999999999982e+00	5.015971e+00
9.799999999999981e+00	5.016126e+00
9.899999999999981e+00	5.016280e+00
9.999999999999980e+00	5.016434e+00
1.009999999999998e+01	5.016588e+00
1.019999999999998e+01	5.016741e+00
1.029999999999998e+01	5.016893e+00
1.039999999999998e+01	5.017045e+00
1.049999999999998e+01	5.017197e+00
1.059999999999998e+01	5.017349e+00
1.069999999999998e+01	5.017499e+00
1.079999999999998e+01	5.017650e+00
1.089999999999998e+01	5.017800e+00
1.099999999999998e+01	5.017950e+00
1.109999999999998e+01	5.018100e+00
1.119999999999998e+01	5.018249e+00
1.129999999999998e+01	5.018397e+00
1.139999999999998e+01	5.018546e+00
1.149999999999998e+01	5.018693e+00
1.159999999999997e+01	5.018841e+00
1.169999999999997e+01	5.018988e+00
1.179999999999997e+01	5.019135e+00
1.189999999999997e+01	5.019281e+00
1.199999999999997e+01	5.019427e+00
1.209999999999997e+01	5.019573e+00
1.219999999999997e+01	5.019718e+00
1.229999999999997e+01	5.019863e+00
1.239999999999997e+01	5.020008e+00
1.249999999999997e+01	5.020152e+00
1.259999999999997e+01	5.020296e+00
1.269999999999997e+01	5.020440e+00
1.279999999999997e+01	5.020583e+00
1.289999999999997e+01	5.020725e+00
1.299999999999997e+01	5.020868e+00
1.309999999999997e+01	5.021010e+00
1.319999999999997e+01	5.021152e+00
1.329999999999997e+01	5.021293e+00
1.339999999999997e+01	5.021434e+00
1.349999999999997e+01	5.021575e+00
1.359999999999997e+01	5.021715e+00
1.369999999999997e+01	5.021855e+00
1.379999999999997e+01	5.021995e+00
1.389999999999997e+01	5.022135e+00
1.399999999999997e+01	5.022274e+00
1.409999999999997e+01	5.022412e+00
1.419999999999997e+01	5.022551e+00
1.429999999999997e+01	5.022689e+00
1.439999999999996e+01	5.022827e+00
1.449999999999996e+01	5.022964e+00
1.459999999999996e+01	5.023101e+00
1.469999999999996e+01	5.023238e+00
1.479999999999996e+01	5.023375e+00
1.489999999999996e+01	5.023511e+00
1.499999999999996e+01	5.023647e+00
1.509999999999996e+01	5.023782e+00
1.519999999999996e+01	5.023918e+00
1.529999999999996e+01	5.024053e+00
1.539999999999996e+01	5.024187e+00
1.549999999999996e+01	5.024322e+00
1.559999999999996e+01	5.024456e+00
1.569999999999996e+01	5.024590e+00
1.579999999999996e+01	5.024723e+00
1.589999999999996e+01	5.024856e+00
1.599999999999996e+01	5.024989e+00
1.609999999999996e+01	5.025121e+00
1.619999999999996e+01	5.025254e+00
1.629999999999996e+01	5.025385e+00
1.639999999999996e+01	5.025517e+00
1.649999999999996e+01	5.025649e+00
1.659999999999997e+01	5.025780e+00
1.669999999999997e+01	5.025910e+00
1.679999999999997e+01	5.026041e+00
1.689999999999997e+01	5.026171e+00
1.699999999999997e+01	5.026301e+00
1.709999999999997e+01	5.026431e+00
1.719999999999997e+01	5.026560e+00
1.729999999999998e+01	5.026690e+00
1.739999999999998e+01	5.026818e+00
1.749999999999998e+01	5.026947e+00
1.759999999999998e+01	5.027075e+00
1.769999999999998e+01	5.027203e+00
1.779999999999998e+01	5.027331e+00
1.789999999999998e+01	5.027458e+00
1.799999999999999e+01	5.027586e+00
1.809999999999999e+01	5.027712e+00
1.819999999999999e+01	5.027839e+00
1.829999999999999e+01	5.027966e+00
1.839999999999999e+01	5.028092e+00
1.849999999999999e+01	5.028218e+00
1.859999999999999e+01	5.028343e+00
1.870000000000000e+01	5.028469e+00
1.880000000000000e+01	5.028594e+00
1.890000000000000e+01	5.028718e+00
1.900000000000000e+01	5.028843e+00
1.910000000000000e+01	5.028967e+00
1.920000000000000e+01	5.029092e+00
1.930000000000000e+01	5.029215e+00
1.940000000000001e+01	5.029339e+00
1.950000000000001e+01	5.029462e+00
1.960000000000001e+01	5.029585e+00
1.970000000000001e+01	5.029708e+00
1.980000000000001e+01	5.029831e+00
1.990000000000001e+01	5.029953e+00
2.000000000000001e+01	5.030075e+00
2.010000000000002e+01	5.030197e+00
2.020000000000002e+01	5.030319e+00
2.030000000000002e+01	5.030440e+00
2.040000000000002e+01	5.030561e+00
2.050000000000002e+01	5.030682e+00
2.060000000000002e+01	5.030803e+00
2.070000000000002e+01	5.030923e+00
2.080000000000003e+01	5.031043e+00
2.090000000000003e+01	5.031163e+00
2.100000000000003e+01	5.031283e+00
2.110000000000003e+01	5.031402e+00
2.120000000000003e+01	5.031521e+00
2.130000000000003e+01	5.031641e+00
2.140000000000003e+01	5.031759e+00
2.150000000000004e+01	5.031878e+00
2.160000000000004e+01	5.031996e+00
2.170000000000004e+01	5.032114e+00
2.180000000000004e+01	5.032232e+00
2.190000000000004e+01	5.032350e+00
2.200000000000004e+01	5.032467e+00
2.210000000000004e+01	5.032584e+00
2.220000000000005e+01	5.032701e+00
2.230000000000005e+01	5.032818e+00
2.240000000000005e+01	5.032935e+00
2.250000000000005e+01	5.033051e+00
2.260000000000005e+01	5.033167e+00
2.270000000000005e+01	5.033283e+00
2.280000000000005e+01	5.033398e+00
2.290000000000006e+01	5.033514e+00
2.300000000000006e+01	5.033629e+00
2.310000000000006e+01	5.033744e+00
2.320000000000006e+01	5.033859e+00
2.330000000000006e+01	5.033973e+00
2.340000000000006e+01	5.034088e+00
2.350000000000006e+01	5.034202e+00
2.360000000000007e+01	5.034316e+00
2.370000000000007e+01	5.034430e+00
2.380000000000007e+01	5.034543e+00
2.390000000000007e+01	5.034656e+00
2.400000000000000e+01	5.034770e+00
