rl	V(vo)
1.000000000000000e-01	9.094648e-01
2.000000000000000e-01	1.791463e+00
3.000000000000000e-01	2.647342e+00
4.000000000000000e-01	3.478354e+00
5.000000000000000e-01	4.285655e+00
6.000000000000000e-01	4.854890e+00
7.000000000000000e-01	4.928784e+00
7.999999999999999e-01	4.956480e+00
8.999999999999999e-01	4.972094e+00
9.999999999999999e-01	4.982149e+00
1.100000000000000e+00	4.989127e+00
1.200000000000000e+00	4.994221e+00
1.300000000000000e+00	4.998073e+00
1.400000000000000e+00	5.001116e+00
1.500000000000000e+00	5.003474e+00
1.600000000000000e+00	5.005416e+00
1.700000000000000e+00	5.007020e+00
1.800000000000000e+00	5.008361e+00
1.900000000000001e+00	5.009497e+00
2.000000000000000e+00	5.010475e+00
2.100000000000001e+00	5.011391e+00
2.200000000000001e+00	5.012035e+00
2.300000000000001e+00	5.012771e+00
2.400000000000001e+00	5.013248e+00
2.500000000000001e+00	5.013741e+00
2.600000000000001e+00	5.014288e+00
2.700000000000001e+00	5.014587e+00
2.800000000000001e+00	5.014948e+00
2.900000000000001e+00	5.015275e+00
3.000000000000001e+00	5.015573e+00
3.100000000000001e+00	5.015849e+00
3.200000000000002e+00	5.016096e+00
3.300000000000002e+00	5.016319e+00
3.400000000000002e+00	5.016529e+00
3.500000000000002e+00	5.016722e+00
3.600000000000002e+00	5.016901e+00
3.700000000000002e+00	5.017067e+00
3.800000000000002e+00	5.017221e+00
3.900000000000002e+00	5.017339e+00
4.000000000000002e+00	5.017476e+00
4.100000000000001e+00	5.017607e+00
4.200000000000001e+00	5.017731e+00
4.300000000000001e+00	5.017977e+00
4.400000000000000e+00	5.017947e+00
4.500000000000000e+00	5.018056e+00
4.600000000000000e+00	5.018150e+00
4.699999999999999e+00	5.018227e+00
4.799999999999999e+00	5.018319e+00
4.899999999999999e+00	5.018397e+00
4.999999999999998e+00	5.018388e+00
5.099999999999998e+00	5.018542e+00
5.199999999999998e+00	5.018609e+00
5.299999999999997e+00	5.018673e+00
5.399999999999997e+00	5.018734e+00
5.499999999999996e+00	5.018792e+00
5.599999999999996e+00	5.018847e+00
5.699999999999996e+00	5.018900e+00
5.799999999999995e+00	5.018951e+00
5.899999999999995e+00	5.018999e+00
5.999999999999995e+00	5.019045e+00
6.099999999999994e+00	5.019090e+00
6.199999999999994e+00	5.019133e+00
6.299999999999994e+00	5.019174e+00
6.399999999999993e+00	5.019232e+00
6.499999999999993e+00	5.019381e+00
6.599999999999993e+00	5.019288e+00
6.699999999999992e+00	5.019330e+00
6.799999999999992e+00	5.019454e+00
6.899999999999991e+00	5.019391e+00
6.999999999999991e+00	5.019421e+00
7.099999999999991e+00	5.019452e+00
7.199999999999990e+00	5.019590e+00
7.299999999999990e+00	5.019508e+00
7.399999999999990e+00	5.019536e+00
7.499999999999989e+00	5.019562e+00
7.599999999999989e+00	5.019588e+00
7.699999999999989e+00	5.019613e+00
7.799999999999988e+00	5.019637e+00
7.899999999999988e+00	5.019677e+00
7.999999999999988e+00	5.019684e+00
8.099999999999987e+00	5.019705e+00
8.199999999999987e+00	5.019726e+00
8.299999999999986e+00	5.019747e+00
8.399999999999986e+00	5.019767e+00
8.499999999999986e+00	5.019777e+00
8.599999999999985e+00	5.019839e+00
8.699999999999985e+00	5.019824e+00
8.799999999999985e+00	5.019842e+00
8.899999999999984e+00	5.019859e+00
8.999999999999984e+00	5.019876e+00
9.099999999999984e+00	5.019893e+00
9.199999999999983e+00	5.019909e+00
9.299999999999983e+00	5.019925e+00
9.399999999999983e+00	5.019940e+00
9.499999999999982e+00	5.019955e+00
9.599999999999982e+00	5.019969e+00
9.699999999999982e+00	5.019984e+00
9.799999999999981e+00	5.019998e+00
9.899999999999981e+00	5.020050e+00
9.999999999999980e+00	5.020024e+00
1.009999999999998e+01	5.020037e+00
1.019999999999998e+01	5.020050e+00
1.029999999999998e+01	5.020062e+00
1.039999999999998e+01	5.020074e+00
1.049999999999998e+01	5.020086e+00
1.059999999999998e+01	5.020098e+00
1.069999999999998e+01	5.020109e+00
1.079999999999998e+01	5.020120e+00
1.089999999999998e+01	5.020132e+00
1.099999999999998e+01	5.020158e+00
1.109999999999998e+01	5.020152e+00
1.119999999999998e+01	5.020162e+00
1.129999999999998e+01	5.020172e+00
1.139999999999998e+01	5.020181e+00
1.149999999999998e+01	5.020191e+00
1.159999999999997e+01	5.020200e+00
1.169999999999997e+01	5.020210e+00
1.179999999999997e+01	5.020324e+00
1.189999999999997e+01	5.020242e+00
1.199999999999997e+01	5.020284e+00
1.209999999999997e+01	5.020244e+00
1.219999999999997e+01	5.020291e+00
1.229999999999997e+01	5.020266e+00
1.239999999999997e+01	5.020271e+00
1.249999999999997e+01	5.020277e+00
1.259999999999997e+01	5.020284e+00
1.269999999999997e+01	5.020292e+00
1.279999999999997e+01	5.020299e+00
1.289999999999997e+01	5.020306e+00
1.299999999999997e+01	5.020313e+00
1.309999999999997e+01	5.020320e+00
1.319999999999997e+01	5.020328e+00
1.329999999999997e+01	5.020333e+00
1.339999999999997e+01	5.020341e+00
1.349999999999997e+01	5.020348e+00
1.359999999999997e+01	5.020354e+00
1.369999999999997e+01	5.020360e+00
1.379999999999997e+01	5.020371e+00
1.389999999999997e+01	5.020381e+00
1.399999999999997e+01	5.020379e+00
1.409999999999997e+01	5.020387e+00
1.419999999999997e+01	5.020391e+00
1.429999999999997e+01	5.020488e+00
1.439999999999996e+01	5.020405e+00
1.449999999999996e+01	5.020408e+00
1.459999999999996e+01	5.020419e+00
1.469999999999996e+01	5.020463e+00
1.479999999999996e+01	5.020424e+00
1.489999999999996e+01	5.020537e+00
1.499999999999996e+01	5.020434e+00
1.509999999999996e+01	5.020440e+00
1.519999999999996e+01	5.020476e+00
1.529999999999996e+01	5.020450e+00
1.539999999999996e+01	5.020455e+00
1.549999999999996e+01	5.020698e+00
1.559999999999996e+01	5.020464e+00
1.569999999999996e+01	5.020471e+00
1.579999999999996e+01	5.020476e+00
1.589999999999996e+01	5.020668e+00
1.599999999999996e+01	5.020483e+00
1.609999999999996e+01	5.020452e+00
1.619999999999996e+01	5.020491e+00
1.629999999999996e+01	5.020483e+00
1.639999999999996e+01	5.020445e+00
1.649999999999996e+01	5.020439e+00
1.659999999999997e+01	5.020516e+00
1.669999999999997e+01	5.020512e+00
1.679999999999997e+01	5.020526e+00
1.689999999999997e+01	5.020534e+00
1.699999999999997e+01	5.020524e+00
1.709999999999997e+01	5.020528e+00
1.719999999999997e+01	5.020532e+00
1.729999999999998e+01	5.020535e+00
1.739999999999998e+01	5.020539e+00
1.749999999999998e+01	5.020543e+00
1.759999999999998e+01	5.020547e+00
1.769999999999998e+01	5.020550e+00
1.779999999999998e+01	5.020554e+00
1.789999999999998e+01	5.020557e+00
1.799999999999999e+01	5.020561e+00
1.809999999999999e+01	5.020564e+00
1.819999999999999e+01	5.020627e+00
1.829999999999999e+01	5.020571e+00
1.839999999999999e+01	5.020574e+00
1.849999999999999e+01	5.020577e+00
1.859999999999999e+01	5.020581e+00
1.870000000000000e+01	5.020584e+00
1.880000000000000e+01	5.020587e+00
1.890000000000000e+01	5.020594e+00
1.900000000000000e+01	5.020593e+00
1.910000000000000e+01	5.020597e+00
1.920000000000000e+01	5.020777e+00
1.930000000000000e+01	5.020602e+00
1.940000000000001e+01	5.020606e+00
1.950000000000001e+01	5.020629e+00
1.960000000000001e+01	5.020624e+00
1.970000000000001e+01	5.020616e+00
1.980000000000001e+01	5.020623e+00
1.990000000000001e+01	5.020619e+00
2.000000000000001e+01	5.020622e+00
2.010000000000002e+01	5.020625e+00
2.020000000000002e+01	5.020590e+00
2.030000000000002e+01	5.020640e+00
2.040000000000002e+01	5.020640e+00
2.050000000000002e+01	5.020647e+00
2.060000000000002e+01	5.020578e+00
2.070000000000002e+01	5.020641e+00
2.080000000000003e+01	5.020643e+00
2.090000000000003e+01	5.020646e+00
2.100000000000003e+01	5.020648e+00
2.110000000000003e+01	5.020651e+00
2.120000000000003e+01	5.020659e+00
2.130000000000003e+01	5.020656e+00
2.140000000000003e+01	5.020658e+00
2.150000000000004e+01	5.020660e+00
2.160000000000004e+01	5.020663e+00
2.170000000000004e+01	5.020665e+00
2.180000000000004e+01	5.020607e+00
2.190000000000004e+01	5.020671e+00
2.200000000000004e+01	5.020611e+00
2.210000000000004e+01	5.020672e+00
2.220000000000005e+01	5.020677e+00
2.230000000000005e+01	5.020679e+00
2.240000000000005e+01	5.020683e+00
2.250000000000005e+01	5.020683e+00
2.260000000000005e+01	5.020685e+00
2.270000000000005e+01	5.020901e+00
2.280000000000005e+01	5.020703e+00
2.290000000000006e+01	5.020728e+00
2.300000000000006e+01	5.020694e+00
2.310000000000006e+01	5.020699e+00
2.320000000000006e+01	5.020698e+00
2.330000000000006e+01	5.020700e+00
2.340000000000006e+01	5.020709e+00
2.350000000000006e+01	5.020703e+00
2.360000000000007e+01	5.020705e+00
2.370000000000007e+01	5.020707e+00
2.380000000000007e+01	5.020709e+00
2.390000000000007e+01	5.020712e+00
2.400000000000007e+01	5.020713e+00
2.410000000000007e+01	5.020715e+00
2.420000000000007e+01	5.020717e+00
2.430000000000008e+01	5.020719e+00
2.440000000000008e+01	5.020720e+00
2.450000000000008e+01	5.020730e+00
2.460000000000008e+01	5.020714e+00
2.470000000000008e+01	5.020726e+00
2.480000000000008e+01	5.020727e+00
2.490000000000008e+01	5.020729e+00
2.500000000000009e+01	5.020730e+00
2.510000000000009e+01	5.020769e+00
2.520000000000009e+01	5.020734e+00
2.530000000000009e+01	5.020736e+00
2.540000000000009e+01	5.020750e+00
2.550000000000009e+01	5.020739e+00
2.560000000000009e+01	5.020741e+00
2.570000000000010e+01	5.020742e+00
2.580000000000010e+01	5.020744e+00
2.590000000000010e+01	5.020746e+00
2.600000000000010e+01	5.020747e+00
2.610000000000010e+01	5.020818e+00
2.620000000000010e+01	5.020751e+00
2.630000000000010e+01	5.020752e+00
2.640000000000011e+01	5.020748e+00
2.650000000000011e+01	5.020753e+00
2.660000000000011e+01	5.020778e+00
2.670000000000011e+01	5.020846e+00
2.680000000000011e+01	5.020817e+00
2.690000000000011e+01	5.020761e+00
2.700000000000011e+01	5.020762e+00
2.710000000000012e+01	5.020765e+00
2.720000000000012e+01	5.020768e+00
2.730000000000012e+01	5.020801e+00
2.740000000000012e+01	5.020768e+00
2.750000000000012e+01	5.020770e+00
2.760000000000012e+01	5.020771e+00
2.770000000000012e+01	5.020772e+00
2.780000000000013e+01	5.020774e+00
2.790000000000013e+01	5.020775e+00
2.800000000000013e+01	5.020776e+00
2.810000000000013e+01	5.020799e+00
2.820000000000013e+01	5.020779e+00
2.830000000000013e+01	5.020781e+00
2.840000000000013e+01	5.020744e+00
2.850000000000014e+01	5.020790e+00
2.860000000000014e+01	5.020791e+00
2.870000000000014e+01	5.020793e+00
2.880000000000014e+01	5.020793e+00
2.890000000000014e+01	5.020794e+00
2.900000000000014e+01	5.020790e+00
2.910000000000014e+01	5.020791e+00
2.920000000000014e+01	5.020801e+00
2.930000000000015e+01	5.020793e+00
2.940000000000015e+01	5.020796e+00
2.950000000000015e+01	5.020799e+00
2.960000000000015e+01	5.020797e+00
2.970000000000015e+01	5.020828e+00
2.980000000000015e+01	5.020799e+00
2.990000000000015e+01	5.020801e+00
3.000000000000016e+01	5.020806e+00
3.010000000000016e+01	5.020920e+00
3.020000000000016e+01	5.020804e+00
3.030000000000016e+01	5.020866e+00
3.040000000000016e+01	5.020808e+00
3.050000000000016e+01	5.020811e+00
3.060000000000016e+01	5.020809e+00
3.070000000000017e+01	5.020844e+00
3.080000000000017e+01	5.020819e+00
3.090000000000017e+01	5.020842e+00
3.100000000000017e+01	5.020813e+00
3.110000000000017e+01	5.020814e+00
3.120000000000017e+01	5.020815e+00
3.130000000000017e+01	5.020816e+00
3.140000000000018e+01	5.020817e+00
3.150000000000018e+01	5.020813e+00
3.160000000000018e+01	5.020902e+00
3.170000000000018e+01	5.020846e+00
3.180000000000018e+01	5.020825e+00
3.190000000000018e+01	5.020833e+00
3.200000000000018e+01	5.020824e+00
3.210000000000019e+01	5.020828e+00
3.220000000000019e+01	5.020864e+00
3.230000000000019e+01	5.021042e+00
3.240000000000019e+01	5.020829e+00
3.250000000000019e+01	5.020829e+00
3.260000000000019e+01	5.020830e+00
3.270000000000019e+01	5.020837e+00
3.280000000000020e+01	5.020835e+00
3.290000000000020e+01	5.020837e+00
3.300000000000020e+01	5.020842e+00
3.310000000000020e+01	5.020835e+00
3.320000000000020e+01	5.020836e+00
3.330000000000020e+01	5.020837e+00
3.340000000000020e+01	5.020838e+00
3.350000000000021e+01	5.021084e+00
3.360000000000021e+01	5.020840e+00
3.370000000000021e+01	5.020833e+00
3.380000000000021e+01	5.020841e+00
3.390000000000021e+01	5.020843e+00
3.400000000000021e+01	5.020836e+00
3.410000000000021e+01	5.020844e+00
3.420000000000022e+01	5.020845e+00
3.430000000000022e+01	5.020848e+00
3.440000000000022e+01	5.020847e+00
3.450000000000022e+01	5.020838e+00
3.460000000000022e+01	5.020849e+00
3.470000000000022e+01	5.020850e+00
3.480000000000022e+01	5.020853e+00
3.490000000000023e+01	5.020854e+00
3.500000000000023e+01	5.020854e+00
3.510000000000023e+01	5.020854e+00
3.520000000000023e+01	5.020854e+00
3.530000000000023e+01	5.020855e+00
3.540000000000023e+01	5.020855e+00
3.550000000000023e+01	5.020856e+00
3.560000000000024e+01	5.020950e+00
3.570000000000024e+01	5.020858e+00
3.580000000000024e+01	5.020871e+00
3.590000000000024e+01	5.020860e+00
3.600000000000024e+01	5.020861e+00
3.610000000000024e+01	5.020867e+00
3.620000000000024e+01	5.020873e+00
3.630000000000025e+01	5.021109e+00
3.640000000000025e+01	5.020864e+00
3.650000000000025e+01	5.020923e+00
3.660000000000025e+01	5.020865e+00
3.670000000000025e+01	5.020866e+00
3.680000000000025e+01	5.020867e+00
3.690000000000025e+01	5.020868e+00
3.700000000000026e+01	5.020868e+00
3.710000000000026e+01	5.020903e+00
3.720000000000026e+01	5.020870e+00
3.730000000000026e+01	5.020871e+00
3.740000000000026e+01	5.020872e+00
3.750000000000026e+01	5.020872e+00
3.760000000000026e+01	5.020873e+00
3.770000000000027e+01	5.020874e+00
3.780000000000027e+01	5.020875e+00
3.790000000000027e+01	5.020875e+00
3.800000000000027e+01	5.020876e+00
3.810000000000027e+01	5.020877e+00
3.820000000000027e+01	5.020877e+00
3.830000000000027e+01	5.020868e+00
3.840000000000028e+01	5.020879e+00
3.850000000000028e+01	5.020880e+00
3.860000000000028e+01	5.020880e+00
3.870000000000028e+01	5.020881e+00
3.880000000000028e+01	5.020863e+00
3.890000000000028e+01	5.020865e+00
3.900000000000028e+01	5.020880e+00
3.910000000000029e+01	5.020860e+00
3.920000000000029e+01	5.020860e+00
3.930000000000029e+01	5.020854e+00
3.940000000000029e+01	5.020940e+00
3.950000000000029e+01	5.020887e+00
3.960000000000029e+01	5.020887e+00
3.970000000000029e+01	5.020888e+00
3.980000000000030e+01	5.020889e+00
3.990000000000030e+01	5.020889e+00
4.000000000000030e+01	5.020890e+00
4.010000000000030e+01	5.020891e+00
4.020000000000030e+01	5.020972e+00
4.030000000000030e+01	5.021141e+00
4.040000000000030e+01	5.020893e+00
4.050000000000031e+01	5.020897e+00
4.060000000000031e+01	5.020894e+00
4.070000000000031e+01	5.021013e+00
4.080000000000031e+01	5.020895e+00
4.090000000000031e+01	5.020896e+00
4.100000000000031e+01	5.020902e+00
4.110000000000031e+01	5.020901e+00
4.120000000000032e+01	5.021099e+00
4.130000000000032e+01	5.020898e+00
4.140000000000032e+01	5.020899e+00
4.150000000000032e+01	5.020889e+00
4.160000000000032e+01	5.020894e+00
4.170000000000032e+01	5.020903e+00
4.180000000000032e+01	5.020902e+00
4.190000000000033e+01	5.020936e+00
4.200000000000033e+01	5.020903e+00
4.210000000000033e+01	5.020904e+00
4.220000000000033e+01	5.020904e+00
4.230000000000033e+01	5.020905e+00
4.240000000000033e+01	5.020911e+00
4.250000000000033e+01	5.020906e+00
4.260000000000034e+01	5.020906e+00
4.270000000000034e+01	5.020907e+00
4.280000000000034e+01	5.020909e+00
4.290000000000034e+01	5.020908e+00
4.300000000000034e+01	5.020909e+00
4.310000000000034e+01	5.020911e+00
4.320000000000034e+01	5.020910e+00
4.330000000000035e+01	5.020901e+00
4.340000000000035e+01	5.020912e+00
4.350000000000035e+01	5.020912e+00
4.360000000000035e+01	5.020912e+00
4.370000000000035e+01	5.020913e+00
4.380000000000035e+01	5.020913e+00
4.390000000000035e+01	5.021048e+00
4.400000000000036e+01	5.020915e+00
4.410000000000036e+01	5.020915e+00
4.420000000000036e+01	5.020923e+00
4.430000000000036e+01	5.020919e+00
4.440000000000036e+01	5.020908e+00
4.450000000000036e+01	5.020917e+00
4.460000000000036e+01	5.020917e+00
4.470000000000037e+01	5.020918e+00
4.480000000000037e+01	5.020919e+00
4.490000000000037e+01	5.020919e+00
4.500000000000037e+01	5.020920e+00
4.510000000000037e+01	5.020920e+00
4.520000000000037e+01	5.020912e+00
4.530000000000037e+01	5.020890e+00
4.540000000000038e+01	5.020926e+00
4.550000000000038e+01	5.020928e+00
4.560000000000038e+01	5.020924e+00
4.570000000000038e+01	5.020925e+00
4.580000000000038e+01	5.020927e+00
4.590000000000038e+01	5.020928e+00
4.600000000000038e+01	5.020929e+00
4.610000000000039e+01	5.020926e+00
4.620000000000039e+01	5.020926e+00
4.630000000000039e+01	5.020926e+00
4.640000000000039e+01	5.020928e+00
4.650000000000039e+01	5.020931e+00
4.660000000000039e+01	5.021016e+00
4.670000000000039e+01	5.020928e+00
4.680000000000040e+01	5.020929e+00
4.690000000000040e+01	5.020932e+00
4.700000000000040e+01	5.020934e+00
4.710000000000040e+01	5.020930e+00
4.720000000000040e+01	5.020931e+00
4.730000000000040e+01	5.020931e+00
4.740000000000040e+01	5.020932e+00
4.750000000000041e+01	5.020932e+00
4.760000000000041e+01	5.020933e+00
4.770000000000041e+01	5.020933e+00
4.780000000000041e+01	5.020934e+00
4.790000000000041e+01	5.020934e+00
4.800000000000041e+01	5.020935e+00
4.810000000000041e+01	5.020935e+00
4.820000000000041e+01	5.020936e+00
4.830000000000042e+01	5.020936e+00
4.840000000000042e+01	5.020936e+00
4.850000000000042e+01	5.020937e+00
4.860000000000042e+01	5.020937e+00
4.870000000000042e+01	5.020938e+00
4.880000000000042e+01	5.020938e+00
4.890000000000042e+01	5.020939e+00
4.900000000000043e+01	5.020939e+00
4.910000000000043e+01	5.020940e+00
4.920000000000043e+01	5.020940e+00
4.930000000000043e+01	5.020941e+00
4.940000000000043e+01	5.020941e+00
4.950000000000043e+01	5.020942e+00
4.960000000000043e+01	5.020942e+00
4.970000000000044e+01	5.020943e+00
4.980000000000044e+01	5.020943e+00
4.990000000000044e+01	5.020943e+00
5.000000000000000e+01	5.020944e+00
